,acc_phone_x,acc_phone_y,acc_phone_z,gyr_phone_x,gyr_phone_y,gyr_phone_z,labelWalking,labelSitting,labelRunning,labelOnthetable,labelCycling,light_phone_lux,mag_phone_x,mag_phone_y,mag_phone_z,acc_phone_x_mixture,pca_1,pca_2,pca_3,pca_4,pca_5,pca_6,pca_7,acc_phone_x_temp_mean_ws_120,acc_phone_y_temp_mean_ws_120,acc_phone_z_temp_mean_ws_120,gyr_phone_x_temp_mean_ws_120,gyr_phone_y_temp_mean_ws_120,gyr_phone_z_temp_mean_ws_120,light_phone_lux_temp_mean_ws_120,mag_phone_x_temp_mean_ws_120,mag_phone_y_temp_mean_ws_120,mag_phone_z_temp_mean_ws_120,acc_phone_x_mixture_temp_mean_ws_120,pca_1_temp_mean_ws_120,pca_2_temp_mean_ws_120,pca_3_temp_mean_ws_120,pca_4_temp_mean_ws_120,pca_5_temp_mean_ws_120,pca_6_temp_mean_ws_120,pca_7_temp_mean_ws_120,acc_phone_x_temp_std_ws_120,acc_phone_y_temp_std_ws_120,acc_phone_z_temp_std_ws_120,gyr_phone_x_temp_std_ws_120,gyr_phone_y_temp_std_ws_120,gyr_phone_z_temp_std_ws_120,light_phone_lux_temp_std_ws_120,mag_phone_x_temp_std_ws_120,mag_phone_y_temp_std_ws_120,mag_phone_z_temp_std_ws_120,acc_phone_x_mixture_temp_std_ws_120,pca_1_temp_std_ws_120,pca_2_temp_std_ws_120,pca_3_temp_std_ws_120,pca_4_temp_std_ws_120,pca_5_temp_std_ws_120,pca_6_temp_std_ws_120,pca_7_temp_std_ws_120,temp_pattern_labelWalking,temp_pattern_labelSitting,temp_pattern_labelRunning,temp_pattern_labelOnthetable,temp_pattern_labelCycling,temp_pattern_labelWalking(b)labelWalking,temp_pattern_labelWalking(b)labelSitting,temp_pattern_labelSitting(b)labelSitting,temp_pattern_labelSitting(b)labelRunning,temp_pattern_labelRunning(b)labelRunning,temp_pattern_labelRunning(b)labelOnthetable,temp_pattern_labelOnthetable(b)labelOnthetable,temp_pattern_labelOnthetable(b)labelCycling,temp_pattern_labelCycling(b)labelCycling,acc_phone_x_pse,acc_phone_x_freq_weighted,acc_phone_x_max_freq,acc_phone_x_freq_0.0_Hz_ws_40,acc_phone_x_freq_0.1_Hz_ws_40,acc_phone_x_freq_0.2_Hz_ws_40,acc_phone_x_freq_0.3_Hz_ws_40,acc_phone_x_freq_0.4_Hz_ws_40,acc_phone_x_freq_0.5_Hz_ws_40,acc_phone_x_freq_0.6_Hz_ws_40,acc_phone_x_freq_0.7_Hz_ws_40,acc_phone_x_freq_0.8_Hz_ws_40,acc_phone_x_freq_0.9_Hz_ws_40,acc_phone_x_freq_1.0_Hz_ws_40,acc_phone_x_freq_1.1_Hz_ws_40,acc_phone_x_freq_1.2_Hz_ws_40,acc_phone_x_freq_1.3_Hz_ws_40,acc_phone_x_freq_1.4_Hz_ws_40,acc_phone_x_freq_1.5_Hz_ws_40,acc_phone_x_freq_1.6_Hz_ws_40,acc_phone_x_freq_1.7_Hz_ws_40,acc_phone_x_freq_1.8_Hz_ws_40,acc_phone_x_freq_1.9_Hz_ws_40,acc_phone_x_freq_2.0_Hz_ws_40,acc_phone_y_pse,acc_phone_y_freq_weighted,acc_phone_y_max_freq,acc_phone_y_freq_0.0_Hz_ws_40,acc_phone_y_freq_0.1_Hz_ws_40,acc_phone_y_freq_0.2_Hz_ws_40,acc_phone_y_freq_0.3_Hz_ws_40,acc_phone_y_freq_0.4_Hz_ws_40,acc_phone_y_freq_0.5_Hz_ws_40,acc_phone_y_freq_0.6_Hz_ws_40,acc_phone_y_freq_0.7_Hz_ws_40,acc_phone_y_freq_0.8_Hz_ws_40,acc_phone_y_freq_0.9_Hz_ws_40,acc_phone_y_freq_1.0_Hz_ws_40,acc_phone_y_freq_1.1_Hz_ws_40,acc_phone_y_freq_1.2_Hz_ws_40,acc_phone_y_freq_1.3_Hz_ws_40,acc_phone_y_freq_1.4_Hz_ws_40,acc_phone_y_freq_1.5_Hz_ws_40,acc_phone_y_freq_1.6_Hz_ws_40,acc_phone_y_freq_1.7_Hz_ws_40,acc_phone_y_freq_1.8_Hz_ws_40,acc_phone_y_freq_1.9_Hz_ws_40,acc_phone_y_freq_2.0_Hz_ws_40,acc_phone_z_pse,acc_phone_z_freq_weighted,acc_phone_z_max_freq,acc_phone_z_freq_0.0_Hz_ws_40,acc_phone_z_freq_0.1_Hz_ws_40,acc_phone_z_freq_0.2_Hz_ws_40,acc_phone_z_freq_0.3_Hz_ws_40,acc_phone_z_freq_0.4_Hz_ws_40,acc_phone_z_freq_0.5_Hz_ws_40,acc_phone_z_freq_0.6_Hz_ws_40,acc_phone_z_freq_0.7_Hz_ws_40,acc_phone_z_freq_0.8_Hz_ws_40,acc_phone_z_freq_0.9_Hz_ws_40,acc_phone_z_freq_1.0_Hz_ws_40,acc_phone_z_freq_1.1_Hz_ws_40,acc_phone_z_freq_1.2_Hz_ws_40,acc_phone_z_freq_1.3_Hz_ws_40,acc_phone_z_freq_1.4_Hz_ws_40,acc_phone_z_freq_1.5_Hz_ws_40,acc_phone_z_freq_1.6_Hz_ws_40,acc_phone_z_freq_1.7_Hz_ws_40,acc_phone_z_freq_1.8_Hz_ws_40,acc_phone_z_freq_1.9_Hz_ws_40,acc_phone_z_freq_2.0_Hz_ws_40,gyr_phone_x_pse,gyr_phone_x_freq_weighted,gyr_phone_x_max_freq,gyr_phone_x_freq_0.0_Hz_ws_40,gyr_phone_x_freq_0.1_Hz_ws_40,gyr_phone_x_freq_0.2_Hz_ws_40,gyr_phone_x_freq_0.3_Hz_ws_40,gyr_phone_x_freq_0.4_Hz_ws_40,gyr_phone_x_freq_0.5_Hz_ws_40,gyr_phone_x_freq_0.6_Hz_ws_40,gyr_phone_x_freq_0.7_Hz_ws_40,gyr_phone_x_freq_0.8_Hz_ws_40,gyr_phone_x_freq_0.9_Hz_ws_40,gyr_phone_x_freq_1.0_Hz_ws_40,gyr_phone_x_freq_1.1_Hz_ws_40,gyr_phone_x_freq_1.2_Hz_ws_40,gyr_phone_x_freq_1.3_Hz_ws_40,gyr_phone_x_freq_1.4_Hz_ws_40,gyr_phone_x_freq_1.5_Hz_ws_40,gyr_phone_x_freq_1.6_Hz_ws_40,gyr_phone_x_freq_1.7_Hz_ws_40,gyr_phone_x_freq_1.8_Hz_ws_40,gyr_phone_x_freq_1.9_Hz_ws_40,gyr_phone_x_freq_2.0_Hz_ws_40,gyr_phone_y_pse,gyr_phone_y_freq_weighted,gyr_phone_y_max_freq,gyr_phone_y_freq_0.0_Hz_ws_40,gyr_phone_y_freq_0.1_Hz_ws_40,gyr_phone_y_freq_0.2_Hz_ws_40,gyr_phone_y_freq_0.3_Hz_ws_40,gyr_phone_y_freq_0.4_Hz_ws_40,gyr_phone_y_freq_0.5_Hz_ws_40,gyr_phone_y_freq_0.6_Hz_ws_40,gyr_phone_y_freq_0.7_Hz_ws_40,gyr_phone_y_freq_0.8_Hz_ws_40,gyr_phone_y_freq_0.9_Hz_ws_40,gyr_phone_y_freq_1.0_Hz_ws_40,gyr_phone_y_freq_1.1_Hz_ws_40,gyr_phone_y_freq_1.2_Hz_ws_40,gyr_phone_y_freq_1.3_Hz_ws_40,gyr_phone_y_freq_1.4_Hz_ws_40,gyr_phone_y_freq_1.5_Hz_ws_40,gyr_phone_y_freq_1.6_Hz_ws_40,gyr_phone_y_freq_1.7_Hz_ws_40,gyr_phone_y_freq_1.8_Hz_ws_40,gyr_phone_y_freq_1.9_Hz_ws_40,gyr_phone_y_freq_2.0_Hz_ws_40,gyr_phone_z_pse,gyr_phone_z_freq_weighted,gyr_phone_z_max_freq,gyr_phone_z_freq_0.0_Hz_ws_40,gyr_phone_z_freq_0.1_Hz_ws_40,gyr_phone_z_freq_0.2_Hz_ws_40,gyr_phone_z_freq_0.3_Hz_ws_40,gyr_phone_z_freq_0.4_Hz_ws_40,gyr_phone_z_freq_0.5_Hz_ws_40,gyr_phone_z_freq_0.6_Hz_ws_40,gyr_phone_z_freq_0.7_Hz_ws_40,gyr_phone_z_freq_0.8_Hz_ws_40,gyr_phone_z_freq_0.9_Hz_ws_40,gyr_phone_z_freq_1.0_Hz_ws_40,gyr_phone_z_freq_1.1_Hz_ws_40,gyr_phone_z_freq_1.2_Hz_ws_40,gyr_phone_z_freq_1.3_Hz_ws_40,gyr_phone_z_freq_1.4_Hz_ws_40,gyr_phone_z_freq_1.5_Hz_ws_40,gyr_phone_z_freq_1.6_Hz_ws_40,gyr_phone_z_freq_1.7_Hz_ws_40,gyr_phone_z_freq_1.8_Hz_ws_40,gyr_phone_z_freq_1.9_Hz_ws_40,gyr_phone_z_freq_2.0_Hz_ws_40,mag_phone_x_pse,mag_phone_x_freq_weighted,mag_phone_x_max_freq,mag_phone_x_freq_0.0_Hz_ws_40,mag_phone_x_freq_0.1_Hz_ws_40,mag_phone_x_freq_0.2_Hz_ws_40,mag_phone_x_freq_0.3_Hz_ws_40,mag_phone_x_freq_0.4_Hz_ws_40,mag_phone_x_freq_0.5_Hz_ws_40,mag_phone_x_freq_0.6_Hz_ws_40,mag_phone_x_freq_0.7_Hz_ws_40,mag_phone_x_freq_0.8_Hz_ws_40,mag_phone_x_freq_0.9_Hz_ws_40,mag_phone_x_freq_1.0_Hz_ws_40,mag_phone_x_freq_1.1_Hz_ws_40,mag_phone_x_freq_1.2_Hz_ws_40,mag_phone_x_freq_1.3_Hz_ws_40,mag_phone_x_freq_1.4_Hz_ws_40,mag_phone_x_freq_1.5_Hz_ws_40,mag_phone_x_freq_1.6_Hz_ws_40,mag_phone_x_freq_1.7_Hz_ws_40,mag_phone_x_freq_1.8_Hz_ws_40,mag_phone_x_freq_1.9_Hz_ws_40,mag_phone_x_freq_2.0_Hz_ws_40,mag_phone_y_pse,mag_phone_y_freq_weighted,mag_phone_y_max_freq,mag_phone_y_freq_0.0_Hz_ws_40,mag_phone_y_freq_0.1_Hz_ws_40,mag_phone_y_freq_0.2_Hz_ws_40,mag_phone_y_freq_0.3_Hz_ws_40,mag_phone_y_freq_0.4_Hz_ws_40,mag_phone_y_freq_0.5_Hz_ws_40,mag_phone_y_freq_0.6_Hz_ws_40,mag_phone_y_freq_0.7_Hz_ws_40,mag_phone_y_freq_0.8_Hz_ws_40,mag_phone_y_freq_0.9_Hz_ws_40,mag_phone_y_freq_1.0_Hz_ws_40,mag_phone_y_freq_1.1_Hz_ws_40,mag_phone_y_freq_1.2_Hz_ws_40,mag_phone_y_freq_1.3_Hz_ws_40,mag_phone_y_freq_1.4_Hz_ws_40,mag_phone_y_freq_1.5_Hz_ws_40,mag_phone_y_freq_1.6_Hz_ws_40,mag_phone_y_freq_1.7_Hz_ws_40,mag_phone_y_freq_1.8_Hz_ws_40,mag_phone_y_freq_1.9_Hz_ws_40,mag_phone_y_freq_2.0_Hz_ws_40,mag_phone_z_pse,mag_phone_z_freq_weighted,mag_phone_z_max_freq,mag_phone_z_freq_0.0_Hz_ws_40,mag_phone_z_freq_0.1_Hz_ws_40,mag_phone_z_freq_0.2_Hz_ws_40,mag_phone_z_freq_0.3_Hz_ws_40,mag_phone_z_freq_0.4_Hz_ws_40,mag_phone_z_freq_0.5_Hz_ws_40,mag_phone_z_freq_0.6_Hz_ws_40,mag_phone_z_freq_0.7_Hz_ws_40,mag_phone_z_freq_0.8_Hz_ws_40,mag_phone_z_freq_0.9_Hz_ws_40,mag_phone_z_freq_1.0_Hz_ws_40,mag_phone_z_freq_1.1_Hz_ws_40,mag_phone_z_freq_1.2_Hz_ws_40,mag_phone_z_freq_1.3_Hz_ws_40,mag_phone_z_freq_1.4_Hz_ws_40,mag_phone_z_freq_1.5_Hz_ws_40,mag_phone_z_freq_1.6_Hz_ws_40,mag_phone_z_freq_1.7_Hz_ws_40,mag_phone_z_freq_1.8_Hz_ws_40,mag_phone_z_freq_1.9_Hz_ws_40,mag_phone_z_freq_2.0_Hz_ws_40,cluster
2022-06-08 16:20:14.475446500,-0.4559233295649994,-0.2960283455586213,-0.14989037781453576,-0.15208614123294778,-0.3855498245932272,-0.060143351418933774,1,0,0,0,0,98.01,4.559749503020664,6.3402142616596375,-44.53341117890156,0.01993665302192868,0.025650681148003642,0.4807649407429532,-0.051518906237539824,-0.05180551225434271,-0.02460390468439817,-0.021874932648948152,-0.10385035714354192,,,,,,,,,,,,,,,,,,,,,,,,,,,,,,,,,,,,,1,0,0,0,0,0,0,0,0,0,0,0,0,0,,,,,,,,,,,,,,,,,,,,,,,,,,,,,,,,,,,,,,,,,,,,,,,,,,,,,,,,,,,,,,,,,,,,,,,,,,,,,,,,,,,,,,,,,,,,,,,,,,,,,,,,,,,,,,,,,,,,,,,,,,,,,,,,,,,,,,,,,,,,,,,,,,,,,,,,,,,,,,,,,,,,,,,,,,,,,,,,,,,,,,,,,,,,,,,,,,,,,,,,,,,,,,,,,,,,,,,,,3
2022-06-08 16:20:17.225446500,1.1508458572371836,-0.04582048310684335,1.4721119819924964,-0.01954270658673437,-0.2612265974372082,-0.5922699758247862,1,0,0,0,0,1.485,-14.035029465064435,39.36920273271805,-6.184184953843785,0.0006939107756559559,-0.2180279674459068,0.008371055249226197,0.033838187954201064,-0.09578489652524476,0.049911198822834665,0.011341545070668304,-0.04217168255003202,,,,,,,,,,,,,,,,,,,,,,,,,,,,,,,,,,,,,1,0,0,0,0,1,0,0,0,0,0,0,0,0,,,,,,,,,,,,,,,,,,,,,,,,,,,,,,,,,,,,,,,,,,,,,,,,,,,,,,,,,,,,,,,,,,,,,,,,,,,,,,,,,,,,,,,,,,,,,,,,,,,,,,,,,,,,,,,,,,,,,,,,,,,,,,,,,,,,,,,,,,,,,,,,,,,,,,,,,,,,,,,,,,,,,,,,,,,,,,,,,,,,,,,,,,,,,,,,,,,,,,,,,,,,,,,,,,,,,,,,,4
2022-06-08 16:20:19.975446500,-0.007363793979270922,-1.1406841819822031,0.09018624449938574,-0.7542486995943565,0.058334461863051724,-0.8466723619465747,1,0,0,0,0,0.3960000000000001,19.43151832375621,41.47576410382898,0.7459596979583367,0.004516244916715091,-0.2881273194334407,0.0235910991722685,-0.2602633902316132,0.08411631881861985,0.05703937699775202,-0.07234387901688616,-0.0392265737684899,,,,,,,,,,,,,,,,,,,,,,,,,,,,,,,,,,,,,1,0,0,0,0,1,0,0,0,0,0,0,0,0,,,,,,,,,,,,,,,,,,,,,,,,,,,,,,,,,,,,,,,,,,,,,,,,,,,,,,,,,,,,,,,,,,,,,,,,,,,,,,,,,,,,,,,,,,,,,,,,,,,,,,,,,,,,,,,,,,,,,,,,,,,,,,,,,,,,,,,,,,,,,,,,,,,,,,,,,,,,,,,,,,,,,,,,,,,,,,,,,,,,,,,,,,,,,,,,,,,,,,,,,,,,,,,,,,,,,,,,,0
2022-06-08 16:20:22.725446500,-1.933468143095392,0.2596878697546775,0.7110722764240752,-0.4385429396990759,-0.5099324511614208,-0.3242666003278136,1,0,0,0,0,0.0,13.343378207363589,43.77854267839956,7.3453682429678775,0.0005168089076493138,-0.2996286616632075,-0.054660200282342974,-0.17835849520530533,0.06620340476271942,-0.03844109108807125,-0.1448839432962615,-0.03656088603043108,,,,,,,,,,,,,,,,,,,,,,,,,,,,,,,,,,,,,1,0,0,0,0,1,0,0,0,0,0,0,0,0,,,,,,,,,,,,,,,,,,,,,,,,,,,,,,,,,,,,,,,,,,,,,,,,,,,,,,,,,,,,,,,,,,,,,,,,,,,,,,,,,,,,,,,,,,,,,,,,,,,,,,,,,,,,,,,,,,,,,,,,,,,,,,,,,,,,,,,,,,,,,,,,,,,,,,,,,,,,,,,,,,,,,,,,,,,,,,,,,,,,,,,,,,,,,,,,,,,,,,,,,,,,,,,,,,,,,,,,,0
2022-06-08 16:20:25.475446500,-0.8391037991932053,0.41160744453706816,-0.05091163092010196,0.7475747025745345,-0.17255553869769902,1.1830689149957545,1,0,0,0,0,0.0,11.80237441066279,45.53427941394548,8.228089341065392,0.0007502903598857788,-0.3047253463314456,-0.07140160243290886,-0.14458038635391726,0.0249158152858686,-0.22714874493289325,-0.018933761035659063,0.05482644902699383,,,,,,,,,,,,,,,,,,,,,,,,,,,,,,,,,,,,,1,0,0,0,0,1,0,0,0,0,0,0,0,0,2.1310557949928066,1.714483681276219,0.9,4.1046833507944775,2.3173635314299856,-2.9522501472644413,-6.083651705398292,-5.244405861121277,-2.5452480247677327,-0.5542805151489061,0.25992051357265433,0.8425897551353891,8.414152609004027,7.7742749573346845,-2.5103088496761643,-1.7302252705868153,3.8242979956751024,0.43922674068501133,1.02797624674561,2.2615325985637544,1.0899208769674191,0.7461447231237349,0.5965560779200558,0.5360032573308815,1.9839263404763172,1.7528896468285895,0.6,-12.020240875249515,1.5710903789572948,0.4925413114554855,-0.1085876234999611,3.1234526163315985,5.8553021100075195,6.1528742842732935,2.660269403264208,2.26032067255159,-5.014910980317247,-5.590252680986897,-0.7171492173249269,1.6667712121086986,0.4921882590813954,3.3187692109543225,5.836428906923727,-2.6237634112353576,-0.13923455251462544,0.23917835158896805,0.3775320091501963,0.4287117403032593,2.120313833995798,-0.41540055023593175,0.0,8.810842411746963,-3.450510899742365,-2.3392897148496785,1.4902667396249556,3.2100530544766297,3.6495114369273134,3.594592698014127,-1.3246940156464548,-3.1828494826998166,-7.645030888977367,-2.2454792370231287,2.7758064327969425,1.781551780996372,-1.6748096151236918,-0.7587304890073088,3.4624108572132752,-1.13558513046042,-0.14454644450181175,0.03522534245371689,0.0974154541811712,0.11968663797512755,1.1829441131630984,1.9073004381147485,0.8,0.27849896047668465,-1.2239555148757302,-0.5094645988704382,0.92484216105866,0.602583101434199,-0.7393083653233083,-0.1524035119218461,1.6293877911843846,11.730466186793736,-7.192457817327397,-3.7679913789817165,-0.2344454048326745,-1.0992008340677937,-1.187181119266949,-0.23728948816356765,-0.9326559093998232,-1.4870600524402295,-1.0821208917070713,-0.9656069638020378,-0.9119784518165016,-0.8894846607347309,2.1945982079038844,-1.4367114503958167,0.3,-6.4859262486163045,-4.747485840217281,0.55826563847362,4.75164091534968,3.6355742184804867,3.8792481468321336,0.05987900335031863,-3.6163939233163913,-5.004644071073079,-2.3894966486382274,1.5586670531068938,0.9240869003364344,1.1144832909993805,2.2532955718880565,1.2200462687194424,-1.0301107596016792,0.3514047757832016,0.11641514178305105,0.07114381664601231,0.04842709319979188,0.03868782833603705,1.3142146445134917,-2.565510722176926,0.8,6.51352971719562,3.892458507033604,-2.4433835537218265,-2.9240799986597708,0.02160763204456484,0.09001823117469597,-1.8500879795294605,1.1296555988505022,15.951127311429241,-0.3570239074029609,-2.7679026962284734,-3.9478100810182335,-3.635752576681563,-2.4174141084225136,-1.0740744017296433,0.7549655065711289,-0.6945737772723084,-0.6370596476680642,-0.631464038673231,-0.6258864572038714,-0.6224368482634857,1.0151754560600077,1.3455350730274012,0.0,312.7178209603124,-279.2936467839975,-83.26285434243044,38.62255753398785,12.691246432039044,-28.46146868322977,-28.4798801236035,12.76897722974392,-20.96919219378685,-0.8675611446975093,-23.62186896378174,-21.556344415206574,-5.023895424945076,2.339995333524476,6.864803571009059,-12.825643974165835,-13.895037482854278,-13.517747234429347,-13.73750549038826,-13.914361854742136,-14.00281426930282,0.0920814172141008,-0.33747991276748424,0.0,1591.6455716569228,-130.75741726426816,-86.8759133779349,-58.791211433641436,-23.890625511552887,1.321552194407559,6.261228310416371,-3.422644643074804,9.874597870725024,-38.617086858088186,-30.44380299041241,-23.932316353347826,-20.030904832575505,-16.166856855899088,-14.012568738483276,-11.742422440573733,-15.451093653118491,-15.64462916244031,-15.64119067107302,-15.62614131951078,-15.616176117107255,1.8021438017757068,0.6205459419097656,0.8,-124.56478239513321,-225.73012412675754,-124.24470828867695,-77.66730015262962,3.453063919004141,21.092355663330828,9.041219675609927,-18.32240291896653,32.74044029050303,-97.8597084842378,-65.35317284946893,-36.35130235252711,-34.08120539676527,-32.79289752279079,-28.8375826152372,-13.904753791995402,-21.15686149454529,-21.36540825762869,-21.52362214997813,-21.577279978774747,-21.59432555051121,0
2022-06-08 16:20:28.225446500,-2.7308633371316087,-1.1671969028153484,1.3768766515674693,-0.20415173474199674,0.9871226155879984,-0.10589668302070486,1,0,0,0,0,0.0,21.605784570312014,40.68556482400647,-3.297545825800652,0.0006334453885482097,-0.2776026650247045,0.060339301863598385,-0.2439425698055488,0.04221908099452868,-0.05935784937856816,-0.1766903197342833,0.03891730661716974,,,,,,,,,,,,,,,,,,,,,,,,,,,,,,,,,,,,,1,0,0,0,0,1,0,0,0,0,0,0,0,0,1.8576889243881551,0.3319245631037903,0.8,-20.403390633562392,-15.197126306182742,-2.1380608973285167,6.688398074049312,7.1036584188262175,3.2202968297342167,1.2563531811424935,-2.351516220921984,20.848003933341886,-15.909609245782633,-4.221136242237682,3.2654517221789514,-3.8781905052626784,-4.917665557918735,-4.976227332266406,1.3792836338768375,1.0498788015996092,0.05197223416076302,-0.13071135394371106,-0.19036549401895453,-0.21053094520101304,2.078695639104876,6.993214930380192,1.4,-8.266688021792888,2.290591549082328,-1.7991208225322035,-7.229947914626595,-7.357704168890956,-2.1024525299537355,-0.9177781535103716,6.166364404149146,0.5768847925551144,1.7173204385753993,-0.806952530762387,-2.131295897575648,1.8390636426864688,5.73334966372497,10.14439350893797,1.5840418236016085,1.149418890736971,0.8090440130303163,0.996069335451595,1.0618264480508497,1.0853100970360163,1.4636539550014744,0.30908517071936353,0.0,18.370540107519048,11.376645527824664,2.49533898373992,-2.1438873871794994,-3.7590139330039536,-2.2587438586136432,0.6858619579156946,0.9440261105373914,-6.145194422832807,6.544235587321791,-1.0383493018876429,-1.4347742457831654,3.6011301925344945,2.699773654714656,-1.0509380412651157,2.212913985872492,0.08862045298179921,0.2434347984920614,0.3303325771474609,0.35963456405661315,0.37001911014439537,1.6546097395955623,0.8731703114720888,0.8,3.2610644712494694,1.6709941438305755,0.5838786913067384,-0.5445600114185353,-0.567408990976067,0.03233875781362405,1.4918300340588484,1.4941634028761626,6.888603886138407,0.7999534937436341,3.5370641150414235,1.8405894891082009,-0.3148137686653011,0.3989440176145479,1.4741091961059332,0.9812749170911091,0.4696132263489808,0.5769336331040905,0.623578677783145,0.6421933573313889,0.6494897035940616,2.4308876240216093,4.028804648648938,0.0,6.467582001938091,4.706322744505504,2.534130038057388,-0.20707382994946266,-2.1275965104049925,-2.2517061367935294,-1.1409416884030754,3.190760115935372,5.156931069939875,-4.785997502920517,-2.796826472595563,-2.0875905901841683,0.6203926944993817,-1.6232308735684249,-3.6921284811554416,-2.01377529690422,-1.43341975189405,-1.2664329226683937,-1.2270748345787563,-1.2018293885852844,-1.1900559388150171,2.1649136719716893,1.142622543742078,0.8,1.7139742400566125,2.1133354208015755,0.2993224585296273,-1.7047948364507195,-2.0802308895415984,-0.5187508966501968,0.010633895068273558,2.867861302556494,5.424142551587467,-1.3069805224056417,5.0512282758734255,2.086638451227027,0.2679214871283856,0.38583909335668,3.2494833861154437,1.225166466680814,1.2482088859601042,1.0440275464016304,1.004731600327165,0.989006429103082,0.9826382068812952,0.18008538903622012,-0.11072440764612768,0.0,679.2897936117631,-4.714821204060557,22.66637344366049,12.636859155642199,0.3515734654062115,7.076596183394408,23.078171596609444,35.133582413853915,82.69677137577445,-53.2169544453054,-31.610181146539407,-14.992936857788054,-3.992987567063025,-7.926833247568658,-8.850997627896431,-11.075212092916386,-6.399155833709442,-6.384614565395137,-5.877625294986501,-5.5857564924581045,-5.452170043267086,0.012392478002687477,0.00895816646572233,0.0,1749.1565834956766,13.45726243712096,-19.182042655522707,-12.950093724594069,-2.0619343152192755,-6.143381058412047,-12.41356091852468,-13.318127021616267,-44.41898560234826,27.25339854117249,9.361547973014515,8.089189478648812,5.7842470291442405,4.44782300037452,1.2965347264116218,5.660243809042733,1.2123732751857617,1.4737548015922783,1.4046365074042022,1.348980200280188,1.3200623614618854,1.76449368778618,0.9623717274063728,0.0,144.01182787408868,19.61735299699428,-39.85865350016864,-35.642823831425815,-2.315268373821649,-7.15569220766665,-21.78973749256389,-49.2392460370766,-97.08602196406711,94.45056805423874,39.29355293986928,27.32008422067083,15.09365778325896,17.725135145152038,11.94825373271783,13.787200732555403,11.264207156094177,9.673956061145509,9.010033301493452,8.643418563066481,8.476353822296275,0
2022-06-08 16:20:30.975446500,-2.698445420545072,0.9579566459014798,0.7527959316847941,-0.2628773445061761,-0.6663008939584742,-0.6642273117617782,1,0,0,0,0,0.0,11.284183548409764,44.56906179673114,9.522188184828444,0.00017381951115597242,-0.3045651640312247,-0.07985797961823962,-0.15655556566419876,0.06390798255558669,-0.030149534156290774,-0.1883602944704292,-0.03532449263125803,,,,,,,,,,,,,,,,,,,,,,,,,,,,,,,,,,,,,1,0,0,0,0,1,0,0,0,0,0,0,0,0,1.9181826041059635,2.4487812507493323,1.1,-25.32073682347055,12.862512553309262,1.0303738858593658,-8.093145354946625,3.787256578826863,-0.2406576999424701,4.227944459158983,-10.534388458475073,4.511059547373709,2.764389644882276,-6.043742335762671,14.22891259714627,2.2295484874128197,5.0998893413434585,1.902977167069931,8.42302856532205,3.3649840304231917,2.868711798477655,2.7242425740140304,2.6477007369528485,2.6133626567950565,2.395942184479994,0.8701395813483404,0.5,-6.90825527103591,-4.304261763218669,2.8826988183997084,0.9875607894375876,-4.319757322343678,7.085686852382421,-2.9359091962665818,3.1208591562397467,-0.3853045466395837,6.406415907542208,6.347649942537752,-4.681024028047932,5.08883607345552,-1.8054838540035936,0.22996338273285044,-7.316182940530988,-0.6967764931405296,-0.8448808743513787,-0.6472313581476716,-0.5252798729701846,-0.4707051475457058,1.7655476845437323,46.389427589530634,0.0,13.717914687588932,-7.172881925912093,0.5409450785780748,4.913937316239909,-3.943344124675754,2.223981926773994,-2.5656932033676845,3.9972227091707495,-2.8610904377891715,-2.075987640086061,3.287772011891841,-6.442226287897349,-0.2756317319288721,-2.7171473358256217,0.004515806629397101,-1.1963248477189858,0.20530939330724307,0.08147708843301232,0.025774536342844268,0.0061558819494508255,-0.000977165924205867,1.5939376893134605,-6.278075937718947,0.9,-8.363137724412704,-7.855724000186262,0.18746360283842167,2.1285594834975385,0.09222149511724707,2.294574577417884,-0.7468238249446486,0.3023764407356687,-3.1564932956083664,8.036753894774566,2.0462550115166027,2.2865257526303684,0.07155743587881691,1.0414700516015079,-0.6240932650775469,0.11898743762248555,0.031609752163230816,0.0618500537984793,0.07200451978806521,0.07577098254908793,0.07685894517542619,0.8970610079543889,0.6926855353162208,0.0,18.39056312142192,2.8415506920482327,-4.523414183163429,-1.0941129757047012,-3.804258065572825,-1.6741499800032276,-2.8572965099536245,-0.07112616942501662,0.29659106092711696,2.230130773335804,0.30045518257104675,-0.6866766417173868,0.6928495247290682,0.8356565411364496,2.1240098928362228,2.19076019010731,1.2102730810745768,1.0747742209746256,0.9918882927960208,0.9449473319072408,0.9238157351270018,1.5920388171091655,-2.2847618284298323,0.9,-10.316719563842023,-10.105399925957023,-0.6142940104385438,2.68270506080708,-0.532995768950978,2.5197743805862403,-0.0765863183341764,1.0077054353705128,-5.342361791667594,9.714932204450855,-0.19578271947816586,2.6871395447028843,0.1015556589506068,1.8508904104791315,0.5085911308756512,-0.5017289764948143,0.4324994211170714,0.17992234891758452,0.1422754791657217,0.12579329518373472,0.11875940066992972,0.039844602885112435,0.1531670091039288,0.0,663.8024429286986,19.925105400492033,-6.213982324111542,10.159923467029586,-8.977229233398019,8.123182954295316,-0.07394042694191683,8.318974535815768,14.406160854304444,-21.444755340313684,9.648685825368966,5.8640859803612,7.390932384622849,7.4587527153306725,4.527207666656274,6.080746022969935,7.87514198166795,7.239533375610532,7.065155487050498,6.984163417438152,6.9495586283488,0.004503861672888656,-0.029968857229428193,0.0,1761.2390636928776,-15.940396754084931,5.537946459574074,-11.45244125397835,4.480582112209788,-7.5995150675173875,-3.4353850618998507,-2.6058240085534834,-20.330302093136872,17.083881452412562,0.9998045263035279,-1.9405468113610735,-2.9419318564303762,-4.089636102382592,-2.2673185150044617,1.0448331586344397,-3.264652501050648,-3.1501360976291077,-3.168690317513452,-3.1829149594082717,-3.1897707743999684,0.7549027210170542,17.674136957979194,0.0,154.56745802678302,-30.555931401094664,6.824148045917838,-19.940399491687398,7.156044958649311,-14.537931920181908,-5.779100315178457,-17.010315878188454,-26.68603226552793,24.60591230165016,-5.037095000495402,-7.653788437231169,-7.718750964791821,-12.486890311970539,-6.117624102224289,-9.779643541620757,-6.7228964948363386,-7.823558496030038,-8.042880940499089,-8.117614105235933,-8.144372915253548,0
2022-06-08 16:20:33.725446500,-1.2924413567786397,0.4254737367949712,0.6613353560739472,0.4872615535431335,-1.1318912209591534,0.4388953476952573,1,0,0,0,0,0.0,13.80984045070331,43.600152302345364,5.398909731253807,0.0007564021573214253,-0.2923555078411548,-0.036367889532898025,-0.16781669131903176,0.04170572673908887,-0.18000034544449448,-0.08621469251187454,-0.007964990679883776,,,,,,,,,,,,,,,,,,,,,,,,,,,,,,,,,,,,,1,0,0,0,0,1,0,0,0,0,0,0,0,0,1.956965821028392,-9.492883512440956,0.1,-22.675014876330305,16.26811280241489,-2.981853797647835,-17.854461055575047,-0.7218185749735131,2.103338096337417,-3.105000148978648,-8.210989025016932,-7.614781747469605,14.766957942012267,0.09191763785724748,11.612992548606956,4.233448942584068,0.4465018864790913,2.4403520328067407,8.58096178685709,-0.8205214439319953,0.01934755357520168,0.08619898691505923,0.08706433747547826,0.08227420470740343,2.2878803561405308,1.628766196899569,0.0,9.624552211222227,6.137235007516672,-10.809389533235604,-3.6845577197999466,-2.594837316994353,1.070829778926096,8.382818967408138,-5.929818322686197,-1.2231459385054024,-3.156103143654091,4.202241047411474,-8.170634330196977,-3.3322525863992354,3.4654396438843382,1.1956526062580524,-9.728880723069901,-1.4795138972333448,-0.7425049299489188,-0.5661726853794087,-0.483692966123826,-0.4491278493826584,1.9698410622325764,-0.9267998458225398,0.0,10.433165422926082,-8.145313880426693,-1.4968446738802668,7.854387348999883,-1.0321718557096131,1.3101408977478313,3.275155246375248,3.549300501891025,1.7385701100008872,-1.7448637398840223,1.6384507983428105,-7.8360173119468275,-2.958396298098525,1.7447225922026959,0.3217692058659649,-4.196590029050027,0.6540958271405803,0.2749892685121125,0.22411260219820614,0.21559920137811064,0.2145046298510056,1.6125806334506427,1.2003348722606164,0.1,-1.235237996855907,10.196690266858145,-4.709584056856776,-3.7634603660943866,1.3674929298672858,-0.5722662405664463,-1.7381406677816318,-0.4693685662678977,-3.252176902774403,-5.400806086501767,-1.6494492682613555,0.9746517111068804,-0.9461699089856184,-1.6209788303637611,-0.4371656730597849,-0.5206409408135341,-0.4675357180341404,-0.5525763460883863,-0.5801350777995034,-0.5904484701668625,-0.5943099460337948,1.0095642404373693,3.3094359752141815,0.0,7.8293507353014675,-20.48711847134216,4.9787425614074925,4.735324853146596,-2.8620922865202068,0.7651890286693668,2.591165095482583,-1.6012221154663826,-0.5683735312845974,2.2352091224374075,-0.17420951957207187,-0.9639221560107094,1.568355114028268,0.8895424338845007,-0.10119654662949884,1.721925747785671,0.5059883391212856,0.5150462812009882,0.5385939654132234,0.5472860003040159,0.5505081981219853,1.9912279448171808,1.0547435084298398,0.1,-3.5928902027457417,9.412726772748057,-4.642680984098591,-3.221988834132977,1.86050676750338,-0.4434615481265041,-2.111909064392845,-1.4658672242585082,-4.96755087331001,-7.229981452543102,-2.208574695662713,2.0012515267267625,0.0026478423302721548,-2.0430850106041376,-1.5599264468467098,-1.3690941299846024,-0.6538234538662198,-0.7027479476715723,-0.7230287373849141,-0.7298695142991136,-0.732371299761323,0.20486444855043368,0.13273281383291244,0.0,639.6472449942254,3.6858821586172748,3.234632163257885,-4.814743781257945,-22.35799707939277,-9.026437889763725,-12.100081316799285,-19.49897788094232,-53.873236616180385,109.78785029825607,23.754652540403942,6.9213384634567126,2.484839377882785,3.7769243878094656,2.4150206591623267,4.0670606048738565,2.724247830615792,2.7294893650384573,2.4310759532976824,2.2504929537563645,2.165605468463672,0.01565488512979486,-0.035178172019953574,0.0,1775.7782569325225,-16.08236187802015,-4.826506639784128,2.50697192755996,13.584068648770296,8.688200643281675,10.640391670600435,14.403994977635817,25.196036813660363,-62.569873228662146,-15.169470062951994,-7.129891346400719,-5.660723084253586,-3.085272117082312,-2.5976002387219594,1.6236587982547448,-1.5173064907968268,-1.6957223477839918,-1.593091644029581,-1.5174711581124356,-1.4795164378268648,1.1983143151788709,-1.0242433079301667,0.0,184.4267303913323,-19.553998984650107,-6.7916850478747905,11.194589732852187,25.913724736603648,17.88818250115768,17.555549645310013,29.648340002161078,70.74218787593722,-144.25409946758057,-27.773047366699856,-13.378454412586045,-7.610548309875997,-4.450435723228706,-4.827037358891385,-7.0463811482480345,-2.0955371018780875,-2.220554654582216,-1.9554220706752077,-1.7676559197448212,-1.6747695048824616,0
2022-06-08 16:20:36.475446500,1.5954446030004112,-0.5187124417023538,-0.6405130044684676,-0.21979119187045792,-0.0626288395260357,-0.2667249566837183,1,0,0,0,0,0.0,22.320965304456553,38.34648354632545,-5.629772215225503,0.00042065786977590365,-0.2627148732013937,0.0931843511546587,-0.2826784513862286,0.07193065611808228,-0.022024209682724758,0.03122709243021785,-0.03140830904732562,,,,,,,,,,,,,,,,,,,,,,,,,,,,,,,,,,,,,1,0,0,0,0,1,0,0,0,0,0,0,0,0,1.924636006096869,0.2305367818931072,0.7,-19.546176587768873,-19.298820671721572,1.8960995878448716,2.6509719256435327,6.64312365019144,2.3974539638764423,2.1396400036678638,12.60463250122319,9.651638403106901,-14.907062475497069,2.08770394708218,-0.2193663415661541,-2.506523774839208,-4.81242664422599,-2.6390160702238292,6.886972676545738,-2.658160266169495,-1.3124920251746537,-1.091414209338097,-0.9974393610826194,-0.9586426201648706,1.98339404110285,1.6600874799481655,0.2,8.299821030528664,-9.138332148610198,16.162291909103327,-1.2893494210220116,2.0228314061824952,-3.9544706770256264,-4.275055718033768,-8.995975558266572,-1.848246157747128,-0.030290990572478194,-4.561935433293368,-3.9535026828099977,0.3758070556295676,1.8810544510470144,5.722182657657363,-10.357583432327619,-1.041792519545828,-0.29600871193476386,-0.1304532267648405,-0.06761571827733581,-0.04429050433168294,2.006399204471836,-4.698960010971008,0.1,7.105173006857255,9.983331804401152,2.8346181545989286,-2.7160345628523177,-1.4562807071525827,-2.8745619944664926,-1.1817072160475874,-3.9888960206373967,-3.8335584793683277,1.6988166436478191,-0.4914640046504419,-2.6611182831399622,2.781736945712792,1.4520864835646659,1.7797259033207506,-5.918216341492642,0.2720550430837285,-0.13852814002033031,-0.1063992996605706,-0.08466602692513002,-0.07485737998219108,1.874884683257248,0.5549293593937261,0.2,2.567700631446435,1.9313315894823793,6.720844614517378,-3.6019252882055484,4.111491408547737,-2.79959833589042,1.1486252513195727,-1.4435028512599963,-0.9129026358442268,-0.23806313761973785,-1.4356080401107436,0.4542074227856906,-0.6359646734975138,0.6036166834298944,0.7403670063299512,0.7293268137221538,0.7854753885038289,0.5951963509901466,0.5663341002302542,0.5562522075355569,0.5526591042662178,2.0252147947099246,1.929516410905433,0.3,-0.9913331897854741,4.51323667218516,-2.159945873643646,5.316270733869655,-1.7263173819900293,1.008615456797746,-0.9397857724934074,-2.5744633119467477,-0.0017775424166909806,-3.669397068067993,0.5916636017791685,-2.3352428382327415,0.33126111179326456,-0.09301466912887923,-0.8990708090658603,0.7610522490412677,-0.9007887397633959,-0.7225216273280474,-0.6935550210015757,-0.6783137853447015,-0.6714682106747998,1.8778664912533063,0.3134991059489055,0.2,1.0804926467780631,5.146966241383088,7.2887334117590035,-4.4994262193809655,4.6125997131288505,-3.8604746811069104,1.5557983859615063,-2.280216374736588,-0.6335839867548825,-0.6929046864463679,-1.3565463347474749,0.3594639617342269,-0.88651489081726,0.6148984650394178,-0.08735760440298013,0.10197331633744887,0.4549630956190786,0.590789179798227,0.6301161718628039,0.6485050042812923,0.6564642157585134,0.14104751096785528,-0.5126728478120185,0.0,655.441191057064,-0.1944643605869203,1.0125373931988548,3.4695967129659664,-5.810697054047978,-2.09449753221201,6.8971703765705215,8.140311389065005,18.98361250096073,-93.61961766119995,-23.938583292134837,-15.742690753539007,-12.097566902563829,-10.994931105088238,-11.937107506013255,-9.08980511683907,-9.388872694446038,-8.672702885683877,-8.394298585569041,-8.242722218740617,-8.172635968545027,0.007718578360104501,0.06960658044088018,0.0,1765.9578646041825,6.0135574240147776,0.17855736985254111,-0.6160615565585772,3.1721657373013272,2.8428559715848247,-1.528295590393796,-1.9461090458505341,-11.400051247586072,43.640517463705336,11.064201120196508,7.848072198141018,6.453856943229943,5.774756279630588,4.711616092515968,9.406838377656676,5.467632673419054,4.9347433301399874,4.767827074520383,4.683928010753603,4.646608501926295,1.0847971933130551,0.7341876889679692,0.0,166.3322663744434,9.664579172858767,-0.9866029644927732,-5.8246368700804645,0.29024983281570016,2.737925102020253,-7.081357018968905,-12.407511466783903,-31.43134557655188,125.86547331785968,30.098254884007087,19.74512366590569,14.749233060329873,16.251779720251413,14.273752020850155,9.773005349258511,11.180508599516546,10.993890898297298,10.76260691513643,10.611073160218373,10.536781247727186,0
2022-06-08 16:20:39.225446500,-2.3249555072734736,0.8622148701718099,0.7910110951476055,-0.39475101218984,-0.4936346678171851,-0.4508356896162496,1,0,0,0,0,0.0,11.428557084365814,44.135618743974504,9.210565163081254,0.0004630152590901863,-0.302056060106962,-0.07599696948988037,-0.1585279026840769,0.06586196468445492,-0.032235820668878416,-0.1658090371991384,-0.034989266115373216,,,,,,,,,,,,,,,,,,,,,,,,,,,,,,,,,,,,,1,0,0,0,0,1,0,0,0,0,0,0,0,0,2.2842358827735034,1.1162597574616178,1.0,-0.2856586855223344,-1.6288337666495956,-3.9764423706642016,7.251316332132609,4.819348883731667,-2.519160258400255,-1.1288476791391562,9.097248682677565,-4.491082369639998,2.8586315276247816,9.819858817906104,0.6290045770279529,-4.829257072545788,3.819468387199918,-3.6207918854547785,6.599849944563499,1.1568457919496709,1.1281277119763071,1.1522972168913592,1.1641285985591816,1.1694628786442929,1.969744935596045,1.065439268767055,1.2,1.3460384421031435,-4.492602355816069,-13.271455544066189,9.112204075201033,3.8994734391185735,-3.4013992441413787,-3.1527782539345868,-1.277943946868925,4.53626411380443,2.4743713432723515,-4.758472454486714,0.08020636465597608,9.117734889491304,-0.25366240079268065,1.7642512736884357,-13.111862113287016,-1.624098995985646,-1.0876466447437565,-0.8413527087474457,-0.7352911994015594,-0.6926095523423432,2.2249808671172,0.843973594779544,1.4,-4.722141228118031,1.7691230052629865,-0.10460813605940512,-3.1469827768573952,0.7280192147311259,0.14178462739163544,-0.9128390681701728,-3.148243412746744,1.2591494521141469,1.3374665173537932,-4.99691149659694,-1.8320600776089628,4.074279893924723,-0.07458241847568625,4.598154764941199,-5.558316182319295,-1.1934430055811078,-0.8326136803663572,-0.7375224991059735,-0.6992691443032251,-0.6847101194856966,1.3794011927285104,0.29131164235464696,0.9,1.6784825993892565,-12.028697991682087,-6.104687961330794,1.0443886336341262,2.116372878237335,0.8901995005061821,-0.9111379012793448,-4.012385113864234,-1.3771640357281716,4.2482651593199625,2.8801357683263387,-0.4523829540205172,0.2273517089510671,0.025293111382893363,-1.0646222118388913,-0.06782271388441308,-0.4028662920160233,-0.4525276411340874,-0.4596053959036805,-0.4646629956832639,-0.4672005238963121,0.8441197734297085,0.8998983183608289,0.1,-9.690592820086792,20.707575910678273,2.0107951939252136,0.6419273059191304,-1.1144627434516932,-3.0021393801608327,0.2613104568882485,-0.2521844026464328,-0.7423456555176127,1.5191782912327487,0.5996997653195313,0.09253730039866848,0.3568179394702303,-0.4534528032711706,2.240501999595112,3.1246216351017058,1.1934909114169099,1.111726158589887,1.0582740494805205,1.0317775740471162,1.020411137408119,1.6820518422969606,0.2280671604655489,0.9,-1.9980956469326887,-13.070878356156824,-5.815803896439414,0.9229536824373406,2.5271483848878957,2.46226798785405,-1.1658234473316602,-6.699231689596914,-2.2669507191887184,6.617179018437808,4.867412071084866,-1.215167346758571,-1.265011460055877,0.5671990253094175,0.24831546922379685,-0.9956882722337992,-0.7204060238279633,-0.5238827932829564,-0.4808286222985496,-0.4676558596623695,-0.463641847437358,0.013533949914403574,0.0699819972303367,0.0,672.4945342501163,3.0930746189124747,8.250180346516828,12.997954445524714,2.3297475453765135,2.231071328735609,0.5654969252313151,6.234758421989372,6.689201169213469,-13.586096808180908,-2.5833596332832616,3.4555862682672807,2.5063749476469117,0.4220734909740536,2.9543358645393347,2.48284392076215,3.6051993646705753,3.57514197401742,3.6180000118008335,3.6497348417208832,3.665700098478254,0.0020535351848271237,0.00746585921357823,0.0,1745.1181282490359,4.611949718367782,-3.805556320334063,-6.487157658390911,-2.3705499716685665,-1.8256735209438661,-1.1714357400533686,-2.9738017944514037,-5.738954418145786,19.55586524009924,5.821521018005804,0.25347823707883776,0.8485044912532445,-0.5429765928439707,-0.4104792484867729,4.822603935596233,-0.4604781426534856,-0.617100907715475,-0.7143676600035604,-0.7662261591723478,-0.7895026907102505,0.3543274302744471,-0.7423473267150729,0.0,140.04703680780185,4.142403424557884,-7.8241152887395975,-16.649338966214348,-6.427023819370474,-6.42803252886959,-4.5467375260551135,-9.942037892567988,-7.2590207072807775,21.688512400257306,4.765753274572499,-2.206307618016045,0.6679157998560843,-2.567443497782228,0.3584623832033733,-4.477512641049419,-5.466081170672297,-4.853436085621332,-4.771311557856906,-4.7569679739782735,-4.755739567322107,0
2022-06-08 16:20:41.975446500,-0.5846724976095703,0.3953892703993904,0.36184087255674,0.6258030508252881,-0.4270052892479105,1.4422745157629837,1,0,0,0,0,0.0,15.122123338592825,43.27210403892133,5.838769152947765,0.0006865351024717091,-0.2921150903808691,-0.037565721125141185,-0.16890610863507213,0.03959459407768187,-0.2548834157251052,-0.012398332820622448,0.035395959050441635,,,,,,,,,,,,,,,,,,,,,,,,,,,,,,,,,,,,,1,0,0,0,0,1,0,0,0,0,0,0,0,0,1.0016862097384196,0.9180623134099556,0.9,-3.0489489488062533,4.801783476992113,2.4803889039291613,2.847433604945357,2.637613020097313,1.8744033123665624,-0.4368749478154821,-0.4778981565539198,-8.23760859830027,26.705118686255652,3.9696990321162766,4.123963863332284,-1.771506207384903,-3.7688588694628935,0.6645833753895705,3.318678977366217,2.25910191555485,1.0579290635965408,0.8556097972112127,0.7791006712024408,0.7496535273213059,2.359642861459269,0.6380821993251182,0.1,-2.161788918146569,12.596775243062911,10.615486467152813,7.469132063954081,2.67020992169825,1.7320866228455083,2.5928646915033937,4.407066080527985,7.5837573473540445,-6.333724598645722,1.7483596258208465,-2.7994922549624133,2.4046194584295373,5.738288289281801,4.153900453668782,-9.93931754218329,2.384715903713836,2.5771242017651224,2.5536856455112424,2.5300750824699016,2.5173343556602594,1.64239495552283,0.8300592546296244,0.8,-4.512785228206827,-2.3223043778703127,-0.9880555916944884,-0.09235615976971699,1.712245589768043,0.5203471712870877,1.0528933539575878,-0.07109107734481257,4.0507115929014805,-9.873847655217734,-1.533040627272939,-2.1141413285078414,1.2760484426865797,1.7472631737595727,1.06033624805493,-4.290689827633215,-1.5531785148763482,-0.4766777620279014,-0.2886627769087897,-0.21921147283924106,-0.1932194852499889,1.3630276361935318,0.2874592538940943,0.0,9.447970235123147,4.138230962101407,1.1264709461357725,1.0337751404740034,0.18601501428558653,2.0039801284130423,0.5605075046041958,0.7542081720900823,7.414104932348209,-2.2517464425317595,-0.6035240951013057,-1.9001959789275975,0.6851849828109833,-0.4282048488330151,0.3966478328432031,0.8998771355192121,-0.07512519392325667,0.07750990265930569,0.09031843296065124,0.09653036962076908,0.09929442842316867,0.9703051438795384,0.36310735792153176,0.2,-17.50829845281607,-6.270028432385727,3.2546971468757184,-2.290630039662001,-1.1058566247016408,0.18987738436244528,-2.5128904830519625,-1.4431727164173322,-2.2417920522159065,2.1530131880768604,-1.5296982135330677,-0.07215823471442473,-1.444181504584845,0.5279401001890829,-2.2004358682678467,1.2714888171654348,-0.32278490025183393,-0.5891067120105712,-0.6261711981643233,-0.6393554470153506,-0.6440991900538686,1.6160098246907275,-0.18858396529457036,0.8,6.929371956460191,3.6807168518738482,0.9350442261423878,1.841256512956532,0.33143564995714003,1.788406520472504,2.355560388059157,1.5022147768745628,10.766864531265702,-2.472657040074359,-1.223365179909598,-3.289686476605618,0.6041735629229013,-1.2834248408018245,0.5844424466303733,-1.9395714940322524,-1.1300481741488333,-0.7592255866714523,-0.6310889087227126,-0.5701329904471137,-0.5441799746769749,0.17026210382336696,0.1376581329046678,0.0,668.6493572735412,-3.689982895858385,-4.59625294740566,-2.8615017169950865,-16.064310930598847,-11.895779365647895,-11.05825869643003,-22.775908151162387,-44.499067383388045,101.81796009454621,23.54815448002422,13.71193826466213,3.831230667143778,7.073387870571366,4.2534264753231446,0.8519318252008752,3.1247730794480866,2.3828168538404384,2.0913692759958917,1.9313503785409851,1.8576255177750016,0.015501497228825472,-0.03408734089767712,0.0,1740.9606410945878,0.6117326547507673,6.018624080430271,3.5197876230245133,7.814499161747648,6.888844299644332,6.93061755011891,13.475602252947766,28.64560955089808,-63.55312794946783,-15.544363892987313,-8.52715037907381,-4.394930300007862,-3.3961701156999315,-2.991217500034629,3.951883748114241,-2.0313154482089715,-1.625540206153801,-1.4391277573702297,-1.3340713065629828,-1.285262072906164,1.2863810456635354,-1.7285810728463096,0.0,146.7926083287586,1.7521107430976135,10.281618333285316,11.193488341162547,21.04626045407439,15.393707444033645,15.913377814495592,28.493173130242997,67.42417591395566,-142.70783783442897,-33.00548736162896,-18.144449380767373,-7.346444969259928,-8.90812193700969,-4.589095006125167,-3.361999545901819,-4.984694348310204,-3.91695869962364,-3.4439609426158975,-3.1805804097910686,-3.0595685589774884,0
2022-06-08 16:20:44.725446500,0.946384224019307,0.2394259770756588,-0.03484300749802042,-0.12322900695580445,0.09026754634107532,-0.1610284616242609,1,0,0,0,0,0.0,23.27956002532016,38.2043883393021,-5.386248663464122,0.0005169825404741719,-0.2629959605979554,0.09291130198845718,-0.2822640180906,0.0726643240646804,-0.0483658316463597,-0.004350560439079475,-0.01921052164371188,-0.1764488554340274,-0.14843156264101567,0.12320956112726356,0.026260616741778986,-0.0642187583869615,0.05080235673864382,9.261487704918032,12.797718871752105,40.2912452138649,-0.10256215674215033,8.755499823825245,-0.2641531876927671,0.017874330787638542,-0.17710802109439136,0.036276202045319283,-0.06856466392390154,-0.0357254315278522,-0.0012275563626082946,1.5134312636827938,0.9854851313425536,0.7114881979019392,0.5862324958024676,0.7623950683572613,0.7525306636878974,29.99880160980453,11.598432167321675,8.1609143743367,13.321329888322275,96.42394541212344,0.08357035672423034,0.1285731474547388,0.1134028609265866,0.06998787475685812,0.11347986525785528,0.08316848964499747,0.04880672347152964,1,0,0,0,0,1,0,0,0,0,0,0,0,0,1.1404181776572009,1.6092763607081708,0.8,-5.754756326722517,2.212297496536752,3.915816192552665,0.4078944859718807,3.1433419852676434,1.3356042568190092,6.231308068049443,4.393527200718233,15.538138731496332,-32.749684960787945,-10.299293039058783,0.9272811871265548,-2.1624294696253825,0.12165061713820036,0.9351108324159374,-1.2988129099177796,-0.8123711147476023,-1.5620675864060145,-1.6308472679730737,-1.6297845047640322,-1.6230136424446056,1.3047102563694375,0.7383468997426794,0.9,-15.713716586401954,-0.4087802414007484,0.3413839884785683,-0.03215077278727296,-1.7541677303989822,0.10412604415047257,-1.6078719989161885,2.147303811475933,-2.0827387654476675,4.974803014318172,1.0328666205744543,-4.82243030882503,0.4182600508501906,-1.9397489077089929,-3.8001094761986423,-14.6714283553557,0.3784527256213428,0.6047613845880301,0.6008448013436145,0.5940772340767404,0.5907984095667949,1.7899979389642742,0.4703942023245773,0.9,-2.7006207291763937,-1.0840926038098937,-0.5894961360893739,-0.6425394246195945,0.11654870486836305,-1.1283852420653155,-1.9327280805614784,-1.5810907432200336,-4.0144334866657365,8.123224762719474,2.3733220206378953,-0.9490637623201976,1.4762172075513829,2.0526774821015774,-1.979163404268652,-4.066542464869951,-0.716330030733908,-0.12074872283020527,-0.01061588953324247,0.028796817121093467,0.04298994247991193,1.775693567144589,0.6368667485596236,0.0,3.673317198029199,1.4561589214743882,1.2696703281676929,0.6935859370413056,0.3619234632883107,-0.30471528797386216,0.4740721328752802,-0.2227807546643316,1.885059463174048,-5.488833551789659,-1.9823125192162567,-0.7553252843162553,1.2731548627142906,0.8050144112596366,0.6809353267729679,1.5087922978276025,0.4705898710326067,0.5424266259968541,0.5503067311355053,0.5515403860982527,0.5517585499587652,2.4592587391998566,0.5263777622453103,0.8,-4.6584935389015785,-4.804841686175934,-4.297986505927115,-2.4153777222541346,-1.699910676628261,0.42109811195358215,2.260903947312985,1.50789770370582,2.8906516181058763,-4.420608311144035,-2.212437139901373,-3.4069209416986928,-3.647782677723888,-2.115007446782327,-0.7196726812509046,2.7573781363152747,0.2983912699631806,-0.14058110543390362,-0.2760328218782414,-0.33409222646922954,-0.3575375707754324,1.5164496281785758,0.6941495784445778,0.8,1.078151820204189,1.8108485969055683,1.1549087989843652,1.24378010160649,0.425386564171659,-0.6974621894764113,-1.8010094530248808,1.1950485402903488,3.5068313316087383,-7.648744225120459,0.016769061550214737,0.02374479522885653,2.128476260475012,1.2819438832916976,1.235462224811553,-1.5276539120755819,0.061137392738451535,0.4024922175679152,0.500211180172774,0.5407534740634798,0.556829036253725,0.15072203709020612,-0.3647678180730444,0.0,691.2498849868385,9.129964913119592,0.5747634212891768,4.482817422110486,-4.255424758142581,8.551683635838828,9.412396167176297,11.666629436728373,39.42783402696221,-95.26600425105505,-25.583600194913373,-14.407657264748087,-14.76115786275641,-11.222538332920728,-7.300499837365508,-10.60280979359818,-7.534467371581607,-7.623238925450612,-7.438200602392398,-7.306387872419245,-7.241190908380033,0.010703412515156146,0.06666472840355614,0.0,1727.3600883449444,-3.953195902002932,0.12621438769431848,1.5365978158040148,0.8652205286693969,-3.1436389736530965,-2.038901902277331,-6.096332290288402,-20.20725942733614,50.033124448994805,15.007379219831273,8.82255520050785,6.698393975723767,5.47658234192221,4.222202224062258,10.665946857477161,3.989211169365589,4.192474092326158,4.161624290925778,4.12373009390096,4.102638635093143,1.3493039209871462,0.8349770239364491,0.0,130.97983591713344,-4.8719999369150875,1.7703677037376817,1.50797719137209,1.8979168953356766,-11.948775571990245,-10.019656469454272,-19.902502211069685,-54.63940941463171,127.3912504626143,34.640352598644874,20.859637195058134,15.93762009407142,16.561162464761026,8.749940000355593,13.90517782020555,10.932577094221694,10.654403676711304,10.402399948131878,10.235134393445128,10.15339136099625,0
2022-06-08 16:20:47.475446500,-2.4870220002468604,0.0862900043523275,0.5885163775308679,-0.5657903751031151,-0.6983983219941877,-0.2633922013546509,1,0,0,0,0,0.0,13.55193618688365,44.06753028583766,8.357086196296258,0.00015010644474215868,-0.3025550801338813,-0.06395241783844867,-0.17569343616551045,0.07041122626350439,-0.04397393855853359,-0.16688290532425626,-0.04900288505799258,-0.18654928585120045,-0.17554457952366384,0.11177004585428901,0.019185869845511502,-0.06325163690427013,0.03649479732158503,8.4955,13.185236177641746,40.39688842368824,0.19517090706382087,8.033502561294457,-0.26610093326881673,0.015937638858553527,-0.1806739751988898,0.03927530111306552,-0.06771846044099039,-0.0370302094251006,-0.0011055650493221683,1.5242743607190483,0.9951226606812916,0.7031292973658034,0.581183281834716,0.7373348837377457,0.7674388025844187,28.835582831901817,11.258734535069745,7.859684983008125,12.908762951536165,92.35044479251276,0.08042317320287402,0.12490077195181135,0.1104346102043933,0.06789340306675458,0.11406539083806527,0.08342769077405582,0.047571248536790914,1,0,0,0,0,1,0,0,0,0,0,0,0,0,2.2500911974449016,1.4472442088116622,1.1,-6.0249924784016216,0.7037503187896559,-1.2333277682694428,0.9039686666600244,2.427229123258326,2.324296653307055,-0.4357309079666857,-0.1973315017912437,-0.31700915900299664,4.8032141779803466,2.06259385948441,7.4644691633773315,3.716858109372165,1.2543928747142,4.537444938528283,3.828360810901775,1.818047966112652,1.7310862267549592,1.6999618822017182,1.6870152786390311,1.6814211103159755,1.34413155699797,0.6281231792569267,0.9,-17.188159068529632,-1.2204373672096454,-2.2685872934309708,-1.215563155894381,-1.6406040173246348,0.2247422106295145,-0.028637950761864595,-0.042477001804179015,-4.106380929469175,6.073528362604719,1.8916740045572311,-6.332029908929652,-1.6870896122553534,0.9300676135400684,-1.9254025943032533,-16.920625132951255,1.3371577586122905,0.8696791301581932,0.7217533337765721,0.6527460380123129,0.6238974687622459,1.92327909218176,0.9284595865989554,0.9,-2.7526373523348626,0.060856377524885825,-0.4305865742925071,-0.9609594232508812,-1.0521859384696854,-0.4802479751998613,0.3294421459757351,0.36492446083823343,-1.9400042215254936,1.1838372779283899,-1.1461272187055602,-3.223874765730012,-1.632389004000085,-3.9226907019517454,0.01377141274256566,-4.5634941082165,0.7215422839567973,0.24142886439017064,0.1333186518538204,0.08095470429766383,0.05893694226050938,1.360754507156526,2.1724241928274908,0.9,1.1852310138350055,-0.8772726544879804,-0.9477374848063436,-0.7347001956217387,-0.7814698444908195,-1.5485368090628877,-1.4317332745006286,-3.4871911143595846,-7.60918941252303,11.448637147378955,2.7972154574122023,0.7963287657309502,1.45851153163369,1.456376962514385,0.6076056162232248,1.7230636755305802,0.8306522071491902,0.665761569617036,0.612183136123041,0.5815955635744132,0.5672560148488015,1.9115258335307768,1.3022542917876565,1.5,0.3438211245747645,0.009611034767192451,0.4181731633717765,0.2319251171078125,-0.5004639452489118,-0.17591753558961254,-0.9344747928367368,2.9591772918227273,1.5086512116001625,-0.9874293850885916,1.1198055290894329,-3.4286572347694158,1.452774518513163,0.2669786705691777,-1.3425541058742705,3.9360815883905365,0.7088475814600199,0.5036670159146235,0.4517208818609637,0.43353494514421625,0.4272920023333835,1.220807169210956,2.2014242935006862,0.9,-1.983101988355921,-0.7122442154544805,-0.4829404389315505,-1.2914515383079086,-1.0700887507669323,-1.6370527018872958,-1.7712946307339148,-4.6086748206316805,-9.034644683149331,18.067432273562225,4.019651501853707,3.5935590697780477,1.4165925579418646,2.27031212651817,1.329097763467901,-2.220347749578256,0.4708518259145098,0.6148059283065122,0.6148702675147988,0.6054121006228977,0.5991966203516613,0.011999594038766777,0.09746550109368393,0.0,707.8855593721402,2.430781963027428,11.397162051523445,5.481885633042567,-1.4276591466213446,2.946378508064868,3.4512252037857394,9.51942935064656,11.086238894612766,-6.3169640607172965,3.3908505578711257,4.5139899384715845,4.86876170724859,2.4130853724359955,3.9142208172382236,2.82928350116239,3.4761562990070303,3.5779018475862525,3.64532028817516,3.6834744312574172,3.7010970605022906,0.0018036241371274392,-0.01393349445185168,0.0,1713.4079907711123,0.6825180025778081,-4.31437501710613,1.5832385553617598,-1.5090082853282922,-3.1298330038011386,-4.720269048469959,-5.199070180694222,-10.523906668040283,14.875682093177836,1.8705376461606065,0.7602383045075953,-2.04782947057036,-0.958480165020525,-1.4976705183374506,2.7747055055622307,-2.627958696115193,-2.2839114903058046,-2.216881561736102,-2.196790167426318,-2.1907197128474363,0.6261284401568261,-111.08980976068882,0.0,120.94161477956295,1.941868058851738,-13.894185242804587,-4.3059189373053375,-8.385883423393999,-7.776414094434616,-10.304077085162824,-15.82759842117473,-23.36936140963429,18.535646047630827,-0.15477395687747908,-2.941830649157267,-6.442254208404067,-6.324598723609848,-6.3463715216549925,-3.6683601676684177,-5.757514730513557,-6.074354586806197,-6.199582647921491,-6.269817790530326,-6.3019710847832275,0
2022-06-08 16:20:50.225446500,-1.9568253179883133,0.65444339866239,-0.28953884793073303,0.6383241654331796,-0.7870898860572869,1.6220801183897642,1,0,0,0,0,0.0,16.26008173999942,43.28899294998765,8.260799355277443,0.0003659964699355028,-0.2957827149174713,-0.056464112941084825,-0.1620543172156333,0.05122120163956943,-0.2929477417356381,-0.057560313518077985,0.02163121065047445,-0.19208072907842574,-0.1931558381612821,0.08817849823279278,0.02666379503657207,-0.060849108397456636,0.03957492796288828,7.846538194444443,13.562547534820645,40.50880026661357,0.5343329269963966,7.421185029850706,-0.26803758845656084,0.013610765785889106,-0.18376437905227988,0.04205690728110994,-0.06926990828650173,-0.03720781270600584,5.381131430335214e-05,1.5136265590692417,0.9930490646552691,0.6966674987731089,0.5823502569524478,0.7233093876850969,0.7704004540713395,27.796721323395392,10.965053680699713,7.595452047777653,12.579436991483307,88.75315881931652,0.07770543837364748,0.12188211531321552,0.1077117403592622,0.06607283515636908,0.11431471262596846,0.08241629876054968,0.04713932668542654,1,0,0,0,0,1,0,0,0,0,0,0,0,0,1.5208609356103109,-65.91066531049128,0.9,-9.679565155273831,-4.227360857651603,-3.0716734063536912,-4.4851419541129545,-3.5218094632641117,-4.504341986338223,-4.981872423535862,-5.035968587523005,-13.5802541729476,28.137417728930675,5.933250972566012,6.075546070328548,2.323719750521879,2.0768974682482866,0.18721059443060814,5.539095454101385,0.21784838199741866,0.5778505212515177,0.5438322116840757,0.500517354705645,0.4772718364730893,1.3683030379195766,0.9126571308030328,0.8,-16.944195328713185,0.4638520831471398,1.768483405787935,-1.2051467719623492,1.0038845432222931,0.9792915604696728,1.7971997429070643,0.8957613000954696,3.9521006336264013,-9.948723236942179,-1.775405738166817,-8.267265476432895,-1.0728765064657306,-0.5448346683155068,1.2883058450479463,-19.83941076981948,1.101212370905253,0.20278199308213016,-0.013825821506530113,-0.09546197012594848,-0.12598975752359054,1.618240729167307,0.6918958993337736,1.3,-3.7687783801448536,-0.4717830730317257,0.17449683091722845,0.9384255527010256,-0.43445099085649996,1.0562356540922024,-0.09408541819675986,2.3142352413156235,2.514416884958525,-10.614111387524332,-1.5340281443969899,-3.2552713886934628,-0.6844837108802007,3.9892946024650047,-0.9621407987114572,-5.714175180229657,1.5916652014710413,0.8632599290723572,0.6814778993281674,0.6114207168412766,0.5846161652645838,1.8334707851454388,1.360900550874219,0.8,1.6648501657935801,-0.4446163332507741,-0.5939781806203135,-0.2905970127452469,-0.1539517246435077,-0.2539908265463998,-0.7730525679024662,1.3766978466041202,2.5926175258813124,-5.185385368521522,-1.9281963399040905,-2.2454558724650755,-0.32214850982605897,-1.1093348230086375,-1.1235529744902937,-0.1332893172022881,-0.7748310522902889,-0.76078970666468,-0.7344215371382607,-0.7214342592138975,-0.7157836209111611,1.7891302713787336,3.0358498347880425,0.9,-0.6368024603878749,-0.516648710730989,-0.963338782336186,-1.1584247474908382,-0.8701609424769511,0.0826264584675988,-1.8589201819237064,-0.9220281268880874,-3.614201215478978,7.039400305503987,2.2986766024658185,-5.139117461013981,1.2148992904610492,0.3016538464481765,0.606279156688638,5.608185032969821,0.8876579577407596,0.6627094628358283,0.5874356191944173,0.5533231777704122,0.5388379085278814,1.606087931304397,1.3592881570507738,0.8,-1.2701021830440644,0.10254461617487907,-0.0605784007236525,0.4144828874552784,0.4559420782605388,0.3002150261466213,1.8247050416909905,-0.03239139258596313,3.202187087333312,-10.654450100655328,-4.08010288482241,0.9084820919123248,-2.1162754597247875,-2.8120382747411776,-1.418363805718711,-5.805446428584032,-1.453692147618043,-1.4549932117466808,-1.4269378852278596,-1.407449217550093,-1.3977001726197025,0.15785599089840194,0.08986976119385938,0.0,720.5226191015497,-4.8406135613115,-13.552649377741075,-7.545716634725827,-12.889848653539415,-14.959496990538087,-19.55653532477165,-22.520896098367057,-52.39462393452697,98.53363308731474,19.813523557326366,9.979975886734051,7.014384101400566,7.089997394431983,2.7981323370290987,3.671563594446986,0.8874680400908943,0.8631443717793985,0.6724731181091883,0.5452018886559635,0.4823772973429072,0.01636619805535909,-0.030034120106713007,0.0,1711.3445655475052,8.498295084656206,7.19614750196763,6.489085115933308,6.427309002385157,6.1845669431773445,8.41178015174303,14.363769453002107,31.27170862352708,-62.82626923684474,-13.807627337635866,-4.754098481539934,-6.150416945471001,-4.734557105454819,-1.4292805263031454,0.7477506049182807,-1.9081021492841472,-1.3446091753992206,-1.1127382077328285,-0.9934290129355644,-0.939657368321698,1.3906789541187876,-1.0981545588374213,0.0,143.41040656632015,15.9501541108831,19.451816393865663,12.23393497785134,8.982908223857294,18.417835647569145,22.12855893778862,34.418129461766284,77.4203574037206,-140.080761765383,-32.32379535829237,-13.760676527881884,-10.788940865202985,-10.727496655281511,-5.489847450999268,-4.51501061269529,-4.585712625638679,-4.014030011719756,-3.6176580233453537,-3.3779806134065624,-3.2646434844511436,0
2022-06-08 16:20:52.975446500,0.3445477368191729,-0.6073182211543973,-1.239013987179518,0.13843306333903924,0.4519491307322776,-0.4356544882619077,1,0,0,0,0,6.147692307692307,29.61068256319961,35.83009872208136,0.5406659536738495,0.0010839768074452788,-0.26830253372362395,0.06570934329862768,-0.32176664498237395,0.14337151928480246,-0.04562722160071148,-0.02153164280141749,0.023785319736376456,-0.17618159607072073,-0.2124692162692121,0.06436447634628001,0.02423687586630709,-0.06463604276639842,0.03828064101524397,7.468168486352358,14.110007774507752,40.48668350253715,0.7493804096017477,6.895636892923871,-0.2692141190352904,0.01316397544441608,-0.18841765005907096,0.04595899723686145,-0.07005003872855745,-0.03691728330547005,0.0001978776482401017,1.5126429871616798,0.9748844121742354,0.7026866259787136,0.5712881779723423,0.7093111870073872,0.7638665023260731,26.826939199215055,10.833265139711056,7.359578780707975,12.258759111731546,85.5459571853957,0.07514157195956837,0.11891816167896425,0.10610081650787702,0.06552390214250713,0.1128367758072444,0.08219158783435697,0.04601271370666162,1,0,0,0,0,1,0,0,0,0,0,0,0,0,1.0171055692151785,1.1856019765947066,0.8,-5.5487563093989145,0.7586719474183191,1.749065796701473,0.015751618824419108,1.0897775339675004,0.8508961529778412,0.4551447295965132,3.4865900939104493,13.220179912357613,-31.59520161345182,-6.313829425665162,-1.6553456788651095,-1.627689538317337,-2.2854779255509623,-6.662901681249798,3.3337383586654146,-2.3280477268493844,-1.689490940500353,-1.595796445126369,-1.5624234586078771,-1.5493398349901275,1.099328182816348,0.6366499426600796,0.9,-17.528775520781313,1.5746581702200388,0.31001021445263577,-0.1010154627111266,1.4685019554433474,-0.6812169004845899,-0.13080728473239672,-0.7779702744710407,-0.27099042497106685,2.6816530736516584,-0.3630176945367967,-4.566208245584116,2.4427228991780403,-2.8387712903948543,1.2367598710725978,-18.60929464117459,2.4788249324068548,1.3256146046702293,1.0236115288495573,0.9041858960760816,0.8581010579152214,1.8927272307804366,-0.9260127700300176,0.9,-6.02715700316425,-0.6512755916402431,-0.9545306787755878,-1.3260430864624215,-2.162557332895785,-0.06144910717698171,-0.1779654601645101,-2.9549461235924803,-4.91015165857272,10.317977434833402,1.9102052728258547,-0.054216238328067656,3.995169470927875,-3.22424230887321,-0.18891126311730053,-5.35854432309006,1.9842938411313056,1.1603213490373538,0.9177486605751368,0.8204123072840428,0.7825062002068598,1.4932371501839492,0.14674900202333566,0.8,2.0625033547378697,0.32140387406706805,1.0638669433457886,0.3366103646207319,0.9300982311992714,1.94103795755995,2.029079631044338,3.001039309788601,5.769471245654874,-6.582288018835174,-0.0946413144391104,-0.9064777539659526,-0.011296899644517409,-0.2804759829408683,-0.12006061292714633,-0.02555269231665269,-0.3771184265839871,-0.0727535569475335,-0.015262464453279225,0.008483329818866459,0.018397835409647928,2.0040453507573743,1.249434486180344,1.5,-1.9334538860478856,-1.0372758991387183,-0.2046431268798912,-1.0077918395566725,0.3982046034406803,0.5629231084447986,4.010036438371915,-0.17926513544817754,2.694631190234281,-3.566082918819598,-0.5302696579256815,-6.219881152848393,0.5706134968657702,0.570665805539756,0.03205076630213444,4.88240148204039,-1.479153747807576,-1.4607702114590675,-1.3929290361673414,-1.3603374519283356,-1.3466268445350358,1.7986613094489432,0.6553179386934075,0.8,0.5634861025370773,1.4823627785405875,0.979582175794093,1.4120655219392138,0.7548112315883992,0.6294784879483235,-0.10736266031453524,3.0955160738824152,5.078006832235025,-8.200593102509346,-0.9830596612263682,2.9650697780988957,-1.6281985151740246,0.9463469121296436,1.0385626833570365,-3.80061529547384,1.3741972825301176,0.9401538732106648,0.8350747350150116,0.8001230561686576,0.788392985110563,0.13169255896001775,-0.3834148296013716,0.0,768.1593460114914,15.172112594357332,16.796128327305222,12.165067341359801,4.597725563849721,0.22283600713212334,7.220432727740152,6.825449992352708,30.074344454487534,-95.12988732477552,-27.750923189991894,-18.501706158951226,-12.658969846248555,-13.981059396778177,-9.39510645550285,-6.2999538798941614,-10.864209394271851,-10.54492728873244,-10.346774869971037,-10.23164984206063,-10.176415924527486,0.01155746853454934,0.07612926874850694,0.0,1692.0729227031934,-7.76684190273869,-4.875683918575845,-6.912147387178607,-3.8542578314891216,-0.13178021039517773,0.6714341958791863,-3.343148783823935,-14.465317962427974,51.59909879140149,15.49233909959851,12.732926808412294,6.837821167471766,7.519295622591648,3.8800947587349266,4.410574640228397,5.400986147209977,5.543633349735373,5.413816658848404,5.3365913783957515,5.301063202900768,1.0862989789587163,0.6382360227612054,0.0,149.06505786664528,1.077497505108575,-0.6789169423121351,1.4718956285245983,-3.248079965988916,1.213248747631292,-7.092222627975137,-14.975918723470244,-47.69278819414068,106.35992781315208,27.46656518187777,20.730852290596786,8.380464196088656,8.940036682623614,4.5682909623107015,4.593018977870498,5.864104417464902,6.613116125557202,6.745742979035652,6.772010956992544,6.775089700948576,0
2022-06-08 16:20:55.725446500,0.7782904196429972,0.08351645316276922,0.2008947411870869,1.599184214541408,-0.51092304057295,0.3969901832752721,1,0,0,0,0,76.005,-1.2345013944778485,23.309521098602012,-39.881935655683854,0.005385006511945846,-0.06879268190740973,0.3801371473694525,-0.030030256273219407,-0.17292933370087632,-0.16751694294795186,0.05716971759363301,0.012828639983620913,-0.1445120433380842,-0.2496243216105045,0.04587288341437952,0.02701640952418367,-0.017411471104675457,-0.02388152091506691,9.746147590361444,12.994890889177475,39.96997817199298,-0.4158455438354029,6.441043590880383,-0.2627423993498575,0.02227967360527717,-0.17949034598103072,0.038094958678039234,-0.06025221571099701,-0.035166108380153584,6.646823898479428e-05,1.5061355072334142,1.0117588658402,0.6983974117919616,0.5869317157121188,0.7453761429215047,0.8507967885229925,28.974901799798843,11.646828558744748,7.724581603469686,13.675870071399155,82.66296926167938,0.08046999780183663,0.12991217270501207,0.1111531548769185,0.07421891912852592,0.12418104946376528,0.08224503812755794,0.04698093063762202,1,0,0,0,0,1,0,0,0,0,0,0,0,0,2.060283418191443,0.5000209909526129,0.6,0.6015013116087566,6.1637187907670326,0.12164225973526255,0.6641129545060334,0.3954788142467733,4.729874724462041,10.080583744821173,6.026267379605317,9.062352464742787,5.914553355198205,-1.4446673430448531,3.2807270974531897,2.3161753641253524,-2.762769155124089,-4.375883298161408,1.5985626265636457,-0.9480181533278884,-0.4901920141787456,-0.3192110805828481,-0.22607552084810864,-0.1845605613183323,1.5297529950979911,0.5679216726256785,1.3,-22.95223684552285,-2.74578271144368,0.05278352603608827,3.8822301405667363,2.5687206784696954,0.15891420225500694,-2.2633371042880803,-5.9780058381783965,-10.402725127655577,1.3707648743648873,2.66724686717857,3.115461231859796,4.798823427514044,5.4706764754882355,-4.180600440246087,-17.619602213722782,0.7106018501530083,-0.06696595739410416,-0.1346157885683047,-0.1539079472672401,-0.16100917256033773,1.7688444958700242,0.5789052990012169,1.6,-7.6644305515020275,0.6353572210313944,1.6553673852799278,0.2651300285319755,0.19319541680269495,0.5525997404123973,-0.7683059000419653,-5.660805043144172,-2.7101656455940515,-1.2932598883173831,-0.2421439985859988,-2.1440944975461886,-2.931217100408837,-0.5640038068860856,-0.4721081486654409,-3.4804501751335417,1.9441133004797728,0.9496883367432208,0.6902148727992167,0.5750797834627934,0.5280491696153542,1.3468110201265402,0.1668802838460298,0.9,1.5453832492473505,0.4895612120420435,-0.5015879043189159,1.0346950987783847,3.950643569221801,3.471215566976832,1.1528561092595733,-1.0971131273683217,-4.035260121094365,11.602414370568926,2.0236648526089525,0.3889652434368716,-2.484300220386063,-1.686521218895753,-1.1111439709602968,-1.533818440151715,-0.4754713061658201,-0.2137477790588765,-0.18803740231421973,-0.1749170969888274,-0.16932456350706546,2.2664915508974515,0.6509468186564336,0.8,5.393998169406167,4.301161256430787,-2.751033798590784,-4.7833253653635985,-1.337850205309833,-2.4290109257212285,-4.021597441136366,3.255710647983576,7.872944201945327,-2.3550812621271593,-1.1400848375326469,-3.5044004780894182,-0.2838178801996809,-2.5591323091674254,1.6604529075718275,7.672572193771157,-0.8901959754322301,-0.4479114907739516,-0.3757237016305384,-0.3557421921454728,-0.3492842430149207,1.968844215814363,2.390702736920985,0.9,-9.849339967110936,-4.555987193491355,4.644218367296347,5.010454174655125,0.4214970961999447,1.0486818402480729,-0.22412140160804306,-4.773628093137459,-12.67565204351166,17.225140059537505,7.792944389526127,8.035561500664821,-0.33654296714881937,-3.552194161967824,-2.760683944594481,-3.957978494431656,1.4677342360551449,0.8570404840397463,0.7392525801019516,0.6958017210574685,0.6793467333704171,0.5438328792053081,0.3430336534900996,0.0,553.902751881879,-157.49047571351142,8.935478829101505,113.67181322335027,53.36541096767278,-6.784818535880233,6.925791562747335,29.105766382605186,21.750937813090225,-17.867148256912508,6.19382111972225,27.431604704701158,27.229703491825024,10.654489735318283,3.3071888977749424,12.692023639986505,8.209358671492502,9.11321211320277,9.418370670562961,9.558329381883976,9.616895771605897,0.044902058479676564,0.09786529854217844,0.0,1589.464271812254,-79.12093750923867,-40.01481058005749,-10.293089957600783,27.45992435398313,43.393406799917265,14.193915638347988,-15.790492163415593,-36.4637185749106,-9.247357213480504,-7.109276162996338,4.817526115984356,6.54467283407844,9.56750814834821,12.276270409548305,9.877195378355218,15.98510939491726,14.772732828813796,14.360699995746026,14.194437649283795,14.129826731503524,1.651341546483834,-4.447373914692502,0.4,-77.47716600643486,-211.99053469838157,-120.56058500128685,-6.041919971551117,57.25294610958186,48.73442632681678,22.287113882515477,-17.530245668139525,-55.9883053962816,30.31497890570517,11.862887029941186,13.038002437157973,11.866728174448927,34.8023291347435,35.539806636505304,22.194884109838295,24.067835688644013,24.04628047846653,23.80911226623137,23.66955010401326,23.60411059979496,3
2022-06-08 16:20:58.475446500,-0.3720103870014025,0.0761865343994518,-0.5037858740856054,-0.018626625073932188,0.22343325959411994,-0.115563660581501,1,0,0,0,0,103.0055,3.175113354534932,0.8254466325150751,-44.35061430361992,0.046588150386248174,0.0572061359630717,0.4911541903290816,-0.02434970929408449,-0.02757771302500089,-0.010663037016768571,-0.006043003476205997,-0.08004724373294013,-0.13679678125211847,-0.2372411584973703,0.04199833043452995,0.03217801049943486,-0.013751959350842209,-0.024771916341712816,15.27982768361582,12.14984417645351,37.57710205463422,-3.1607384241919116,6.169475280648967,-0.2427497497414686,0.050823991551389225,-0.16795844114044706,0.03262366343280386,-0.05787623070025447,-0.03246783497767337,-0.004933115416350989,1.4601655873562156,0.9825295984834173,0.6809282844200623,0.5735116555459608,0.7256158416559805,0.8243388676636477,35.38779390955449,11.760166536875351,11.977434419483785,17.02032261851645,80.06058269791468,0.1102681258395338,0.16790542312667858,0.11674481233536015,0.07512815935508088,0.12079879268508532,0.08035672385869262,0.04992300383508979,1,0,0,0,0,1,0,0,0,0,0,0,0,0,1.813319456713172,3.6792968704457287,0.9,-0.6013829073607226,-3.98020801656576,1.3616535624320034,-0.9715957966611892,-2.9586818984800667,0.8213752979509208,-7.3343975160703385,-0.5890354232589545,-18.444464536961814,12.683037893945356,8.37047481435421,5.929048797121794,-4.958160192475944,3.7136660241323183,8.088885023959877,1.2761625991254184,1.2708250185093075,0.8569747617212164,0.8459411469681606,0.8362569982770144,0.8308228804921051,1.6473993364352035,0.9544285997960889,0.1,-17.51655754683406,4.809925280649155,-2.2322636155688897,-0.23287014940381698,1.2021327024034894,-2.8975764438632936,2.3001221622556747,-1.0583160122863582,-2.0256733472664425,-2.375020463946228,-8.407656259646295,3.947580184476197,-0.6021360918711554,-3.563845446250164,2.9364641842617183,-13.795011459398038,-2.5495346240556134,-1.9204380857059744,-1.6783364054390593,-1.5736003990041167,-1.5311244949327754,2.1518243286280936,0.9429520380219908,0.8,-6.73006923276233,2.167299986528483,-1.89194380106258,1.341209823744173,1.2467597219550433,-2.9185747647751783,0.7456895227636793,-2.185215111164946,5.335214180796401,-6.8504175398547815,-1.1134739009312469,-1.5882429810495335,-3.5282498473054864,1.3709757953192274,-4.875210688822271,-2.834910639182576,-0.000811874161637971,-0.19640503859347294,-0.2558672842795663,-0.28190642948923794,-0.2923267657622565,1.93990633075196,0.9248372264769944,0.4,1.6762980692037828,-0.6541327746023293,-1.7772800245688416,-1.7007076712072655,5.001420397407419,-5.197779522559919,-0.9374983284685944,0.8638690086583953,-3.9501750328276617,-7.858559549317215,0.8658482065215211,1.009788631166919,-2.8756586511583104,2.4754425955643717,0.1963639156821091,-2.694045336585806,0.15484138994369825,-0.17575634256620534,-0.2023584861746128,-0.2111887730029677,-0.21436881866340826,1.7499756445070482,1.196510265983692,1.5,5.4290980897613785,-5.542698064353655,4.108004754983832,-0.20075469099528087,-1.0127512996019483,0.8289275847890925,-1.5182264391482696,-0.12860275341549382,0.6071680341759442,1.639254606516305,-1.2427192098916962,0.009472593057489929,-0.6510901044239854,2.3772819678734742,-2.5165136863492705,8.276340656053456,-0.13761147541320518,0.5212324903418806,0.5509362979380943,0.5538398067879572,0.552938091521241,2.2537927595034386,0.7617860890771196,0.1,-10.1690026963439,7.3610304671970415,-6.964380206865952,1.7225085936813809,-0.9917573688114096,-2.2784497128317733,2.464783800123844,-1.2254528339562425,-4.647434126796492,-7.170898076093266,-2.1413407711772,6.1025818407657395,-5.073491881884947,3.5466974650194363,-2.091408853314034,-3.991168183646297,-0.1455263454833854,-0.4746060249848947,-0.523971637005883,-0.5441667025666246,-0.551998222842857,0.5977858124069599,0.4340112325728005,0.0,338.996120800439,36.97057205038184,-24.213699515406628,15.156818512112448,22.752775810895194,-1.8069603767774751,5.909749608760268,18.39693943987948,-48.59504247458122,98.75508034195423,-2.018400709285533,33.41573696577197,10.955582054873116,12.64694722430527,12.333551260784896,11.494894185552711,7.475147495850767,8.496898742616088,8.703559873640128,8.77456887229334,8.798259049537545,0.21013750115399316,0.2642367307130158,0.0,1153.8900919048815,-178.07765612590916,80.7107485126306,38.82540185083937,46.479322283886994,-27.40612246486684,48.479488907722576,40.05210103836667,4.174603911038567,1.2016294329383468,15.971714411084086,4.208094402108223,26.179388561277126,23.54934521976259,13.317200533075138,11.065379215456943,21.54203045242416,19.39144880675352,19.097104673914306,18.992081396224915,18.95437651944937,0.7592832273139991,-1.25016735828645,0.2,-593.7759560664513,-156.90201995575867,158.6692585609856,-48.757599850569925,82.07260489276572,-9.149319283033163,46.56693134523325,42.012417065734404,57.939193960121614,-46.01205077249856,15.403095765599351,-8.31035933376819,32.0143079544836,7.0277086703662315,20.260447412387,13.799982997162653,19.14313050279,18.751588282279922,18.881008296973928,18.98443111034064,19.0378082230563,3
2022-06-08 16:21:01.225446500,0.09673737708408192,-0.1865549402295997,0.06986709311784797,0.10670973171904853,0.04919973889713762,-0.05232907620627888,1,0,0,0,0,91.024,-6.8761236740563785,-1.3433866565104349,-43.935420842181074,0.052433815611275296,0.07924442041825512,0.4669164466724374,0.06779589164597792,-0.057141302489952576,-0.007272378623049516,0.02130646501666135,-0.09001382397617895,-0.1297650532391349,-0.22478438647368704,0.03934771856943542,0.0313141801031037,-0.017665091620746722,-0.024589164191929545,20.157244680851065,11.114702239202876,35.49911838026312,-5.563971972613926,5.8116985296833095,-0.2249433090636442,0.07508221893315234,-0.1553493575259598,0.02655358734112136,-0.05502768714510922,-0.029781669588106564,-0.010080739621671041,1.4201134444397543,0.955814483892686,0.6633433632520939,0.5570951180179943,0.704847613071419,0.8007919251892931,39.572469369663885,12.181084741079836,14.318830217154545,19.133590806347282,77.68350400550186,0.1287564819105872,0.18990302956768804,0.12440370984194238,0.07697393272833987,0.11785147891099387,0.07878298888187192,0.05270574468739833,1,0,0,0,0,1,0,0,0,0,0,0,0,0,2.6051451724429957,1.264062548518092,0.7,1.9416793346796075,-3.8649268483009385,-2.9209719207061786,2.506900784984269,0.07807369662351933,-5.078532708268621,0.6748246934948531,5.6995018944769775,-4.502652387302627,-5.453504505719803,-2.4930841813877183,-0.13296341995310773,-7.922298476801164,-3.2204864612651365,3.1871439603821408,-4.461483415987098,-3.1606771589300138,-2.945319165357647,-2.7527551552796314,-2.64435816988891,-2.596036437216156,2.115936253768252,0.4491408845743665,1.4,-11.791916804531727,0.7408896145793507,2.827374972199997,-3.539620736641868,0.4785351706767167,1.412193960364626,-4.109002092330544,1.7057894712926969,3.2653979768278165,-3.4071977972368024,1.0995302810062062,4.955082590983936,-4.157459779162419,3.4089325132814903,8.958190318093992,-7.060184978284462,-3.3183906103575187,-1.3306816788936209,-0.9426107106386908,-0.7894217128297811,-0.7306029463564064,1.8312191570108134,1.2064641465796309,0.9,-4.09979883757126,-0.14348927824154412,1.9137018621785369,-0.06962968232150568,0.7208499368273128,0.9873298282871223,-1.5953397609476068,0.3840753717610016,3.81252415778416,6.341062834992247,-1.7446032494779289,0.959119014181684,3.7182792032803964,-2.0239830807320907,0.5872527445212633,-0.1252880109131606,-0.2672829291425761,0.2325688253253711,0.2863679902385984,0.3033121667229167,0.3090120982801222,2.2920087482174254,-0.10904590870329184,0.4,2.710353444250831,-0.5614842952903966,2.5888871562305,-2.7581105996793687,4.931454815338012,0.993434066553688,-0.8500395723388621,3.2992910269342004,1.0163323427217148,1.8354447862594692,-4.3494036345155695,0.3755817951879077,1.1208207780030897,-3.054086654450456,1.9090748023113429,-2.8660971020481703,0.4599112712874854,0.07398392700377229,0.04024157165625894,0.03287831497554225,0.03122501852518797,2.1710668617695994,0.7125410070194282,1.5,5.104317099688762,-2.9659873425685164,-4.586924359524821,5.219208259452833,-0.7274515897280054,0.016838102825287082,4.142578055479249,-4.444179714134039,-6.152040689369437,-0.05892536492238154,-0.2168870461854877,0.8451584410792891,0.2713713718787896,-1.022625092687675,-3.438406233645437,5.760351335727442,0.2451762131496141,0.07086396129369421,0.042278420942808204,0.02611295446955847,0.01920022743750491,2.258424566860936,-1.8343377482399104,0.8,-8.974193998594634,2.8901607679158245,7.886410297911047,-2.855998466848697,-0.14071163214471455,1.890447714046794,-2.970282636526617,6.0072813145309425,9.679706949507919,-5.117488091748998,-6.452122135672263,4.993496401493316,-0.8742481815403762,-4.373853111034882,3.0114440586620272,-1.9373317639904988,-0.6461085640437576,-0.3070196900158301,-0.2565533471289522,-0.23273984153625304,-0.2226613169327052,1.9134851731334044,0.4979670234936035,0.1,73.72485910674601,123.97734438921977,51.934829074267476,-79.10816885694958,11.050637278557053,36.48323631986016,10.48793747498108,34.9642347519071,-5.03106795710063,-64.92668254305575,28.53330701916457,21.07787326930612,-15.464636171573124,6.272741070981682,20.938410894384432,10.053881255048633,7.952761887278242,8.55588151297453,8.758202085000963,8.850349219685633,8.888979572587266,0.4340560094251113,0.40435729997350217,0.0,721.4673134989229,158.96047881361426,-60.93948792279283,31.56181057339123,35.13720179700077,36.39293149052965,-27.07049151203569,60.64126106595212,15.428918579166286,43.38025279698865,36.86433199714912,9.730181486523703,37.49908909832728,17.623514755572653,25.42814614194336,16.91197492405628,25.191506175270767,24.294171747344546,24.058922778467288,23.963699473164528,23.926029243302693,0.4274738552702015,-2.5434278850756997,0.1,-1123.5419237367767,299.88450475809026,-83.92070046476786,0.6036210124161983,77.24476611516545,32.57687711310328,-3.600215725036477,55.916189083009904,59.77374370141282,70.53131511088213,46.952473883820076,11.805753746208119,50.641768918000096,36.370456914316776,18.635586726839158,24.97092543019807,30.2824378627142,29.435715904800052,29.325851918453857,29.29357654458375,29.282695301919595,3
2022-06-08 16:21:03.975446500,0.12820375269037587,0.16960134414704234,-0.2501630576963287,0.07261915200860274,0.02666581508386605,-0.13386782271404127,1,0,0,0,0,98.989,-9.05081890581762,3.3292760245202686,-43.67994583743926,0.015418570089815762,0.0581752689200652,0.4494218984005615,0.07289920307218051,-0.08963507510172082,0.009577501221401007,0.02521213128951457,-0.08772115539078315,-0.12110327584121695,-0.21235757578430448,0.034209659589581366,0.027198907629033025,-0.017202114567399708,-0.023073184081921067,24.337211055276384,10.158780082358756,33.590338408183605,-7.698250354940008,6.204519203266035,-0.20865616881992036,0.09659220279575327,-0.14377097283062826,0.02133375394483561,-0.052201035502326805,-0.02712328634310762,-0.014903190918625396,1.3844125067423625,0.9311037683121748,0.6461368812627357,0.5420751051634272,0.6852843623802284,0.7786452833221453,42.19004381501309,12.48700326539964,16.016075843672358,20.59142960459567,76.11971543083399,0.1422192695352348,0.20496611092413325,0.13010085748120734,0.07795574655441008,0.11517325964933585,0.07742533527373234,0.055001614024923255,1,0,0,0,0,1,0,0,0,0,0,0,0,0,2.516680967659992,-0.1322621128391117,0.8,5.965173066338707,5.474212896926301,4.526945424286454,4.041853060408432,4.331694420483194,4.356021385740428,4.898810597203116,4.988817508467851,6.267742275947678,-5.911573594977003,0.5779847668702396,1.4418864958855455,0.32309557264560873,-0.5467558703513963,-1.663883567700556,-2.2695801501750035,-2.3164028212167898,-1.5288289883334722,-1.2478661296600675,-1.101730550256228,-1.0373972080903622,2.5448501882894297,1.2771246689004347,0.9,-6.658880392848344,-5.433665695980463,-3.0651828313327583,-1.1654562475664485,0.2717007980651317,0.6795347436465277,2.9976515263805097,3.1832987275742544,5.385855897715335,5.869947943910938,4.113541713986232,3.6343187006371047,0.2519079148182565,-0.3956726363061297,-1.951738318213729,-5.569858023943487,-4.8307341441226885,-2.8562826636692726,-2.283652332374108,-2.0369324644954427,-1.936932539414876,2.305517899173385,13.620067467114186,1.4,-2.9426893107030336,-2.668248903052692,-1.2008633054195053,-1.3360494949038564,-1.4575881146696208,-0.6321664274022609,-0.6499036559551177,1.9100747838907512,0.6904480077133371,-2.4873723144844497,1.3202696887833731,0.08491493869750888,2.7838099371905707,2.2093903132020767,3.952903549672408,0.9192394528153957,-0.4210469981471637,0.11033894072637103,0.22454526175485665,0.2640877972622828,0.2781329589634873,2.314597833089539,1.0836207809041278,1.2,0.9347157869020509,-0.24858178271964626,-2.5462960568623885,-1.1532717957933685,1.4210303693765955,3.7220142593659085,2.9701868582432094,1.0920051884157531,-1.1761410753043684,0.16958358583362926,2.8043816683518448,1.6650608785526146,4.0543151745789805,3.475665530428538,0.2878800994839009,-2.10186734076227,0.4203516311626443,0.593009733769734,0.6074447075508087,0.6117480879586096,0.6128021824059942,2.2306487903965198,0.7505814366113971,0.1,4.657242523052681,5.458224391125385,3.3255056668199776,2.628012427976376,-0.6748367401043941,-0.6395336586068711,-3.077282299198333,-2.298018515461475,-3.942647510760928,0.03942679231565732,0.5108118793335166,0.2863392843418385,0.1028585363218833,-0.5438045590861609,2.5831457676066734,4.309408874644647,1.6985620770592835,0.8487123590712656,0.6785993347714365,0.6106723525740971,0.5839641906877722,2.373283244790884,1.968071711639212,0.9,-6.292238801635522,-5.0520074784398465,-4.616018679944508,-2.8421921548465545,-0.5964742858724692,0.6148746123164016,2.114799564119307,3.0295670940519552,3.447518279455334,6.098161351942682,5.955314150093281,5.9519935870673395,5.271286299520933,3.5484943155428414,1.064312180521001,-0.5713275536130222,-0.6902552201005318,0.010346219776112045,0.2053930982805365,0.285297580525018,0.3166370170438317,0.9440810526990868,-0.3223472505430189,0.9,-185.8449382167836,-37.57925679302471,-31.715893316448817,-46.3142953706481,16.316583529113473,16.119382972662088,28.401121056447767,31.522600603943246,28.67160816353312,32.080847258751966,1.7645728506445877,5.578393128340528,-10.516319234664195,0.3538633228442549,-3.6384452082905843,-3.3578803177992786,-2.2707828786189825,-1.8130619807420367,-1.416771674287953,-1.17817821192217,-1.067533612078957,1.3385196028369768,0.4764372723435849,0.0,283.3623076848356,190.13702172181996,128.73107348381524,7.50700608978531,5.812628269486531,39.45543335072945,61.176797441247395,55.16705885188928,30.08691852244944,1.9663388476904544,4.971968770942178,3.3148861271684327,17.180448223625245,27.123934844080747,25.32552703856731,16.07300271857354,19.67589807976384,20.308131267978688,20.24192779938276,20.203465227739663,20.186330154052925,0.1280453006079234,-0.7114094123548811,0.1,-1677.1203974717137,130.54250184272294,101.69014576694912,75.85245138004181,53.433888201962596,52.460730218507926,48.68863821278126,42.815250092566345,26.747405493627163,18.59754989216154,8.184767082279656,13.252257164644812,19.999024940190587,28.109808664719715,30.03159679223371,27.78228758764906,28.4806280584054,27.55901932278976,27.071232022269072,26.79555607948296,26.668454661079164,3
2022-06-08 16:21:06.725446500,0.2635428168313895,-0.6234565804113675,0.4372446096227141,0.5959988602250601,-2.495439569605556,1.7298729779816036,1,0,0,0,0,68.985,-35.11770540111724,23.397179522565107,-14.13532139333412,0.08816087764694483,-0.06361852208812281,0.07876441630030934,0.3087358868182284,-0.16770466629404512,-0.2017851997043876,0.09471756249451307,-0.09933507363972396,-0.1141152531925952,-0.21238719978239248,0.02430348827046538,0.020427176747921768,-0.03481161540317045,-0.009526438742563328,27.973854761904768,9.022774317401268,32.084130266967286,-9.406385000845246,22.595578187106515,-0.19233777427355747,0.11131508447820776,-0.13260243104016511,0.014213283088793481,-0.05031303252854084,-0.02419218348582511,-0.019745630510302575,1.3501966691832077,0.9103559125165488,0.6359469119365261,0.5380707107236331,0.6949402288276044,0.7686750276053662,43.93786415112481,13.219072712150886,16.936506256907947,21.411185544488248,252.89402641215247,0.1607942830465609,0.21154177615059694,0.13796684017653574,0.08357387985585997,0.11340019800109034,0.0766558480347723,0.057767072557311276,1,0,0,0,0,1,0,0,0,0,0,0,0,0,2.0310532407796082,0.20020701501802515,0.9,0.4035058172069717,1.1207602269874009,1.1951776013978344,0.5101113461864251,0.957545247239268,1.5757168651903484,0.0617046141058879,-0.5209433605102068,-2.7079198588964037,4.184042743629059,0.2039274655000839,0.2314142992502014,0.5655272409591781,1.089664631706626,0.7125875807505941,1.8366431472452465,-1.2295318911506798,-0.9396761361692382,-0.8020060165054501,-0.7417735402068815,-0.718072440234091,2.130671423376919,0.5109964077931709,0.8,-2.5532237899898185,-2.142054325160568,-1.7725742439150105,-1.1612760894169796,-0.04235919410627631,0.3517764046658204,0.6956153303950112,1.590502781963017,3.104340190496877,-2.535322164603332,0.14510899015697531,0.5943986661390332,-0.5787854379941192,-1.1029665576970469,-0.5703100260670205,-0.2289647480141455,-0.7909700140529536,-0.325444765791128,-0.16025550028236354,-0.09057727394597513,-0.06279210703126234,2.3418027823998107,-0.8779363834621666,0.9,-1.9247902565037445,-0.19043626960308332,-0.6496015768210773,0.8482458760993818,0.7471731293695985,1.8657260420864499,1.4961977369323225,2.639855572668538,1.8511312677716218,3.045975626836254,0.8108096630099995,-3.3876436213024914,-2.380111942407049,0.5189181687078219,0.6397374841280471,0.08837555588917928,-1.050552275810812,-0.7436442827778528,-0.6346398020779953,-0.5919375381048105,-0.575701810899941,2.4927062433241662,1.5534986315072143,0.8,-1.6722060998068866,-1.3880416673687646,-1.1258738272310531,0.2303889092611588,0.6005608379406914,0.9008717510736509,1.104949774391548,1.7492636711959881,1.7566979139074754,0.9482844976509006,0.465604609567797,-1.0910431110407486,-0.15452342266553235,-1.5617768576240003,-1.5656943589857284,-3.195027171025235,-1.2839329914077695,-0.7715841629680767,-0.6595584885183337,-0.6171167612670393,-0.6009555616893384,2.5672294159035496,105.39118563890528,1.5,-4.417628678640535,-3.783256752593002,-2.537340819194919,-3.5868573696324555,-2.9086933852422643,-2.0384714641873862,-0.451223760648062,0.7430358473289107,0.40248584934099213,-0.9795691559132133,0.09914047266147462,1.6625593423365228,2.1545982398802423,2.88123574521656,2.828870249681054,3.2207548746737404,1.976178447010392,1.4008666325942056,1.2442371366831135,1.1766207821831962,1.1488349238743385,2.619649431429293,7.8858436209321745,0.2,2.0398620320965555,2.4166111209680725,2.427180042065588,1.5310761046425128,1.5564207764500213,0.475055398608825,0.4962260208937012,-0.8228443795388166,-0.4277772696873628,0.5896633094864936,0.5647090169012355,-0.6909196651763975,-0.9333429927720592,-0.337605472173985,-0.9569915264012988,-1.554861057366586,-2.4218171109548483,-1.777484443187772,-1.5883641488843596,-1.5159318498891956,-1.4887770085552066,0.6660725552191169,-2.0357738200141258,1.5,-267.09223046006787,-11.643791059773648,-30.54082192516509,-55.09135869408128,-16.316752967111753,2.524454726145541,-3.151727294026257,-11.95665857255439,-7.349662638570861,13.762143085473895,17.52081873614918,24.299157050149468,23.1572233323188,15.323387196647847,22.559451794078264,26.461359274374317,23.092332040031962,20.799826785101665,19.996642457766047,19.596495725648488,19.42026575903467,1.782492842193928,-8.432556003753378,0.0,87.29267279070541,38.90472858042507,-3.3386394803734563,49.748932778494435,16.99463483161705,11.697700413451175,4.720585138775876,1.7356770409330684,-1.555712665292479,-4.6502179657472205,-8.257127141670708,-21.32080729593165,-20.00602649587578,-18.347086359997906,-15.613748399459627,-15.683954282325649,-14.874982948383535,-14.90856692164281,-15.001126342658855,-15.077502577604827,-15.116695705825551,0.025865426695844226,0.14972671555212946,0.1,-1772.4511040445645,34.93204390323345,30.845815725334376,28.59073673055121,22.035703989360737,16.72253718160428,15.57676339264083,10.952761168104189,6.4631123919534375,-2.024802325503813,-4.143718779238512,-6.821219259115188,-12.177900428568302,-15.269545559369789,-18.19971732154697,-24.847428579641214,-25.44404428909043,-24.242897411420984,-23.964040134250823,-23.87230486937189,-23.8402555250123,4
2022-06-08 16:21:09.475446500,2.6430583858453103,1.7315959557394816,-2.4037809071649434,2.4286388908412757,1.057273695530064,0.7080249418612752,1,0,0,0,0,0.0,-4.379544064312594,39.49982674624717,-8.154082527617106,0.00042206818524121744,-0.22507734660111825,0.04738786688784567,-0.023965903724063084,-0.1125312778200144,-0.19139529261196367,0.2053248317000953,0.13596972086771214,-0.039688400837104586,-0.22070344068558256,0.016076361646798477,0.04613299782923369,-0.03347991689502501,0.01696004239384051,26.701223981900462,8.17398781130747,32.472682291357515,-9.170182753691977,21.47094987761124,-0.1941373030539995,0.10614408302751532,-0.12598290060002978,0.0093180436146249,-0.051832786004202935,-0.01865955804822271,-0.018318357259564044,1.4168280668321278,0.9439143821880932,0.6773074992142321,0.5956786014361377,0.7073975647076872,0.8167438695347258,43.207234267504674,13.524928328171686,16.601239114867766,20.961093038151212,246.53980386192336,0.15697678057800676,0.2082224989727363,0.13914713341120755,0.08443089619113843,0.11603170812177888,0.08368095236558057,0.061947676168708,1,0,0,0,0,1,0,0,0,0,0,0,0,0,1.9775964803480792,-70.93984833647372,0.0,14.679939286824904,8.566413363260796,-0.492280725978246,2.3478113392711735,5.480298287305302,-0.459350174706467,-1.3087844227819674,0.6597352442331328,-3.2780615441635828,-3.00341538880467,-10.598739827128774,-10.950372927379837,-4.308826708750899,-0.5818071992386199,4.189538070525239,5.631129673922196,-1.1890046659062097,-1.2088839171328871,-1.23487187087807,-1.2670493850072648,-1.283813884483219,2.1747276263114705,-2.19307205592416,0.9,-6.684562284312371,-1.0407755550423254,3.0266165542608747,1.805573346980116,5.519835021929676,5.594697319198753,-0.38190489567022745,1.4827280881392837,4.463662042160057,7.643484683129895,0.4884876375353541,-6.321181893320942,-8.150166543252553,-3.116472079178314,-1.966410590605256,0.5625849929712325,0.3682472005223084,-0.08620138423799284,-0.1805776314955276,-0.21717397552939674,-0.23135775610006784,2.2677330738434227,-1.6564003582517952,1.2,-3.99177507467242,-1.3773979632137274,-3.246053385863397,-4.154040145333989,-2.0714892626363484,-3.7500561207016783,-1.3789654137417546,2.068128584454529,-1.021547878083117,-5.1387955852216605,1.8120738016583664,3.69165526376041,6.841344886080184,3.3906541968886463,-0.4683744873499546,0.3641538064445368,-0.12308366255378872,0.25314244607755165,0.3893225877078335,0.4512805815169588,0.4765877584766463,2.381265660947938,-174.7109733675444,0.1,4.704615522888358,5.889387666982263,4.826124923514692,1.9402052713161089,4.192164131727203,1.08856431154069,-0.7968891329277803,2.1846736840588736,0.29632093982965396,-7.056124286087113,-6.426898565242026,-2.801119321947689,-1.1565523045652446,2.368938759968348,1.7690958027042818,-3.657152346022341,-1.7380746563159304,-1.4367092791417788,-1.3710204118112186,-1.3448130946872707,-1.3348136933249697,2.0262358384345402,3.0507392268813804,0.2,-4.220086353270597,3.4891042592173656,7.105521517049284,-1.4683286881907265,-1.7509937103184856,3.799836168954605,1.3625254420790631,-0.8374860477936072,0.6327984986752128,-3.1496290281749646,-7.307040662128563,-0.9054760488596962,3.8415233502769097,-0.1176595610343247,-1.7613917316123495,0.8393089314063821,-0.4962581766770176,-0.5030636164033538,-0.5279302862608549,-0.5408757084777633,-0.5462914805815593,2.251803823572679,-102.0828089160357,0.0,8.070047677106231,0.6270430336344299,-3.6946570029518067,4.854357108385337,5.3410411115880265,-2.504011712312209,-2.0817563960886667,3.022330030923273,1.8821906142396263,-8.692686337630015,-7.906400340754714,-1.4522551552347633,2.970039369550108,3.09343547197086,3.121214934841537,-0.8861777822044365,-1.7095397547418894,-1.1130343660812152,-0.981467330547221,-0.9282888437796698,-0.907626830154284,0.539591251667749,-0.013616004496271471,0.5,-343.4188394167994,19.5865461277064,31.97454055430099,-30.051096685769892,-8.353095450224046,50.20152872883824,-3.2060283706956234,-43.80627169812454,40.84675181044633,48.02570429780942,-16.177542364561962,-41.00510584275787,-9.377433912676448,-2.3524549215921637,-9.908284406416877,10.655953954293237,3.414696963280803,1.532541093501889,1.0648938559234615,0.8528784714476467,0.7665473543327623,0.6806342120242332,-1.1789627211969982,0.0,515.7816898237091,213.68532545003964,-69.45677406585331,-46.391676682811955,21.13106033248664,-17.956897317276248,-42.263226518943135,-16.356260969782646,-13.840522588881395,-24.274128350555856,-18.584427356461397,-16.74015796393545,-10.421247083391144,-13.28824160803336,-25.798164962715806,-19.39835093418279,-19.141019304428497,-19.019293335631165,-18.853918097430327,-18.782339130219725,-18.7532497038444,0.2398665541361607,0.2471019266563059,0.1,-1332.4013039922302,220.01805007922718,-87.87303150570486,-62.281530206417564,25.85153436090519,-39.478487822961476,-58.581221826641034,4.342581067238426,-24.52475857978177,-79.16448066226259,-20.600087795777,40.7161834694973,10.862300395553568,-23.41096231636311,-17.064186887647033,-24.282564278037373,-23.443014955840965,-20.962358571716763,-20.433273650687934,-20.20494819232349,-20.113068332155628,4
2022-06-08 16:21:12.225446500,2.6658098004950426,0.7816364230819001,-1.7536508972960707,2.157268042500459,1.111735546699056,0.8527682576545571,1,0,0,0,0,0.0,-3.733400346761493,40.229187776215184,-7.314461887937794,0.000650226636206671,-0.2317675061987661,0.03947217551387777,-0.0318850749107218,-0.10730335337188499,-0.1861041232859892,0.19737135676091688,0.13574194793256975,0.10432924121265301,-0.16390440347117033,-0.07414186067457543,0.1498932429658805,0.021849122463433054,0.05850400477854436,25.435217672413803,7.589710892488871,32.829457895726264,-9.082827566975547,20.45295661488288,-0.19583368701787485,0.1029832485476758,-0.1213812830623962,0.0037650909744525174,-0.05840435270525165,-0.007510734543325073,-0.010870584583289851,1.527451810422906,0.956430239275956,0.7756683747920186,0.7452709244007705,0.73375712479459,0.8189629767475919,42.54770616895822,13.457858786451087,16.280258422557992,20.459980144752407,240.64166397561044,0.15338331141320047,0.20370313937048232,0.1373659817403103,0.08608945396988314,0.11704689868917367,0.09584164850548252,0.06910577266949497,1,0,0,0,0,1,0,0,0,0,0,0,0,0,0.9562392227542192,-1.7518503062333095,0.0,48.58612254275695,6.691570971183952,-4.798986537915623,-4.977983158454596,6.022532313042867,-5.485488992986636,-1.4536012694468683,2.5639816331754006,-3.288952682260642,-7.7083028712220445,5.099020603507992,-12.739351557827275,5.466077555983932,-2.7327652158568823,-6.922017467603878,5.4150264731593705,-2.5180744306178533,-1.822714091044089,-1.7633123115593938,-1.7412068593938748,-1.7328372228282474,2.166965812847403,9.349709744982883,0.1,3.897743172065863,11.100997835120818,-6.332909954108647,-4.4042151867441035,6.402971320732298,-5.8246960412826,0.7317297501019784,-0.8135645684064496,0.8314563906754113,-7.6624818787264095,7.903859272586155,-4.3581373958193454,-1.0151417448787927,2.7652169981054198,-3.965625139713776,0.06283256420174578,0.3808103373687775,-0.07211244971491504,-0.15970989181001627,-0.19557124966031725,-0.20965244099184385,1.3136007921271016,-0.9651760409764554,0.2,-24.26008036843853,-10.658490481511981,7.685346210586418,1.0854841071644687,-2.2476769783992685,2.43749571532128,0.3537483399001018,0.2530186584299853,-1.6722094159752272,6.712693081710749,-6.614798545197427,2.6913743633412524,2.3098619843420543,-2.74989900954318,3.9239130781188303,1.0974642357950344,0.6084510995804988,0.7446981393975576,0.756991815301935,0.7605761174048118,0.7616809092179734,1.169951490672661,-2.5656295467527817,0.0,28.92430987690594,11.06836891771277,-8.298310162144691,-2.6730819154407044,3.8427754510197665,-5.0763049043674435,-1.1079505262376828,1.736748451688171,-5.530863436859495,1.6853923722405717,-1.3193866773664564,-3.040209087714812,1.6062343634927363,-4.1225738483121415,1.7263110373442756,-3.423329566122536,-1.101059787503638,-1.1968719283559657,-1.1861568453519435,-1.1803333465285344,-1.1778632565963194,1.4807504019183122,-1.1433249593962391,0.1,8.26918909735125,11.703440961327393,-8.638271563332678,2.6613466643703405,-0.17277144866730776,-1.5993453127480963,0.1908577481628193,-0.031627497468796666,-1.940411062713648,-0.20139466383386728,1.3140536595834398,-2.5386333861638315,1.808037127015208,-1.4215164842182153,-1.2545753905803678,1.0208655990016635,-0.6040603044224162,-0.4259005355130354,-0.4305507878575468,-0.4348757607105611,-0.4370613713325665,1.2225568557529032,-0.4352899785470949,0.0,18.124394757295747,-1.3960438199597278,1.3075979972550869,-3.3927195138102686,2.8861052476778566,-2.670309297020156,-0.7793410775250881,2.0831090027434023,-4.061946353531321,4.227459035521813,-1.058955261668635,-2.644732727171334,4.070808766189919,-4.409470261003343,2.4046702835353524,-0.5397593876377704,-0.46863942811408,-0.3890264895722312,-0.3744391801173691,-0.3678849132623651,-0.3653129315463939,0.9291736041072052,0.04443457158404198,0.1,-310.6950941922499,78.15488173981859,-28.21414037770432,16.164728027615055,11.591543281943087,-22.32202152990381,31.441170754891463,-49.83747241075443,61.58613990620169,-62.3214232629714,56.4209974331161,-41.32622481591029,10.921368090063083,2.1997772093076686,-17.268530552025346,9.789552030741394,-1.0330663862076117,-0.5978983167011727,-0.6525110011394304,-0.681819716595653,-0.6943426442901992,0.26402737448301605,-1.0449417042652935,0.0,947.7919081083952,-124.8987072470573,70.33852708153498,-102.87500943904129,16.18862577042384,-51.768582857220885,-5.003086947003624,-30.29234255849247,-21.005078822143997,-16.349014751929907,-30.107591118267656,-18.8790341167577,-18.18214106899555,-27.162588421047968,-17.329848995964166,-20.76800298024971,-22.219218795562867,-21.511842293302387,-21.404130955952624,-21.35520786543105,-21.33549089005639,0.3382438673480995,0.2835061481334351,0.2,-928.8609816232184,-148.37264919235272,72.89472835301908,-80.01555925202824,20.473508931022828,-46.76375099210888,-2.260929707532106,-13.341290358156206,-53.140614637969705,41.90463638987116,-81.51394775895061,32.225124924842795,-42.833476525774586,-15.920571167664649,-11.27074669840503,-22.495497713158112,-18.640334551389856,-18.475631267888183,-18.436655252042765,-18.42002700803716,-18.413673750273823,4
2022-06-08 16:21:14.975446500,2.307067059819752,0.2680812982618304,-1.4162145529205543,1.918531705486648,1.1049997516536392,0.7673849661725838,1,0,0,0,0,0.0,-2.4853997993915966,40.80482477598141,-7.507767509345943,0.0008783850871721245,-0.236665213531652,0.042226380870827473,-0.04547145984290407,-0.1038992882735701,-0.16835739628867594,0.16978882288086036,0.12736219427827153,0.21425068056481747,-0.13391430017495115,-0.14187204188561087,0.2341775630844295,0.07122311782138803,0.09183176747267824,24.283829218106998,7.112241415162815,33.17899116813166,-9.0117305178246,19.527137679409595,-0.19758591550285276,0.10022378189763312,-0.11774623467278257,-0.0011580250537898216,-0.06362986450400142,0.001176317873272465,-0.0044804811068845955,1.5760635959138984,0.9450572559633984,0.8196749681339904,0.8251096207948799,0.7520370741558943,0.8147335536018003,41.905802259961774,13.330962547545447,15.987113114687713,19.992261048241915,235.14753357188422,0.15007384890500292,0.199424551166172,0.1352481678937108,0.08710818011371718,0.11686151345368208,0.10183632654096574,0.07364506197057863,1,0,0,0,0,1,0,0,0,0,0,0,0,0,0.5658964584493347,-0.3502955457646202,0.0,76.65152539215617,-17.49606667444136,2.5943020829996666,-8.645290029161014,3.511367415186154,1.3716814623946243,-1.2963565635655483,0.5551023408669584,-6.372906838649143,7.067240370631633,2.4139939807495305,-11.38320670712372,4.645339688839528,-0.6260569493207075,-7.698435565662264,5.630753421907152,-0.9687209143655368,-0.8222245987203793,-0.836697556721586,-0.8498441022673537,-0.8559672674028234,2.210593466936397,-0.5822617624134627,0.0,9.830760305783377,-6.255921163262505,5.923476031033751,-5.014960349248097,6.811772103184848,-0.2314163811854177,-2.0163213942910225,-1.5036993924538808,-1.4122626976812152,5.75280019259734,-7.6867663089396725,-2.120270879416595,7.094348268826377,-4.242531511463462,0.6113718254640896,0.16490607034837645,-0.0230333294970555,-0.04888565428911329,-0.08202161595132762,-0.09528677682177923,-0.10041446071648047,0.7457068878641192,-0.8562855795609756,0.1,-41.289379863567476,8.332891221733451,-6.9897456939224645,6.410395992422201,-1.9658344206301892,3.3518707250419086,3.7236658575634776,-1.288076920858857,-1.0636311187281686,-4.47708225821785,5.452446787761208,2.03383286703739,-4.169407507931767,4.906717824398914,1.2320398502004417,0.675551583528742,0.9042548287953392,0.8191437645248683,0.8129229926786561,0.8090083090462481,0.8070608181050721,0.5724750450003419,-0.9797865502586782,0.0,51.23037233965513,-12.699623113281016,5.661877101782104,-5.707437601645747,2.4348253388005414,0.9172784721602536,-1.4743989636139905,0.0010793931687063107,-7.508857642924778,-0.07236131201109486,3.8940272926821233,-3.3960818940025033,0.15631994322284282,1.9156430098631785,-3.34246506097584,-3.1281753993183554,-0.916060444722982,-1.0644786297331077,-1.0655741187754415,-1.0613278304168432,-1.058845450567599,1.3197551482771477,-1.255187176043241,0.0,20.65412120031025,-7.695977694865522,6.934643331669531,1.9399295393076332,1.089208772693472,-3.702451000333756,-3.486057195715829,0.7243205174983449,-3.0015428045506383,1.636089743226942,4.263768737212139,-4.662741371673745,-4.474063299122694,0.3954091990435464,0.015558219255955132,0.7503257053379784,-0.3750054175606807,-0.4520196889259063,-0.4729955899935776,-0.4855578864322192,-0.4911127660598168,1.1118439397569395,-1.3714408261175426,0.0,26.68248261743397,-2.495533863357513,-1.239571692371726,-7.955419162536643,-0.25946073575486306,3.953198728393398,1.2204860522023655,-0.8802609044777179,-7.24209162505783,0.015016127074942045,7.190815452462053,-4.557742191575171,-2.7489311491822632,3.8151456588067476,-4.16089565472768,-1.010565600192105,0.15367314124832165,-0.28598461005393183,-0.3451005571594159,-0.3672960705496988,-0.3756413698927893,0.8561317750698753,0.10718297971087627,0.9,-271.13661486990867,-31.9498888905472,26.54333605752386,42.89378899167093,27.90316352981695,-30.274232431160346,-49.084398285556176,-29.95100780677741,30.69165222677919,55.214159716888496,-30.06241129287665,-35.261779358354886,11.784690285395751,-8.421911804629033,4.496567453025087,8.830094482950622,-3.066263385348101,-2.011555045907584,-1.9778189098636856,-1.9922538900870757,-2.0030230484335423,0.20967510389358127,-0.6048664081102044,0.0,1372.2331282453288,-229.13531671978802,-130.3487096520401,-27.51249177324658,16.018966870388056,12.548288711782803,-21.4360893135724,-33.64347219445873,-23.715701243539872,-23.29818446498825,-13.713099254319479,-18.44523713557432,-27.64301864976093,-13.033683247925374,-11.926801259268755,-18.963541794779086,-20.392231061922796,-19.821818679102858,-19.70929959520304,-19.675283555948496,-19.664203152584776,0.8785821981884917,0.35892842719641715,1.0,-527.2336034199626,-229.63362058114117,-129.85095724161468,-17.87376898087836,7.066292112202812,33.39861597931745,-4.123546584021131,-34.08822183258834,-52.948723472347496,-59.88379845211289,35.02875237854948,17.360393708397865,-58.3137930161297,-19.308576242361106,-20.837694828627814,-23.16205209706166,-15.846521598885767,-17.745802379810215,-17.99215691779468,-18.08398889313052,-18.1181975404282,4
2022-06-08 16:21:17.725446500,1.865749100568311,-0.22258309622997974,-1.0920625121818317,1.6901401591330758,1.0863342810484715,0.6699954100229698,1,0,0,0,0,0.0,-1.2830380046307264,41.36703494570671,-7.692538005097562,0.0011065435381375779,-0.2413804951024855,0.044793766643484285,-0.057987521022048176,-0.10092333263614564,-0.15122069181695472,0.13857381297945265,0.11879004187744815,0.29465466545456104,-0.1278508714247638,-0.18959103307178565,0.3015545848014219,0.1154890280901059,0.11840398013912858,23.23216732283465,6.726286474898869,33.52248295393876,-8.952716895333962,18.68151766646928,-0.19938924216762452,0.0977914947964779,-0.1149336594566454,-0.005533528946529079,-0.06771652979502292,0.007736094033474691,0.0010065327188645962,1.5874957513110026,0.9252027898828136,0.8327946602456227,0.8672143158313187,0.7644797323299919,0.8066083069370574,41.28284398420486,13.164202507080992,15.719196343202755,19.554793895080728,230.01330152843525,0.1470208763987171,0.19537716313352688,0.13293861859359915,0.08765021101753534,0.11590554334072607,0.1042962959596282,0.07652278115224233,1,0,0,0,0,1,0,0,0,0,0,0,0,0,0.4113458724423395,-0.7224929967750241,0.0,93.32894734476939,-14.72464272910861,-10.540588666858463,-5.2432431261423424,-0.6625410403880565,1.721330488667849,1.3155396094152163,-1.407451740325949,-5.1434380312463714,-8.288132944746645,-9.544520395073887,-8.371184684682598,-5.11773072438541,-0.8238250479154461,3.22249015735372,5.3679456908859855,1.3153753662467675,0.4021216380080817,0.14714271102355525,0.022929668021566485,-0.030256481144492864,2.0071561205836668,5.700622047620415,0.0,11.734892129083756,-13.247404861044615,-8.245722588085108,-2.44016965068104,1.7217889773868316,2.779437873306059,0.9193914305868858,-2.2305194314853782,-4.53550221958249,-4.498339327984491,-2.003635328119577,1.7117507077066791,4.805517469448566,5.851970423031629,4.5511591005482455,1.6811750716065794,1.001030055044419,1.0978634209239455,1.0465188351147523,1.007606919854442,0.988219706662798,0.5124098780713483,0.2697156949069717,0.1,-53.40802317435225,13.511500891330732,8.944633370525272,3.493904539132056,-0.7104288825305369,-2.317284200918661,-1.3282973387234391,1.0288655175607766,3.0286264899151867,3.370831089110577,1.8106172441661703,-0.8142743166379051,-3.1312861391319387,-4.021264079884316,-3.189478470530755,-1.1338531589577816,-0.4429363179489747,-0.48383455376909,-0.4390357334307029,-0.4067706830170701,-0.39093649872108027,0.4131450907914335,-5.1687568948464016,0.0,71.29511997825587,-12.74533896373632,-9.169393081240695,-4.654040941937257,-0.723554417348458,1.4653974948065365,1.5382310448617655,-0.05036468145766815,-2.3237925954381584,-4.268903973076192,-5.2568738020449635,-5.2153024585918795,-4.51055338341488,-3.6468175426178817,-2.9540434785459944,-2.203795602853919,-1.251756018385645,-1.357903500455941,-1.4142563770073626,-1.4389784826464451,-1.4488619212231744,0.4912593407530258,71.1064342901749,0.0,39.0545348844241,-6.1207277293230815,-4.386462508012025,-2.1580293276221187,-0.1585822841116089,1.0204142536679541,1.1188619814832623,0.26461155339637066,-1.1220270691519487,-2.5200646187669085,-3.5060398510344197,-3.878117893480327,-3.6691085982811535,-3.0638720136572206,-2.2665496384943444,-1.4015183597191552,-1.5281031708236008,-1.5948775451020532,-1.5650140750080783,-1.5423073419415654,-1.5310967308427732,1.0497380503367977,2.246968957319443,0.0,27.786630825715488,-5.488600813633259,-4.325461040389477,-2.6888185036582906,-0.9840997885806972,0.3285801278037601,0.8514038075997932,0.3773156956704067,-1.0163939148392698,-2.9578305408174153,-4.876958766306969,-6.187240269608581,-6.486536283456596,-5.689209490767281,-3.991930960954371,-1.3994009994108088,-0.5194711927847078,-0.9872351220227532,-1.112580952432814,-1.1607060360409442,-1.1788122186329235,0.5710794447386001,-0.008297310585846537,1.3,-158.7324095634657,-19.95521845041198,-14.237279835342063,-8.291185168513984,-5.408223253219028,-7.19179750075287,-12.626148908358877,-18.541103893540203,-21.22716465193837,-18.345345392584374,-10.131435679365467,0.7149381286314962,10.360018621663542,15.648831387611194,15.370735495872154,8.937699316287107,1.3695385795262562,1.3483905691583908,1.211187712152717,1.0832218976644428,1.015166333554462,0.0008454869170383582,-0.016293259933967453,0.0,1660.3576871009714,4.1189100507501735,1.6454296388753846,-1.0636743060109382,-2.648594633865571,-2.321999748861188,-0.2587383618794803,2.5023436774184797,4.583452064535977,4.943872458309095,3.3650895680585218,0.5153390557899158,-2.4112153044505504,-4.2711925509682445,-4.468681739490329,-3.2842781973461754,-2.773424992273668,-2.287035555835452,-2.008453351557701,-1.8690618347267005,-1.8092678371753317,0.3317035971372453,0.29193500373909925,0.1,-275.85956379011327,25.925781863214564,14.719954582217227,2.5682217166602794,-4.367535467867459,-2.7320414337263443,6.288525055012897,17.60280270636443,24.851854670708452,23.639769054782942,13.678176530066892,-1.2110148784109818,-15.128841063698905,-22.99175236748314,-22.601454975979408,-13.298010610929156,-5.409388499803661,-5.659811487717649,-5.3774190975914165,-5.139015385513104,-5.016922590034519,4
2022-06-08 16:21:20.475446500,1.404895286502857,-0.7140759588764423,-0.7663585462555769,1.4671537538279271,1.0666651666952491,0.578024678510496,1,0,0,0,0,0.0,-0.11517350998105802,41.925938857677814,-7.839935439779162,0.0013347019891030315,-0.24606311631553715,0.04694866256439829,-0.06985910432252003,-0.0980884637792704,-0.13508260937440428,0.10676661684404833,0.11058811090659976,0.34930519919668296,-0.1427888648162269,-0.21975443650661486,0.3541324551455339,0.15530422140282976,0.13911368846108355,22.267813207547174,6.420385382630142,33.860704417643355,-8.904124304547086,17.906109540425742,-0.20123757405977769,0.09564408940161596,-0.1128404374496124,-0.0094293772948273,-0.0708095273880835,0.012438640706382651,0.005705078686739015,1.5764155496899197,0.9090387357161456,0.8283171584582518,0.8859846895684871,0.7725430096279918,0.7959113479884655,40.67944471367365,12.97108600453559,15.474176302944867,19.144498881989726,225.20131757536709,0.1442004455633281,0.1915427444601704,0.13053100214095986,0.08783093369728312,0.1144417948999456,0.10459667439123632,0.07825380791541346,1,0,0,0,0,1,0,0,0,0,0,0,0,0,0.030381207512049563,0.21090732240326285,0.0,91.8700715116328,1.0313431410945295,1.0322470054113175,1.0338183703267791,1.0361648429359225,1.0394604412042252,1.0439771610501385,1.0501417768457064,1.0586416399050584,1.0706334075070996,1.0881885709917305,1.1153494769024848,1.1610154205179681,1.2485787628936214,1.4578244382986836,2.029539286870736,1.3705732096011474,0.9702101848046172,0.9121174655808492,0.900011168742,0.8973661663295167,1.0220622660109462,0.6741798287171934,0.0,7.5598663446783485,0.8636822560934154,0.8637692461610028,0.8639160909065682,0.8641252224815203,0.8643990636855876,0.8647382490023079,0.8651375583814325,0.8655764380080841,0.8659959891486387,0.8662393880086885,0.865881960739924,0.8636700612460544,0.8551778813258387,0.8182969470824216,0.5845024250988625,0.4409224949265541,0.6347117815819174,0.7031869119389761,0.7318568416282023,0.7431515840038041,0.018801807618518938,0.15763731194086725,1.6,-55.842047632369024,-0.5761636708805398,-0.5762669273107157,-0.57644319089838,-0.5766988910694169,-0.5770433123690974,-0.5774886458566058,-0.5780494482625591,-0.5787402418735565,-0.5795676337605944,-0.5805058650254621,-0.5814179156680404,-0.5817690394409725,-0.579322975878023,-0.5612435451182738,-0.4126647093065061,-0.2751605885422086,-0.4021490553076991,-0.4509431818776533,-0.4719275495638212,-0.4802862383542042,0.006186357122174215,0.10043363665883152,0.0,76.6872179866317,0.3905207387886147,0.3902450433260416,0.3897668823840261,0.3890555026999598,0.3880616142838456,0.3867091222412045,0.38488056092221656,0.3823906919971347,0.37893620120171295,0.3739931184270593,0.36658850046008506,0.3547330578022647,0.3338241554800643,0.2922913793035757,0.24870938843957904,0.4929369441576761,0.500471848420682,0.4822546602397662,0.4722592977718125,0.4679754152572198,0.0010365419553932183,0.04165679796230693,0.0,45.12385997837535,0.05710091552959096,0.057106278726514866,0.05711668728121655,0.05713476171733323,0.0571651741771122,0.05721615803016888,0.05730253333214441,0.057452061362612376,0.05771972075463984,0.058222733510442375,0.059237036635406574,0.06150832212806756,0.06751028782956447,0.08858823905444302,0.19308945722218707,0.19751352098716607,0.11371721238454625,0.0910042400394866,0.08279769749541828,0.07978971321699704,0.01717395151039437,0.17537551210337698,0.0,30.26872419303451,0.18808007999387044,0.18772739092672808,0.18711866252149267,0.18621993629552014,0.18497794086859032,0.1833128965882864,0.1811066438463902,0.17818299379389746,0.1742748304592029,0.16896910073546045,0.16162148782021318,0.15128683597147707,0.1373057302435169,0.12885345568481332,0.30244938863084936,0.6598012515610057,0.4835480511262014,0.4047669364327763,0.3706671761171372,0.3571299655632834,0.09767298059807936,0.3571830644792581,1.5,-91.03843601575676,-2.066991711967354,-2.0651132734252897,-2.061862015301208,-2.0570403912298536,-2.050334096946913,-2.041262720811215,-2.0290941256142934,-2.0126921394207353,-1.9902327982097383,-1.9586410442540376,-1.912378132000452,-1.840565073283578,-1.719575714685669,-1.500331350674826,-1.4645596680606985,-3.161122157292688,-3.0344643481950553,-2.8546677754511247,-2.762246693091142,-2.7230773667561357,0.00011032652468241767,-0.012324633430889605,0.0,1677.1992611483188,-1.0164009888935084,-1.0164046059869918,-1.0164082577808529,-1.0164075821129757,-1.016394537952337,-1.016354474693841,-1.0162602437923172,-1.016059868689112,-1.0156491522549018,-1.0148059885887193,-1.0130165789612915,-1.0089518900257204,-0.99857698645409,-0.9662428429903258,-0.8436858682936759,-0.8786872656513367,-0.955039533508355,-0.9717163530796816,-0.9781209788723332,-0.9806899535249212,0.0013489191546034488,-0.04280688690963005,1.6,-311.5597137783866,0.2313978970159241,0.2292297323108592,0.2254816473366468,0.2199340795023552,0.21223970683388416,0.2018719999512406,0.18803754304205533,0.16952381980128628,0.14442500707785655,0.10962319306212454,0.05975167808751269,-0.01495424608010776,-0.13247931501207064,-0.30701493108736605,0.040339100179130234,2.0159632419135693,1.5635026444525932,1.2740289804853182,1.137737085843626,1.0816092946085942,4
2022-06-08 16:21:23.225446500,0.9424067513225504,-1.2070240679032482,-0.43857059526775705,1.2452896351295373,1.047711591899654,0.4890231439545563,1,0,0,0,0,0.0,1.0390524545789046,42.47864416307703,-7.9720426009817995,0.001562860440068485,-0.2507125897575318,0.04895157266496827,-0.08151102791330021,-0.0952481426280978,-0.1192654155320331,0.07498675764892625,0.10253193835338592,0.3813160966149956,-0.17622501628485818,-0.2344557011349993,0.39367487980778265,0.19120584609028324,0.15466439300037108,21.38032789855073,6.184988254729407,34.19428127736612,-8.864716741759603,17.192518401758726,-0.2031255517398497,0.09374767191788973,-0.11138105890457924,-0.012902659906782087,-0.07302710560632288,0.015507440474764187,0.009709375970070908,1.5527890165827123,0.9061672381785486,0.8150134634338769,0.8896845186213088,0.7772485119084894,0.7835868452571285,40.09573866688029,12.761791418159564,15.250035765612418,18.75870382542464,220.679224433115,0.1415919277610747,0.18790435518179505,0.12809667473272054,0.0877348883745918,0.11266219582609865,0.10360427825637787,0.0791619334224253,1,0,0,0,0,1,0,0,0,0,0,0,0,0,0.03140461862525014,0.2179101424403694,0.0,72.92528666121035,0.8852360999164866,0.8851844912328568,0.8850965809238316,0.8849695403637394,0.8847995373611104,0.8845821825124092,0.8843138897884817,0.8839957346238958,0.8836443591731646,0.8833242095487637,0.8832517706002838,0.8841846612991695,0.8892350294008784,0.9157590482200642,1.0938373785242184,1.1586424025028577,1.0043721825759588,0.9589255766423715,0.9424120487093504,0.9363828132747368,0.5969437251993281,3.3714393759377472,1.4,-12.633884546425744,0.9216622791395092,0.9217929384916664,0.92201928344473,0.9223554046529612,0.9228237867627826,0.9234589312488992,0.9243136700537721,0.9254704468259084,0.9270624008297024,0.9293152046451312,0.9326363101862324,0.9378201873301784,0.9465257989919408,0.9615219800560116,0.9536270219312112,0.8274886747237025,0.8493889531015055,0.8659424413480556,0.873631324152553,0.8767458905762732,0.03887297173231077,0.23183133174453244,1.6,-42.449469029922014,-0.612781469314462,-0.6128681913956608,-0.6130184679112975,-0.6132417343434948,-0.6135530676733194,-0.6139756479004328,-0.6145450654925644,-0.6153170613039345,-0.6163821045001298,-0.6178946441254178,-0.6201365975137345,-0.6236679822607949,-0.6297057164112981,-0.6406620526845208,-0.6409405496855687,-0.5578492872006087,-0.5677312819664923,-0.5774558240615029,-0.5821207338254747,-0.5840320476802012,0.007825181455992451,0.110274506169491,0.0,67.59924525697572,0.4041060878896108,0.4040594453943784,0.40397828028815663,0.40385689311842654,0.4036860218287037,0.4034510879276971,0.4031289963869189,0.40268206582550015,0.40204577347322057,0.4011018262503012,0.39961199681761816,0.3970293660363835,0.3918377537189204,0.3785505239314895,0.3390684535097501,0.3813955149403887,0.4085059959060362,0.4117970929359911,0.4122201759827349,0.41223475992096137,0.0002782383731010102,0.02106273851117141,0.0,44.340994366687575,0.035804438547151214,0.03576524240953827,0.03569744562037469,0.03559701153680095,0.035457546404563,0.035269343570345946,0.035017758925102394,0.034680409326772084,0.034222200328346775,0.03358622239317177,0.03267691241159043,0.03133233676683789,0.02932733998505865,0.02719406242670308,0.042688788678803664,0.08202017973876496,0.06433244022863728,0.05636679511643816,0.05302697888098706,0.05172715589008866,0.008138309408557946,0.11582234128706832,0.0,26.620020567706515,0.15325270886255993,0.15309822962668385,0.1528303426224391,0.1524318780754954,0.1518753101402961,0.15111812214451525,0.15009461991245532,0.1487010359055987,0.1467669981180003,0.1439969401626272,0.13983856385197554,0.1331530402397032,0.12128394707962704,0.09761884423412183,0.07597925363554092,0.2240768143099976,0.22339006868293304,0.21034558265575914,0.2034962828137622,0.20061236688917794,0.306486130231046,0.5105049033318734,1.5,-43.59303002557243,-2.0936498829539927,-2.0932873310369216,-2.09265718937238,-2.091716540903628,-2.090395950471481,-2.088586790999935,-2.0861183420719844,-2.082714875720989,-2.077910292225962,-2.0708639386180625,-2.0599182874784603,-2.041373913170732,-2.0053789318795228,-1.9186285617514167,-1.6984550613746636,-2.0298559595498817,-2.1698356205953577,-2.1772632869075883,-2.174382248952189,-2.1723112390022647,0.00011693309460488015,-0.012829078338674223,0.0,1700.14113347173,-1.042742032794763,-1.0428203864885006,-1.0429559697355444,-1.0431569545957586,-1.0434363101895627,-1.043813780317393,-1.044319266402141,-1.0449987146872175,-1.0459247053590204,-1.047216258966131,-1.0490769833313822,-1.0518652906347403,-1.056150865262346,-1.061463471773223,-1.0365019408166205,-0.9596354287027822,-0.9897409585035676,-1.0040445791925556,-1.0101134547983437,-1.0124884138400283,0.0001557241103006557,-0.012167576577632495,1.7,-317.10381429598635,0.18451745070532866,0.18390117152667784,0.18283125938220834,0.18123701025204755,0.17900454337442184,0.17595680175103112,0.17181779517137666,0.16614650002803089,0.15820761114114926,0.14669872967123074,0.12911393009429606,0.10005177916612597,0.04589761915859825,-0.0745320703416521,-0.30186155081805666,0.2750773646533986,0.3901256192888383,0.3698489621736751,0.3535813642157715,0.3460213042599061,4
2022-06-08 16:21:25.975446500,0.4828604487033664,-1.6934027125219655,-0.11168476201545566,1.0224329357673183,1.0295324275083555,0.3996973030004561,1,0,0,0,0,0.0,2.1752048101678017,43.0121400309221,-8.110740812700207,0.0017910188910339386,-0.2552251907300278,0.05101881597276232,-0.09299562925499599,-0.09238154143932303,-0.10328299123977236,0.04335594013641336,0.0943478158988447,0.3932990443049712,-0.226019809233255,-0.23547555068124154,0.4216767474479734,0.2236447340912044,0.16564445129500985,20.560872822299658,6.011974947229231,34.52371383402989,-8.833467277124965,16.533636373870927,-0.2050483841720853,0.09207369796959806,-0.11048263876777208,-0.01600184371903674,-0.07446911588818028,0.017130582344440225,0.01309881344012982,1.5240433658385504,0.923451841461229,0.7994177698400181,0.8837387996531337,0.7793434112001856,0.7703590803967403,39.531537888652004,12.544212181162285,15.045010377004413,18.39509237829341,216.4190380110193,0.13917739677899618,0.18444677560268855,0.12569170896875034,0.08742552319390327,0.11071467261767394,0.10193398821752753,0.0794673120095232,1,0,0,0,0,1,0,0,0,0,0,0,0,0,0.04696397047408237,0.25617858354978656,0.0,54.092113025135724,0.8510525490279388,0.8510012063433354,0.8509125709699816,0.8507816689890122,0.8506007039649691,0.8503580203972674,0.8500364183970572,0.8496104399528699,0.8490420714720637,0.8482744518406451,0.8472259966389771,0.8458089785132521,0.8441695600458269,0.8451932360336785,0.8864647281557494,0.9402092038024444,0.8993757506718796,0.8841810700393047,0.8781608545696995,0.8758744598678179,0.12714662971033544,-1.3468826278327743,1.5,-32.88086492585263,0.9263861209024321,0.9264778000718304,0.9266368370874378,0.9268735200031196,0.9272043665350128,0.9276549433213326,0.9282648660747591,0.9290969466433392,0.930254838003016,0.9319196171918324,0.9344330279381684,0.9385105358457672,0.9458661519874904,0.9610728647059936,0.9797352024215252,0.8914854885552376,0.8873108479343778,0.8939519060736872,0.8976530660832136,0.8992365180035997,0.0774735615618323,0.3122540970146549,1.7,-29.01965861030809,-0.6121583150670604,-0.6121998637683395,-0.6122720477032559,-0.6123797290874013,-0.6125307623297327,-0.6127374092263274,-0.6130188877277154,-0.6134061282199357,-0.6139511863378024,-0.6147474223846281,-0.615977559832303,-0.6180452161265617,-0.6220076979462226,-0.6313187419209788,-0.6528914395389733,-0.6139858056794347,-0.6011488726053017,-0.6012504513079135,-0.6019276767522883,-0.6022907193670857,0.010674597490591409,0.12847124520704128,0.0,58.505056910756814,0.4114150930337148,0.4114118190019118,0.4114060462413836,0.4113972362923573,0.41138448351737933,0.41136629661298096,0.4113401778281607,0.4113017728937254,0.4112430272939882,0.4111477940338024,0.4109800015815912,0.4106460474600631,0.4098440812970701,0.4072250499050838,0.3952944716882485,0.3975015158811481,0.4070565793528369,0.4093192155643193,0.4100464925377476,0.4102945542698308,0.00018281491591029932,0.0161448043008777,0.0,43.57705816774353,0.03346049678104812,0.03344769441984008,0.03342548346613583,0.03339242260887598,0.033346196658126104,0.033283219624810734,0.033197929828877586,0.033081498160121736,0.03291933056641838,0.032685874064964704,0.03233274661124952,0.03175815176799335,0.0307160631743284,0.028535148956367,0.0256215947718168,0.03792993701523106,0.03876712268315197,0.03790554282561786,0.037410977923417736,0.03719770723599128,0.010042275472524684,0.12481055345953485,0.0,23.010861242965888,0.15794338816166498,0.1579075769235656,0.15784533730757055,0.1577524352895867,0.15762202125480362,0.15744338041572006,0.15719967468141938,0.1568637105825743,0.15638951862954387,0.15569417750908598,0.1546141414822913,0.15278424132092394,0.14923193282743624,0.1406780327575714,0.1192099920831845,0.152503042583912,0.16597022922047572,0.1665203131431584,0.16615532033040334,0.16591980920685045,2.981131098001908,1.143913608094656,0.0,3.8203861529852183,-2.1519502147666545,-2.1520421662907587,-2.152200570125486,-2.152433717836572,-2.152754436844422,-2.153181527692805,-2.1537419247850806,-2.1544737151468776,-2.155429601185434,-2.156677523665576,-2.1582810760221203,-2.160166299185683,-2.161274900537416,-2.1526404029389314,-2.043257252807415,-1.9446708903918482,-2.0467293715732784,-2.0816787871143583,-2.095187326937336,-2.1002662322255783,0.00011626079245075305,-0.012707971924643449,0.0,1723.0888303033034,-1.0632410438983868,-1.0633397468929502,-1.0635102031134522,-1.0637620858854575,-1.0641105899469778,-1.0645785036429771,-1.065199614964058,-1.066024295521757,-1.0671286390967154,-1.068628880854817,-1.070699746708854,-1.0735644687706518,-1.0771544954353018,-1.077106055355593,-1.0099401936295465,-0.9092524189330646,-0.9766819012640441,-1.00283577265332,-1.0133915969747385,-1.0174391334224815,0.00013917327422226683,-0.013190166922051,2.0,-322.55417019942814,0.2310172135056732,0.2308415962263979,0.23053590719077374,0.23007852708126464,0.2294342913224803,0.2285477846863735,0.22733108778804836,0.22564049382718565,0.2232294044265437,0.2196445867438399,0.21397058762489166,0.20409796656819168,0.18414744690238205,0.13261269944629994,-0.02489074590848972,0.1310837478973017,0.2410307765259967,0.255988665720313,0.2585715193567899,0.25899459569295,0
2022-06-08 16:21:28.725446500,0.043434748010389566,-2.154792343011016,0.20389235701430536,0.7961460572834698,1.012698536485796,0.30791124497137146,1,0,0,0,0,0.0,3.2684808136031522,43.51414433677893,-8.328967807191455,0.0020191773419993924,-0.25938759441613624,0.053755427087105054,-0.10433242728554347,-0.0898026873918906,-0.08652415324674191,0.012732524730216296,0.08555577806884575,0.3875006868078039,-0.2903188582939105,-0.2243472329804725,0.43941005759420176,0.2530061546302084,0.17255425838878247,19.801914429530207,5.894342609666791,34.84937599010251,-8.809590565383589,15.923405065300207,-0.20700144597871928,0.09059855595580872,-0.11008248895996764,-0.018768662778966817,-0.07522001209708253,0.01746959570422664,0.01594038549577254,1.4960660884412813,0.9644356702782192,0.7867463584084499,0.8720403059241253,0.7793909653702198,0.7568013963161172,38.98644081867333,12.324583425116849,14.85753103899557,18.051646596638594,212.39641571018345,0.1369410374359673,0.1811562238854709,0.12336073685357407,0.08695156389428325,0.1087166892779771,0.10005890574793716,0.07932693212078626,1,0,0,0,0,1,0,0,0,0,0,0,0,0,0.09736283962518597,0.3391057329883553,0.0,35.296814109888686,0.8548035956110641,0.8549359320545133,0.8551654244359774,0.8555067877246851,0.8559836118700899,0.8566323321096072,0.8575092387829444,0.8587032219899248,0.8603601503667364,0.8627328213192047,0.8662926538808973,0.8720076229469429,0.8821141541346849,0.9020180745407222,0.9179267800463802,0.7910274565479027,0.7940788425651456,0.8057865413506706,0.8117801875436578,0.8142825809636514,0.05476881798453289,-0.5504057583973923,1.4,-53.116601649140556,0.9423770341365048,0.942501086759484,0.9427155330265,0.9430329196023166,0.9434730608413346,0.9440659091453044,0.9448563810397528,0.9459125490318344,0.94733983468017,0.9493059673457068,0.9520834862032476,0.9561021626390104,0.9617946956814634,0.9661771829390138,0.9052061068592396,0.7802126363249141,0.8457052840498699,0.8734597404356779,0.8849436090284426,0.8893919639217553,0.22415674258292426,0.4584383808216393,1.6,-15.593178215124945,-0.6148942427234996,-0.6149794065258111,-0.6151270666897566,-0.6153466429970111,-0.6156532252511321,-0.6160700957856761,-0.616633174892082,-0.6173990839653061,-0.6184605225684217,-0.6199776509683205,-0.6222478847445159,-0.6258781148042681,-0.6322548843526414,-0.6446160430572758,-0.6525621802182671,-0.5704739709704092,-0.5743051489537194,-0.5824028987268053,-0.5864776305898075,-0.5881700513341317,0.014770307029693704,0.15105571025272804,0.0,49.403170249277885,0.4110093167580597,0.4109990299225457,0.4109812701293567,0.4109550387536629,0.4109187699166741,0.41087012139232826,0.4108056340392357,0.4107201818245101,0.4106060963017773,0.4104518691420256,0.410240869033972,0.4099547045730134,0.40961976120012733,0.4097996426099866,0.4179276042337974,0.4286759880204256,0.4206149845117897,0.4176037209205914,0.4164090651978552,0.4159550710736076,0.00018985069406390512,0.015788467112935706,0.0,42.81720486753265,0.03519584578773305,0.03519843639109155,0.035202869143022834,0.035209322506056566,0.03521805603460315,0.0352294127702919,0.035243801690875154,0.03526161301046038,0.0352829213125333,0.035306497349743886,0.03532635774714854,0.035318148161345715,0.035172792630113525,0.034243912066393316,0.027404382191089868,0.02429011949521653,0.03032180429339482,0.032145053174272964,0.03281249229456268,0.03305684078931595,0.014636865497816263,0.15074466193388694,0.0,19.399027782007447,0.15993115640893718,0.15992606980176727,0.15991730412810767,0.1599043951939494,0.1598866233420584,0.1598629304200404,0.1598317932158423,0.15979104185310944,0.1597376361468264,0.15966755550144185,0.15957668769068073,0.15946763760389604,0.15939469937417472,0.15983902284739387,0.1657770947947006,0.17124735697953813,0.16566359091404165,0.16374992520423365,0.16301282700349176,0.16273635634451614,0.2511951226208809,-5.43181291122512,0.0,51.2260999915426,-2.2177431733547666,-2.2176476195027046,-2.2174798551248864,-2.2172255639506817,-2.2168611041976103,-2.216348520375194,-2.2156263294790057,-2.214591834146729,-2.2130649967002216,-2.210707992007773,-2.2068230956579056,-2.1997463582889223,-2.1844471292945333,-2.1378702849961337,-1.8969710251281815,-1.8212177013859767,-2.037577786467621,-2.1100186984032394,-2.138681099209112,-2.1494968143037534,0.00011473468287310549,-0.012334480945786387,0.0,1746.0027766548294,-1.1173532707669551,-1.1170516855071069,-1.1165251764856805,-1.1157338858342314,-1.1146126710967508,-1.1130583075841542,-1.11090613287395,-1.1078858572815449,-1.10353292319283,-1.0969959895278052,-1.0865719204169864,-1.0684042420224102,-1.0319556858038226,-0.9381851566571128,-0.6155971296705545,-0.7633587425301585,-1.0087060018029774,-1.0688554092342315,-1.090158105107303,-1.0978354937456452,0.0001991808975163635,-0.017635506033000858,1.6,-328.06400662877,0.2177480647710368,0.21713206906833094,0.21606730369384766,0.21449161410652806,0.21230683406664846,0.20936450613458746,0.20544172166391486,0.2001995842466684,0.19310930054049716,0.18331427659911625,0.16935722285027405,0.14860309300695906,0.1159793708915835,0.06300245710803054,0.06495992264061634,0.4696139430093833,0.4589136262758791,0.4284090135649814,0.4112607230969778,0.403551285200028,0
2022-06-08 16:21:31.475446500,-0.3152539261980484,-2.5715165704185297,0.4794971007354777,0.5662191939454586,0.9966253557830436,0.21733503328402248,1,0,0,0,0,0.0,4.703626322414866,46.47526338594442,-2.273579220718021,0.0022473357929648453,-0.28814922966948897,-0.00172264976736618,-0.11940442712098075,-0.06290442076378935,-0.07099502689984878,-0.016918459331491782,0.09032491804972324,0.3659406692802829,-0.36747379511945893,-0.20243207526683815,0.4479639949258797,0.2796206657049756,0.17582812606232706,19.09699190938512,5.727146878107195,35.21375249520755,-8.570391891479634,15.35662876815835,-0.2094576864021129,0.0870888583417185,-0.1091404603800809,-0.020619479759614427,-0.07520005074727351,0.016721846273837174,0.01866574701984645,1.473622341860675,1.0292744506988292,0.7811699836088315,0.8575780799582347,0.7778228414293745,0.743378903733023,38.45990784838008,12.168175716143306,14.715427058474967,17.83916023973989,208.59006899629085,0.13511378681246916,0.17952086473810375,0.1215911122982215,0.08604296743174046,0.10677862141694984,0.09834867997199086,0.07921016701219886,1,0,0,0,0,1,0,0,0,0,0,0,0,0,0.35581135451518314,0.5040446824930384,0.0,16.55203183456147,0.909126257437722,0.90960968133049,0.9104447911817402,0.9116794198334311,0.9133887986481646,0.9156859738754556,0.918739049866346,0.9227998257774248,0.9282518987379628,0.9356914425417496,0.9460542929039879,0.9607377010233789,0.9809672475675516,0.9971727158107421,0.8198106048796887,0.4354460213952813,0.6086041852744684,0.6829224417226251,0.7145683087541815,0.7271393206727038,0.0312407764670703,-0.3367049800936249,0.1,-73.30447714517274,1.0061105149007954,1.0059031793745623,1.0055396587478092,1.0049897015937308,1.0042032633297904,1.0030997526952357,1.001547974898168,0.9993271742563191,0.9960464361349326,0.9909631885969225,0.982525759650524,0.9670270081685874,0.9336332115906488,0.8385944761065662,0.457843005922091,0.5426638361007348,0.8418028496197452,0.9197228845593544,0.9476920745596612,0.9578456971577723,2.4836871481857443,0.8549225636747899,1.6,-2.1931843565018183,-0.6441359305460006,-0.6443230917708164,-0.6446459278181503,-0.6451220793367471,-0.6457790709342289,-0.6466577800045961,-0.6478179766152833,-0.6493470147905872,-0.6513730560342911,-0.6540830449135876,-0.6577350325889934,-0.6625845799113825,-0.6681342535379057,-0.6659423254891417,-0.5499386296907475,-0.3880672563666779,-0.4955471545625159,-0.5367109301872857,-0.5536624366804489,-0.5602792738873991,0.021427342893164333,0.18090710213645345,0.0,40.29491837961597,0.40425011885806095,0.404268925423632,0.4043019535439232,0.4043520543730952,0.40442398217230346,0.4045254795828053,0.4046693433472464,0.4048775418139361,0.4051900124859146,0.4056852732979153,0.4065349144006596,0.4081730997217301,0.4119588208375955,0.4237465383559893,0.47415242706550204,0.4600872194955108,0.4205335753835925,0.4115244238186313,0.4086764866563038,0.4077134877875843,0.00021129885955729774,0.01605153026118016,0.0,42.058635261263106,0.03820507843300991,0.038193031556934535,0.038171974354716635,0.038140263037217625,0.03809518913527255,0.038032409853576254,0.037944882658376144,0.03782078385053755,0.037639158904173686,0.03735997453392592,0.03689849459845662,0.036047799636277585,0.034185551367070244,0.0287569673975292,0.007603052809801225,0.01710672606727992,0.03334708406035092,0.03674456015820127,0.037750996409489763,0.0380762306284268,0.022030551624961068,0.182750499241308,0.0,15.782123407453645,0.15685674023262375,0.15690911013073827,0.15700026447691773,0.1571366437203381,0.15732872203507894,0.1575930023653832,0.15795566108468914,0.15845947063141164,0.1591777976692645,0.16024541271764992,0.16193432600476004,0.1648706252304133,0.17079611918748125,0.18606010198180686,0.23235521167583836,0.1856541623299282,0.153489178249471,0.14920805878150722,0.1484992237166668,0.1483943118318174,1.5820573746325466,-0.8215879998590151,0.0,68.00662405571174,-28.522686232002357,-16.802195778674207,-1.535995272632845,12.502994273368179,21.22829791688113,22.57603414426288,17.02868896049553,7.19327099995154,-3.3254860624445985,-11.269646277833203,-14.773703213406293,-13.771351845064476,-9.707430733852213,-4.741444307815434,-0.7216274193004355,-0.4040019083912987,-0.6944690413005326,-0.7148666592703399,-0.6948143110628049,-0.6789815344326517,0.0011657972297121045,-0.02549789438981491,0.0,1781.8833714622103,10.192029143024996,6.056966853382647,1.0744990522508715,-2.8900350641359296,-4.676169348545572,-4.30848706359356,-2.838121952780682,-1.6610922902462306,-1.707417333423379,-2.95148368143164,-4.501426756042285,-5.1941577609387934,-4.338309666676132,-2.1576346309430288,0.17273378554116192,-0.9827201481270932,-1.5025484923475432,-1.6479621284770118,-1.7121195649896137,-1.7379670005963719,0.6034112390250764,0.2416891308024565,0.1,-265.05652855651323,59.614557149405975,35.51833730482461,4.7941065195461725,-22.42897344355276,-38.1743488477141,-39.41079825111103,-28.618519654559,-12.086451988022885,3.0987265155109887,11.932589371916801,13.03266497895006,8.392620748097992,1.7813512358748227,-3.227468008035641,-4.4146804140771225,-3.479542425883529,-3.723173513985357,-3.8796464291848913,-3.988530353391937,-4.043447659987573,0
2022-06-08 16:21:34.225446500,-2.2158183652179333,-0.24489007075946456,0.8271920285916725,0.3577870922535745,0.9650369097204781,0.1665264904073262,1,0,0,0,0,0.0,-5.021008970403344,45.254520744789794,11.88829608560764,0.0008993185040388242,-0.2911935535830173,-0.14270165638791846,-0.0019199091696464503,-0.01980086070683317,-0.06316830806782732,-0.10203376341356707,0.07930496787853067,0.33815366380069384,-0.419562803315965,-0.17780119330640853,0.4483041862125752,0.303751643225209,0.1758921020134564,18.440532812500006,5.50296643977016,35.57841933746046,-8.070806952404192,14.82904634739686,-0.21226983062092328,0.08125777740074702,-0.1074829126044043,-0.02105507433139301,-0.07449925479493294,0.015417767984027725,0.021057193981056245,1.4681680677258269,1.087243429233688,0.7818605315394964,0.8427739622973384,0.7749586874826895,0.7304881501778212,37.95131410822334,12.056929196131724,14.589004463758116,17.76979436070582,204.98127185636338,0.1336020097742931,0.17953332521787208,0.12031931855237378,0.08463144249277597,0.1050085586895809,0.09727858609444016,0.07893894045485736,1,0,0,0,0,1,0,0,0,0,0,0,0,0,2.7450893754867844,1.675709811322098,1.4,0.3834052052902289,3.3227468888563187,2.6795958264795097,1.6416202196697656,0.29424178010025803,-1.19686164699184,-2.5825749436442877,-3.5646660112706514,-3.8666406337833132,-3.323175099324525,-1.9583128552279767,-0.021520048392418945,2.037338656363396,3.648276183507912,4.199426785401476,2.8461457728273856,2.1003668834036304,2.4066406300956307,2.4045395716943974,2.382688015021288,2.3696345624681983,0.3201510352143853,0.13328558207972832,0.1,-81.73557809346866,11.552384152079865,8.112453362948864,3.5311036106923948,-0.8611380566151965,-3.8563506219551655,-4.747906495007191,-3.5332261509058505,-0.8776036738943507,2.1405944418713947,4.408595487533655,5.147356213766646,4.142991557132312,1.765619012494969,-1.2418543781256748,-3.9948016334410417,-2.664114449767707,-1.8851000440423893,-1.643005751732682,-1.5313306238576485,-1.4851530226499576,1.2155050306746022,5.351255968112293,0.0,8.954329593560846,-2.7314221404439216,-2.184321194426756,-1.385647121474123,-0.4832054084406048,0.3561950372381412,0.9785659757224228,1.2730210419392194,1.1946857884847015,0.7754321031225357,0.11977328578205565,-0.6136686919598459,-1.2409357819633138,-1.582342301762382,-1.4662200641239518,-0.6056034871888087,-0.4735319511864188,-0.7249222772929642,-0.7606367049731361,-0.7667372847189043,-0.7672677724417918,0.034580165169131524,0.21871071807142128,0.0,31.188220702069696,0.3991398958184833,0.3994776828685685,0.4000638388122342,0.4009365940742766,0.4021573387771897,0.4038210973632741,0.4060750697140307,0.4091524569006549,0.4134374923846984,0.4195998379510384,0.4289003088082658,0.44398220720714143,0.4713141660860408,0.5303315164445698,0.6492884563098924,0.3999841011888611,0.32532198373779464,0.3236765782630924,0.3263796587368004,0.32804060785308786,0.0003678191148753208,0.019478014722607424,0.0,41.29474274233428,0.03585141083905263,0.03570256693740603,0.035444826137748464,0.0350623186234178,0.03452973563224315,0.033808260253838984,0.0328384480454611,0.03152740856923675,0.029724500394019308,0.027171770448784386,0.023392484040561826,0.017404705045656273,0.0068410580968201185,-0.015239507683452613,-0.05367349295454571,0.05971454840030833,0.08409425519270441,0.08150529536488738,0.07865613726864251,0.07720925849386234,0.04057037856262829,0.20414234020802272,0.0,12.178702127131302,0.16735168301506675,0.1677250627107525,0.1683718435516528,0.16933223293709845,0.17067039295113684,0.1724847950943218,0.17492630582952734,0.1782306361550816,0.18277946370980247,0.1892235738435185,0.19875383916956346,0.21376992475231527,0.23977716046490075,0.29090863901009595,0.3507689248482846,0.05538538886964495,0.030899875727401164,0.047467636595133735,0.057777802336415975,0.06242803581296781,1.967253767181716,0.917863271770202,0.0,50.143946421107906,-12.906963739731605,25.883253889609033,-16.812482815205723,9.258751175930833,-6.133752516627309,-10.6822110338559,3.9059721259415032,-50.132194127634534,-26.9240608293826,31.59778561398079,9.161713133265117,6.07819970377106,11.85633394369016,-2.3596214139482443,5.029116531661033,6.084305507132129,5.683289713213598,5.528181843610394,5.4410411239940295,5.400376916639415,0.0010347495532671374,-0.016134774736235463,0.0,1819.7159757101638,-1.355710072069655,-11.128062442997987,4.960143312479033,-3.767569151602231,-2.2525302658306856,-1.3132413311000732,-5.313840895589991,-2.9408028282336147,-1.0546286745838316,4.112985275972997,-0.9270039593630912,-1.8303733912202096,-1.0179369532747702,-6.400045488435893,0.9870011092079168,-0.7690805048430605,-1.0170229818146268,-1.121418189293717,-1.1700893697558712,-1.1903949796390199,1.8745261006365856,0.8514727408303256,0.8,-111.99216192368117,40.385403311158406,-56.34883339586794,27.043372662089,-22.600566031253774,1.5462332153486609,10.155815316110012,-15.114328635824153,61.2169284082109,21.140054600402788,-48.176516695882746,-16.288432664296323,-13.828342923758607,-13.502371620117351,-8.306469675070295,-14.59967423440014,-13.001189467872615,-12.426824162916516,-12.123195840019202,-11.96177857568569,-11.888759306151686,4
2022-06-08 16:21:36.975446500,1.7322924837647653,0.1512967307312837,-0.1997687715359955,0.2859059387509191,0.8280347329433843,0.7625746643244231,1,0,0,0,0,0.0,3.410960521990836,46.45744829797,0.32933937060343776,0.00573107064430883,-0.289739655223,-0.025501768810598124,-0.11565807471491332,-0.043296014404783416,-0.08689735029411003,0.0943966367720344,0.05003422802660662,0.3245430880086556,-0.4190172420911391,-0.1674917352565417,0.4404753887097393,0.3099513018654722,0.1749549098241825,17.827705438066467,5.316497045883271,35.91440577000206,-7.665125848464457,14.336743922876575,-0.21476962643419484,0.0764158672839326,-0.1063454228430398,-0.021415899709777208,-0.07358051268616916,0.014658096904199232,0.02159466487472345,1.4787403812437077,1.0750274683862762,0.7763894244210467,0.8329160164446668,0.7696936861091764,0.7240060106403334,37.45998639472621,11.935509898668174,14.458454660094688,17.642355021836213,201.55350746032082,0.1320499884252184,0.1788325043992647,0.11909908634214775,0.08326461418789251,0.10403162243789403,0.09691531534685413,0.07805480683013295,1,0,0,0,0,1,0,0,0,0,0,0,0,0,1.7425611115473458,-2.568298057763612,0.9,-6.664437491833099,6.1095046294971205,-1.81391172923002,1.7885518233584712,1.2771524938867875,1.6398258415636646,2.738669248797213,-2.152996635750953,7.134442983623417,15.94526528577285,-2.3007794323560304,-9.911207213179932,1.278330056649454,-0.6428469811281988,-2.1399225589626685,-2.6284179780232604,-1.7006628725519006,-1.2456015492276298,-1.168558058224071,-1.131833013918648,-1.1167733481171118,0.5001496419107274,0.2636732648480885,0.1,-68.46336245603244,12.726577222703627,-8.942943240824773,5.7219199994076595,-1.031825818769673,-0.7498158499230589,1.5745295576296383,-4.0778123215094615,4.9415626030638675,-0.8607620747132256,-7.064470212593523,3.4288841091275497,-2.7349796068170944,-1.5870566088808506,7.064972782259328,-3.388330019703945,-2.1548375700049465,-1.9467605511254504,-1.8544510721103027,-1.8064453342517748,-1.785327046985889,1.230864823253822,0.060377647372462775,0.0,12.302337341196573,-4.968521119559405,2.0990107511543066,-0.5349758201262871,-0.0615786781404406,0.30218443545144225,-0.736458345134442,0.8062786747766699,-2.5625876806840107,-4.563188673434087,1.248266280734824,1.3053787610656191,-2.2953616903436327,-0.576551097648957,0.1880453810313054,1.886055410531814,0.9272912353270398,0.4893563434809451,0.3791646686681761,0.33128870637644914,0.31221796953917097,0.2875695846566325,0.2514103878705484,0.0,21.827861738663763,0.2252600762720629,0.4831258636690418,0.8926366474703116,1.3534385383683163,1.6697680386977385,1.6181622974345256,1.0781363394651224,0.1451882904958426,-0.8606233383721791,-1.519722465270578,-1.5161048061200002,-0.8083535638761021,0.3282837532358006,1.4100567493299647,1.738638141177382,0.5687599955865934,0.4345244695047775,0.4080236505740761,0.39799679130021615,0.3945054260912231,0.2279176708796142,0.09713045616065796,0.0,35.33031945376133,-4.294446478252978,-2.094471710788468,0.4252761880397968,2.240731669319224,2.844890845311991,2.4176024421741995,1.5690355728623735,0.8778715070137142,0.5539396250131248,0.42642085877065705,0.2046121123958632,-0.2277119290876789,-0.7132361501782325,-0.9673394701261272,-0.7390860189435875,-0.011024937947842872,0.1345534003922968,0.1886795469901914,0.2154908903192566,0.22706499778880496,1.1569970310625604,-0.18400125986987464,0.0,9.215473948580561,0.6772108440232465,0.4382789087083829,0.4805751838365489,1.012587218112326,1.8131320726108135,2.3131512470294906,1.9845492671096059,0.7550496506084609,-0.8688643858175035,-2.0825749460929663,-2.284062617483377,-1.44973600202472,-0.13276349991550762,0.8876711332113091,0.8091954533022918,-0.3210583341776244,-0.2942460074212457,-0.2611316085725059,-0.241627348916608,-0.2323372722636753,1.2520058913177028,0.03460447572990627,0.9,27.107172256705752,30.72995778816581,-27.02434066915587,0.0046774252187624646,12.83177516256222,-10.503131826578855,-1.32908790684405,14.704538795537355,-14.717620554868136,91.82387803789068,-22.365122994550973,-3.5173462933626354,2.1371693435981527,-6.316094893024242,-0.8658194966493138,-5.941316091399648,-4.193456123268719,-3.829501692201197,-3.6431711215042135,-3.5525308253618735,-3.5139606488397686,0.0017316498408747065,-0.017392685802840726,0.0,1849.9261221457327,-19.528429115868907,6.638708825471441,0.08929889755319209,-4.166764629094331,1.3770915613389718,1.104580929433979,-2.0068024453632205,1.9639902025358682,-0.07862691027890634,-6.728227355314736,-0.8840362700472326,-1.1528409484571256,-3.173019971168316,-4.687928452655028,0.3779607855133662,-1.3573784514111578,-1.2526156919838485,-1.2591485866843186,-1.2645266815697729,-1.2668358029097542,1.3735274619764393,0.6675903160447516,0.2,22.46704434687352,-95.93309257109621,43.61712939091479,-3.057160785026415,-30.83308093763477,14.08946149344105,0.7968712850570867,-26.88313224197803,15.88359451444602,-111.78301819573116,22.470754808617826,0.6263142440016479,-1.479267040995433,0.901741711297282,4.4921063196983635,-2.5299399864330283,-2.087302783135762,-1.702884513611767,-1.6939716705919958,-1.6959769462729917,-1.6985036285410309,0
2022-06-08 16:21:39.725446500,1.4788641294189178,-2.294946143779274,-0.5111564179723089,-0.9096294092400242,-0.19865229611323185,-1.3345706085685842,1,0,0,0,0,0.0,2.965107576983127,45.147924121216704,1.1894396349917535,3180.275426667927,0.2607283114985965,-0.34408175858323403,-0.43630803469816815,-0.22829524662070874,0.16050215378623658,-0.00788667351476909,-0.07775763418002014,0.31884207519791,-0.42278099271321706,-0.15940503980428467,0.4241933705707272,0.30083023100987194,0.16472991867213746,17.254299707602346,5.177196611417383,36.23361451486312,-7.306006504752547,23.17469753457245,-0.21555232677985714,0.07123195029793983,-0.10673364898849634,-0.022122825956188683,-0.07163175601223228,0.013706220160588874,0.020840225960151226,1.4762573483531318,1.0716072100123353,0.7722039899943071,0.8309890215310559,0.7628161282551816,0.7312766291374377,36.985228958075574,11.805126064589,14.33130863943193,17.503311482743563,261.9818941671696,0.133039427270419,0.17921561035607525,0.11919497187227025,0.08274148139945432,0.10492585935969594,0.09626795693467598,0.07746953854858449,1,0,0,0,0,1,0,0,0,0,0,0,0,0,1.4531933680084732,2.1166494231711717,1.0,-6.2809642828840335,1.227597734472846,4.540414903074996,2.2716474232176602,3.837019042935589,0.5512549695836944,-0.1405236374858787,0.8489311551057028,9.666545745728627,-25.742404131956715,10.513549640116233,-6.218397372149878,7.706577090827677,1.3385947976048038,-1.090408481042437,-4.8284068845412715,-1.424566111831577,-1.1412899457737362,-0.8445435366056926,-0.6930626883423483,-0.6269449728913854,0.6834825913251742,0.08799941983070274,0.2,-51.23432477779347,-13.181348746729153,7.065443342336775,-2.2550695802358742,-4.230759858798294,-0.4864219010804486,-2.2047419126070373,-5.734048503106441,0.8432454605561756,-7.942871750885447,-0.8017993661642187,2.9856755503351273,-6.87938308714308,-1.6053187817729708,4.447152770890286,1.75330452059229,1.763948697906052,0.8585540211061894,0.5450006084567868,0.3960933010373479,0.33322163390200343,1.5887398251720874,0.5951438681387347,0.0,11.52349983535075,0.6329441887798875,-3.5650512673933927,0.0748595842399098,-0.5779464056119182,-1.277182576187125,0.5108883838723657,1.1302358417240448,-2.9168056341067072,7.514178948838823,-2.401275486287627,0.2328566021913847,-3.4727976125282907,-1.3075522871710863,-1.5124731491338592,3.730354443637793,1.4075119740115354,1.0238901498700188,0.8244983876771332,0.7282900829100776,0.687459242371487,1.1436771127783838,0.7434826006497128,0.0,11.848043713467616,0.5702768691412807,0.5217977480566051,-0.8411039527807944,-0.02036172924232837,-0.6352429822661633,0.023373489956149632,-0.24999056566086625,-4.383012973927883,0.5090699172850999,4.7145765741450125,0.6060518935535131,0.9382647365514956,-0.7893003823569378,-0.5136680315272368,3.2542290483780283,1.226886957129821,1.1210756006166498,1.0287566707980065,0.9794272477778186,0.9576013765624396,0.5324484160742199,0.3491940654371011,0.0,24.466275092794703,-1.7962017476917225,3.516311594639702,-1.4841361694319877,2.4214691639942814,-0.9412630206186106,-0.7450101796759703,0.7553613921904119,-2.9439805043085534,-1.7218677162427456,2.077918491893141,2.217625622758232,0.8231699418098348,3.061298855024352,1.5350052141125663,-0.9375803090510836,0.2983993096524098,0.4629546967719789,0.5324170471775038,0.5648170458314101,0.5781922533906865,1.7568442154604522,1.756101642933135,1.0,4.025663798437826,-0.5447219568890471,0.2871467506341057,-1.186741387966995,-0.8419829296282071,-0.7477380431446434,-0.8645870541849728,-0.3149275483451596,-7.096998794548539,-1.9735639258821915,6.267452894950356,1.5207304934810373,0.9450033618941835,-0.4542838897590607,0.8281989219219278,3.2078025368028014,1.0664774809083533,1.032813340553456,0.9592242998034386,0.9183361951716594,0.8998434368733288,0.9541494741307408,0.3411033898008791,0.8,3.3578311191283845,3.4382514805656106,26.273848194060307,24.50466648224721,23.274156472148672,21.182731069499386,15.791131314500037,23.117071969575232,32.851745727951354,-134.06569257459714,-5.294497750053216,2.958924691293266,8.018624717886677,8.004254943042625,16.7685277070264,0.1933466501946821,1.283402717524437,2.3312840612224903,2.7037445232712622,2.8804975186891757,2.955285499564357,0.0010482456185396509,-0.006410076001699953,0.0,1875.6265199054133,-0.19280831018238587,-8.438118751477871,-8.736307415386648,-6.4724495609916355,-3.915646576671364,-4.869219347925991,-1.0619328653028075,-1.1243000516339452,-6.8606550212910316,-0.5509250035918996,2.9171495507678884,1.1820371166525376,1.7008568443103302,2.8150770484297856,0.09598449228220574,-0.5664286357110555,-0.2871616579754601,-0.22127176731336815,-0.19971462191444544,-0.19277691975362288,1.5711434276626608,1.3794147005696036,0.9,151.53406445381415,-34.449853327161954,-55.27347264140247,-45.6999313996206,-39.400373426790864,-32.134670397207124,-32.92666982288954,-33.753824548912085,-43.5753775420436,159.64287281237247,5.8718477030936755,-8.784765923802121,-11.999857874115605,-12.553144830256748,-10.855205776185377,-7.096514029963554,-6.803131548980584,-7.379168960180429,-7.654515248168553,-7.797378916060247,-7.860000443272844,0
2022-06-08 16:21:42.475446500,-1.874317972321867,-0.25388800590383304,1.1512248376406566,0.7870149687496023,0.12560257827914434,0.7798120217491451,1,0,0,0,0,0.0,-9.218662770755143,46.17677120429296,13.791993789252693,0.002136084168348436,-0.290632189883824,-0.1710069543254199,0.04601070408235101,-0.040484786792250815,-0.15747657319941447,-0.06889856417810848,0.07650198590437203,0.29336684117078315,-0.4222163894839997,-0.14738368351939787,0.4145328284712887,0.2907741575044217,0.16107414213882154,16.716630311614736,4.959577945677147,36.53198223191596,-6.8723693473261775,22.452788021318955,-0.2178507169507043,0.0662233776474127,-0.10509957664842946,-0.02215780323369228,-0.07081271623460655,0.012240527876694432,0.020593821581660426,1.4947178965576668,1.0626460591393454,0.7720524019874675,0.8262334104373122,0.7564512423512604,0.7318240635903931,36.52634141231898,11.725136753704676,14.204153794893902,17.43664300125274,257.8874435151634,0.13157272499220332,0.1790292451244561,0.118486513673451,0.08151932256513564,0.10497914517659268,0.09628150362873644,0.07677187389222423,1,0,0,0,0,1,0,0,0,0,0,0,0,0,1.4811838702164728,-0.2174201504657767,0.9,-8.038339085832288,-4.78668328549531,-3.653772913066168,-4.328422202551376,-2.6214904350302914,-4.376241320543171,-2.457402388750745,-4.7090348644124225,-6.395605638038474,26.67847109327764,-2.487466237030004,-5.09410830589712,-6.066348721508362,-2.1039589786028667,9.797652966546464,-2.2450751505806794,0.2431077315447676,0.3825965728934946,0.4671349053663431,0.507266300666813,0.5241612807663877,1.565054677499487,0.4866329741167571,0.9,-27.128484582377144,-7.980704810694308,-8.518789204737997,-7.320532987385842,-4.059705206631733,-2.050388761364403,-4.344799683030502,-3.9373737197853664,-0.25560036011077303,12.36226797700918,2.0202527975176685,0.5464582780274312,-0.9250508724348916,-3.2137363419577376,-18.538862490526085,0.040415880829422164,0.1126928057179919,-0.7619199456062051,-0.9919123675494412,-1.082741753195005,-1.1176966618271418,1.9861735388437345,0.024499556352562728,0.0,8.741325572271553,2.654547246127985,3.714853832087135,2.3012016176672465,2.0959490661373708,2.546634811689197,0.3689191455384265,2.6599966868306155,1.3627090923103982,-7.975061579190327,0.6627351530653878,1.6785875067889335,3.8434687025696905,1.2136979203733054,-6.325910290822648,1.951350131911976,-0.13119388457169284,-0.2102602784252875,-0.24984221641810206,-0.2680431524642499,-0.2755912631773652,1.9087839869297527,0.024862267881195728,0.0,6.287952313278878,2.937299976417928,0.17239914141585444,0.4109882354553773,1.3544696053490708,0.9348906558798196,-0.5191222257578687,2.4752465913017967,2.1329451905363466,5.570727983491392,-3.394669208244647,-1.2904910150399391,-0.26797960895068274,0.5728241952612936,-4.970650286843097,1.4018057567021094,-0.06951438499220397,0.008476812518122934,0.012212697485716295,0.01525963057627261,0.01705243015351271,1.3410766947260688,0.346008409839111,0.0,13.277066514505297,6.038418060059088,-2.088654695410719,-0.8153995853964477,1.238273904526313,-1.1246919386826095,0.7026736856224428,1.7046533970134343,-0.6189467224569043,6.852969174525306,-1.589022877773819,1.092519506566462,0.4829235047068495,-1.0564081718093101,4.369203230498589,-1.1145674375759986,-0.1398866696340455,-0.13293036898155747,-0.12914201807628256,-0.13001237192481646,-0.13113634327788926,1.2892186883708774,-0.6203070958515008,0.9,1.8943030868571105,1.2118074998461572,-0.5238035325081918,0.6068452003098495,0.6966520603289859,0.4504229193681286,-0.5055228257437892,2.5363849142921278,0.5791337504852538,10.783443098724666,-5.759440545899366,-1.2908908901542882,-0.948140183991244,0.3237502001550809,-4.29263018243401,1.5671531842040922,-0.3783308047792995,-0.4229300810747181,-0.4524179442922493,-0.4671722163676266,-0.4733858346463203,0.5313056296343072,1.4424017337229496,0.9,-3.7499040706409716,-8.303296883865329,-11.067416830562518,-9.58833663155704,-6.42414650676765,-6.748554909628185,0.9295119615473376,-0.4319365531182315,-4.713413686663051,91.95220291904228,11.136112027327068,8.25829263502456,9.582207476228524,6.5982184227855925,9.428487899253025,0.5480518466219797,0.6597383856624974,2.0625630509230795,2.5314221459781168,2.7466100444300627,2.836157947957285,0.000867397973180346,0.011488358827566542,0.0,1876.5697848065488,0.03887162522502763,3.2038347104638087,-1.133257099745748,-2.363281118542943,-0.1057892992759264,0.4692855970688328,0.6089730866160323,1.1915062817893158,12.41305044023391,2.7553708451574863,3.639311876039826,3.4406196798243016,2.7293863367381377,5.37325741881066,-2.303980064782301,-1.5265188235232472,-1.048978997228062,-0.8681136800017697,-0.7877754997914828,-0.7553872877795502,0.7585749736027229,-5.141090521669527,0.0,190.65812992640616,13.830172020095821,13.673244085630266,2.5050455113338934,7.461355067916942,-0.11398317435393325,3.742912594166704,0.08578765767358297,3.8097385820125087,-117.6795069956509,-17.438479912524684,-13.086608138012533,-13.515240662470324,-3.3501122875962586,-15.500578662770526,-2.2478549706570106,-1.192369085809168,-2.8047640648831,-3.3194354639074137,-3.5548114451604134,-3.653182386044069,4
2022-06-08 16:21:45.225446500,-2.5494480187555046,0.4469748105992071,1.823501223161546,0.3726651081466804,1.7115402750134523,1.7046150552566677,1,0,0,0,0,0.0,-2.5861393227281053,47.73652323037454,7.416351319516107,0.0001853680499273301,-0.2973730659662872,-0.10932428453582944,-0.01038878947421209,-0.07047769781780477,-0.1944927441117955,-0.08071375686537582,0.11889574670726695,0.19126818006264965,-0.3860398139014349,-0.08507543310905541,0.4108814766881169,0.3358383336424359,0.20695613420924108,16.21145741758242,4.706380972492998,36.87520416847252,-6.411769144269386,21.774274906661827,-0.22028952818253786,0.060586776338047175,-0.10190112504208378,-0.02362320217466855,-0.0744111024739874,0.008667244032452089,0.023500018799573124,1.5835050947251006,1.0687390245540012,0.8386785312212249,0.8139537739961367,0.7876276464902632,0.7662957581603437,36.082631045085115,11.635537215676978,14.122159065639027,17.368489098763447,253.979166306817,0.130300468364888,0.17917679430154468,0.1180886940413633,0.08070395090263513,0.10538846449806473,0.09701351311994033,0.07737688666662207,1,0,0,0,0,1,0,0,0,0,0,0,0,0,1.340081980018032,-0.3547249559376231,1.0,-40.792162746594514,-17.806885948234925,6.62983099971637,3.937015826859516,-7.099624522951466,1.963379118877555,3.6293866767823064,-5.7771579714052335,-10.92392717637549,-6.4430887072417145,7.0235649144624865,6.725213202068218,-4.585667130807753,6.668975128086804,3.349462603556905,-0.4814064475397952,1.0998874593455927,1.5082202916894478,1.4805258482306054,1.4577672204624852,1.4455947612236273,2.1238847561936267,0.6825713495935251,0.1,-6.571619680857402,5.657197879117424,-3.92021946732164,-6.596498828731026,0.9733518413022382,0.32922425098947783,-0.3168548047893249,-3.8623789690865964,2.688806051371724,-8.811640001168369,1.4182355290005868,-2.8111928740686336,-0.6614259321798157,-1.8626954569264824,-8.611505740502343,3.037400170861173,1.4020809761165305,0.5124222061440333,0.2366389085921428,0.10999087363230596,0.057733721277209216,0.922732002368756,-0.18729905052043785,0.0,26.444445978212293,11.415144709943947,-4.325248723700233,-3.4567750668263058,2.984252403367273,-0.6655087333569043,-1.1589947583888072,1.721769768692711,2.183754778427052,1.2705218945522432,-3.977552577851541,-1.2667818481104416,2.2415342727676157,-2.9345205218908084,0.8387810753989339,1.3145370306312318,-0.6132324109276379,-0.6477455685683384,-0.6333219887091982,-0.6289981467556734,-0.6273337726100995,1.3432016196544507,0.11507872479282465,0.0,5.103339226674887,2.273806660584476,0.2845159058516613,-0.022863421007240814,1.3424221239869685,-0.0834391428220761,0.5037586919152746,1.2232157728110369,4.4104334359292485,-9.302201089221183,1.3035816829471352,-0.9038869939430152,-0.9739930053481238,-0.4644567052491634,1.1602176113814584,1.1838299854100365,0.3913451723994317,0.2240791257723036,0.177478249047489,0.15491912315449066,0.14526871176060802,1.1259533746934671,-0.14204850131303606,0.0,22.16422078935993,12.13298689210999,-0.8565571346444159,-2.240695313097294,2.288746249673512,4.9989096200977015,-1.9349798624184504,-0.3627671682453739,3.736340382363549,-6.9920031027743255,1.0187446598949186,1.0601974124963394,0.9569735445527892,0.3465399272445946,-0.7223526675402665,-1.3130658189945112,-0.5631120971076538,-0.5026634456506986,-0.4738502452648909,-0.4598861433892637,-0.4539419179898938,1.3917612208389256,-1.8753244391529909,0.0,18.623385756157294,10.738545574795248,-2.066102021222752,-3.4355853649867023,2.0673321021687525,0.6013400986959083,-1.836094087690132,-0.33799151224650625,6.061028820239973,-15.679701374842908,1.2424918047561713,-0.9250821787568212,-0.7261053968748556,-1.7865108347461531,-1.5577923555825868,1.2469438196759015,-0.28951055054337393,-0.5198201390105079,-0.5872359321789913,-0.6192086345517321,-0.6326608321154206,1.8373297057629585,-0.7901910049322871,1.0,-55.250915181184034,-20.21089079706179,14.759094381910785,-5.8029938987297385,-16.593282664097586,7.839415074995111,-1.5306605106302191,-25.698091678268558,-36.502452816032296,0.5944521316796061,21.94399396997014,21.21120594143265,5.32272636820985,2.850782552778173,3.4252399048015465,5.6176528149249245,3.3734283332729094,3.5757770612815194,3.452948439441016,3.3559690697463846,3.3063330819685484,0.0012827059514127414,-0.018489246437636792,0.0,1900.4285086597602,10.717384931047832,-6.725395605425093,-3.5041296407364935,-0.5631673569988322,2.374437680061007,-2.883047785943233,-3.853830085413237,4.115587060254647,-10.419157333587606,-1.8410683017990264,0.752699114298828,-0.7871956533172869,-3.372219904194054,2.850019276845956,-3.2143664781387287,-2.21811613213702,-1.89035429463258,-1.7732330516506245,-1.7193053739321298,-1.6970372064231185,0.4660290997421707,-0.29385557959448805,0.0,244.91516052883446,20.195311159218406,-17.228033134314998,4.8974269039941065,22.491137331167188,-3.3279660699618425,-1.659469490636457,28.22397821164229,39.13164487135964,6.6342473242199125,-27.479258247297462,-27.532513515232463,-3.0764201646074887,-7.72336111232662,-13.765208046902215,-5.700804652189761,-3.2648432680206563,-4.0371870780591985,-4.0029145537462405,-3.9383564881661126,-3.900085592656136,4
2022-06-08 16:21:47.975446500,-1.2694049295492,-0.4639133323514393,1.6318532047584555,0.4652569352953474,1.5964587352764643,1.73770099058705,1,0,0,0,0,0.0,-0.4949497461685046,47.484969136913655,4.956824934405294,0.00021427789703360107,-0.2952960158017421,-0.0816830809608612,-0.03988411099763284,-0.06993772337688672,-0.1949769517973985,-0.022169876403865155,0.12124751976372435,0.13093349974325302,-0.3760743208215068,-0.031742724170902216,0.4108608384930224,0.3746095886450959,0.2514649262829671,15.735921333333335,4.526962534023005,37.19001777406579,-6.046136376991623,21.135568742753424,-0.2225194873727614,0.05605127819901275,-0.09969907965099156,-0.02498746883481356,-0.07792106591624816,0.006954995613494786,0.02632592399971702,1.5995096229042414,1.0553720396019186,0.8815743590987087,0.8019191504400324,0.8074856192607754,0.7972901146071396,35.65342113033606,11.510061952038072,14.030615037510636,17.240679275772976,250.24334987604556,0.1290110737700925,0.17844976201578694,0.11703671750731645,0.07989568304053286,0.10577773092677988,0.09612693988851014,0.0779491911565581,1,0,0,0,0,1,0,0,0,0,0,0,0,0,1.0242565171620956,0.5018870018429339,0.1,-58.60656247440466,18.754716662047237,-7.124474311210777,8.387302332477388,-6.008249339483588,4.717530085708819,-1.6666276557392243,5.9371560503928364,10.8749763783529,-6.0762275614467,-12.320570520297014,3.4527892585111672,1.7370647149842742,-5.447639702126024,-8.900133920905322,-2.7897783774376395,-1.0308192808750616,-1.1157653068299842,-1.0601283101415797,-1.0251427016811578,-1.0078863307123729,2.080007966893536,2.5852740439710007,1.4,-0.4119382554315574,-8.618882090785682,2.5090919804942797,-4.000705529156072,3.542295359624112,-1.8995630498398677,0.8242821855700908,-1.9239236925296932,5.2640039402578775,3.5764674471763778,-1.232011334345612,-2.470853718120513,-0.7246680211500066,-2.0489061138169773,8.646230395287088,3.423237003216977,1.0585180544054675,1.0089322273304664,0.9090441544375636,0.8571653248588329,0.8347897626499864,0.4544641237624574,0.08269189658477538,0.0,43.190642822157756,-6.342577533623933,3.9734545630790654,-4.640214393796233,3.0051570890315134,-2.8381386169087546,0.2464475955315049,-2.5960821282893307,-4.050044229869242,0.4238483405143088,2.279936677996439,-0.4769843459522922,-1.4982126724068658,2.7884050974180417,5.199146090401166,0.8635651361073768,-0.6078171484029371,-0.3262578622086389,-0.2804194312464089,-0.2648909675442616,-0.25991883338580685,1.1873925671851946,0.6580795330803916,0.0,9.338075091200805,0.7265415655842102,1.0464208989469026,-0.09039858508699627,1.4826520955105018,0.2315204996756333,0.8856018168637516,-0.6952638262491787,1.2861902781951178,7.411541934441725,0.5062454201837695,0.07262163718653247,1.1924287296964444,0.289774764722223,3.7324608653245015,0.1455086545721231,0.3192265780317985,0.2571327902187676,0.2686180835657916,0.2759340308103733,0.2792973090458267,0.4670181152674069,-1.0322618737162164,0.0,38.29806036058846,-4.798716324548302,2.3854682024657463,-3.705148931765291,1.4147157839910482,-4.4435819988765815,2.57265494908572,-2.2010938369970954,3.6022487505485965,1.9112574441989791,-2.3404448399884905,-1.0550689345688955,-1.8154552308767589,-0.8369413316578145,-4.156078745971307,-1.0250662004820559,-0.8636224167038911,-0.8619634024562024,-0.8691168922149449,-0.8709089709772222,-0.8712973974631015,0.4927916615921762,0.20188612956692945,0.0,38.29409968420612,-2.7638652874957903,3.3905115322935484,-2.8826687709793197,3.4837457018584703,-2.393310041144208,2.4799858050196857,-2.4025267066234366,4.181795668372072,8.843528675625455,-0.9224815850496731,-1.0133133691998828,0.19292352345970554,-0.3191813265011043,1.364101571640605,0.7133777767942926,-0.0940134496175693,-0.18034615354615768,-0.2019574331972659,-0.20910460355510296,-0.21148673451886885,1.89738441460526,1.0301210724020504,0.1,-64.27369209358014,38.49375424248904,-14.525713968374731,12.946418728210602,-6.5707457121602415,4.662299934109427,6.996082617657628,6.721569967412754,38.0368216131405,-42.092147628184634,-40.44898742159618,-2.666553974352299,-17.185129362234456,-4.367575401523603,-14.072699205462994,-2.9680817675647337,-4.1664694781432905,-4.372122644167589,-4.335892221626269,-4.290757109745922,-4.264997572805481,0.0007372298960986492,-0.01018689779692348,0.0,1921.7093649231533,-6.961967781477995,4.849093128698684,-2.3298044731287746,1.810965297546176,-4.740044958009847,2.3037265457197837,-4.067456061517433,4.864544080726773,2.9150412464957114,-2.05079710523254,0.3970643684129556,-3.2966653170310245,2.1874728255528453,-3.9373697783812034,-2.3464001152070466,-1.375470739154764,-1.2212804886222628,-1.146862023204115,-1.1084255867285293,-1.0917266189291237,0.6613908463838295,0.4954391672405467,0.0,255.96822938959968,-44.92823332608205,13.657515542374988,-13.929123771683841,7.246793976031178,-6.7032841154922425,-6.3429415868370285,-6.593693959387361,-45.66376199659997,44.911763864081095,50.891573733704824,0.09284936072512727,21.361164670245834,5.482187281158575,17.260464166442066,6.9797948171908795,6.65448817161394,6.504967239138358,6.259823949980045,6.1088220318093525,6.036858986290285,4
2022-06-08 16:21:50.725446500,-0.013623267585188231,-1.330351745397211,1.4423865930048014,0.5752409090230128,1.4688634495890427,1.7733899466461402,1,0,0,0,0,0.0,1.5349449580742232,47.22405062458903,2.569858822594857,0.00024318774413987202,-0.293135093336836,-0.05478078156306801,-0.06828777843017522,-0.0695097559383172,-0.1974747577724893,0.035471117447096835,0.12391733620421068,0.11004335950083406,-0.3917672441268281,0.013039177387508366,0.4141161933313656,0.4074527951711569,0.2944343990874649,15.287488341968913,4.415186879216064,37.47915543067508,-5.768739215127046,20.53326634468519,-0.22455967054046447,0.05253579034067739,-0.09842742361614966,-0.026258995799163253,-0.08130779009129252,0.0069955170933197796,0.029074101682397636,1.5824270456838887,1.0451110288370384,0.9075284284795084,0.7906292731075205,0.8187261423679235,0.824997190100419,35.23805638228349,11.36366862189777,13.931663168557794,17.070204846172217,246.66767313944,0.12771294674501335,0.17708358519202613,0.11560020315590985,0.07909615068660654,0.1061192783044747,0.09478678694366112,0.0784897077800964,1,0,0,0,0,1,0,0,0,0,0,0,0,0,0.815805395705738,4.28068850345971,0.1,-63.70260151101952,24.20158610745405,12.006928180541218,0.24319428922766215,-5.264705079345843,-4.0360991221701275,0.1097987227543138,3.213582995955292,4.261086626453147,4.684055260346454,5.624850140479406,6.328378068604344,5.334894313743813,2.829418635338268,1.2391885548786594,3.4576685768837243,4.05542914503363,3.0994233259627686,2.7970824152747387,2.651147020601127,2.5885981277885715,1.6633487065256716,-4.422689694022371,1.3,-6.577599032038722,-12.926599117472456,-5.25404060492759,1.3516923416211162,3.2804679253205964,1.2641423247540708,-1.1383469394559496,-1.282582853744343,0.4344064753787675,1.8710695026487083,1.9744071188375565,1.8341997763317919,2.8862007591915084,4.546281092102693,4.264100909978689,0.030741212248474814,-0.990996475285087,-0.17913387744574855,0.04726059184463684,0.14815979044241193,0.1893971138348922,0.34874662812709184,-1.8824915459832567,0.0,58.682825165556096,-12.37404534853204,-6.330113359116337,-0.4302733018682341,2.3925431250809748,1.7860794079146434,-0.358278350482395,-1.863920015803452,-1.9674002012327936,-1.403187322392924,-1.1810178701141156,-1.4865706485070458,-1.741445639551212,-1.5287708833094735,-1.2717257897015957,-2.1710979905275387,-2.6039830450375225,-2.075332014327215,-1.88571735152571,-1.7952552022971568,-1.7568947419660288,0.9037754492016424,3.380461957988796,0.0,13.445200849399939,-1.8006618624985131,-1.4181551582735454,-0.829315032286035,-0.33047969221862594,-0.3730579144902253,-1.1770191280858746,-2.384136098347436,-3.1636109330134143,-2.8022053838214984,-1.3212551342225625,0.4388898503942703,1.3982403175816145,1.031198302883629,-0.26721758913230864,-1.4042091213530905,-0.8637231666649579,-0.7036286754162929,-0.6503784659765445,-0.6250132835387833,-0.6145781782689844,0.34841713867319823,-0.5932781844014303,0.0,54.31000819425829,-12.254641330736346,-5.302117212982207,0.6882898759750482,2.2131117077815343,-0.3337179788881173,-3.5772234226600013,-4.41413476408748,-2.5212904731846653,-0.04420654022726134,0.8223509455285999,-0.16296525692459074,-1.4712921905144511,-1.6227844367389246,-0.6126379023236954,0.3365519260567829,-0.045032633031294685,-0.2308638554713862,-0.311849413186676,-0.3532384515724756,-0.3711822998430013,0.38203724398858896,-1.5173045376439775,0.0,55.84423090139855,-11.845383760902138,-5.914137385925472,-0.5072299534308584,1.328697280924029,-0.5288226301760011,-3.67284745595357,-5.408515933046137,-4.764883389214182,-2.715737817594118,-0.8393670997351448,0.06844848738222331,0.2315610197139457,0.14300589274394948,-0.09750389030059624,-0.6785813351284039,-0.947022469815756,-0.9206079482937592,-0.9202461651700782,-0.9223960916560776,-0.9239629739374232,1.8246806668772304,1.3509768550175254,0.9,-58.59214850478053,24.743947705306038,20.460363731305762,11.120313891861631,-1.2695650624253796,-10.09980470382585,-8.654737532867621,3.7285973243204933,19.842010687699553,29.47595450427627,27.10448213320932,15.780431506179795,4.054318232387781,-1.0257993388227176,1.3940795337265055,7.022303043165096,5.907106845954963,4.8091874551962945,4.482002171427828,4.327373995787887,4.26164603127963,0.001087554957850195,-0.013714449472775015,0.0,1937.7866302316024,-14.270645826418646,-6.6748512931314385,-0.059220229329497436,1.6956531674906614,-1.0937534133627196,-4.714237382293278,-5.522280647116859,-2.9156493633010854,0.6264934881771111,2.102177962939237,0.6259192054971336,-2.1092216218789623,-3.620062284843392,-2.8024979820804385,-0.5940410150865247,-0.4135365567621605,-0.6110965705993507,-0.6657265680383729,-0.6923233615819164,-0.7037592868609641,0.4233817159385858,-2.6790343032644683,0.0,249.89748734521785,-27.53482495201023,-21.156909788367898,-9.956484402685998,3.2031296625425583,11.913721324393112,10.025626661136297,-3.1499086227758153,-20.987136887736554,-33.32706244165585,-33.345097969154665,-22.162753869771823,-7.653095265140845,1.3767441237363045,0.893827398388769,-6.955419178346535,-6.99991919444405,-5.590053215293852,-5.21179744471217,-5.032203077440496,-4.955260827856005,0
2022-06-08 16:21:53.475446500,1.264798841067645,-2.211783385338602,1.2444481978144997,0.6886956024299127,1.3378844064714377,1.808363267403121,1,0,0,0,0,0.0,3.6448898277655113,47.00789054550469,0.09328211204502927,0.00027209759124614303,-0.2911802307725625,-0.027021562025837127,-0.09777650047579306,-0.06944344829556838,-0.20006429396208947,0.09414049456914833,0.1266535561923567,0.12540628028401554,-0.4310745478592979,0.049949769687878516,0.4203605222843156,0.4348696073864501,0.33598494396921397,14.863905541561715,4.365621837535853,37.7448344213862,-5.572501576347006,19.96434170673237,-0.2264262423928953,0.04995801968586083,-0.09801202846835434,-0.02744602164175158,-0.08457866166826745,0.008646977067775927,0.0317506570817702,1.564149911267028,1.0573795021682246,0.9212784324997636,0.7804690428679414,0.8235138718600289,0.8499720531488861,34.835906363787856,11.209015730775373,13.826899439722965,16.87204847928073,243.2410131193325,0.12641243800210308,0.17527978470038705,0.11401835995491555,0.07830701753977166,0.10641839404756707,0.09401503851058332,0.07900347011531783,1,0,0,0,0,1,0,0,0,0,0,0,0,0,0.3375907487935441,0.5038757914684925,1.6,-43.498423517346055,-2.3023364809448217,-2.3030738887373694,-2.304341006627686,-2.306198741675554,-2.308740377629864,-2.312100813079796,-2.3164701397351934,-2.322112224031144,-2.3293862289309253,-2.338756194751649,-2.3507169231598097,-2.3652871868876395,-2.3790291415558666,-2.3619680603375524,-1.987372417600596,-1.455901298519549,-1.7604140578882983,-1.8837271067677308,-1.9377942403140187,-1.9597076383130276,0.40729216076919095,9.514198330608744,1.1,-24.924154403642,1.562358473818194,1.5628107407503813,1.5635801281965138,1.5646900571181177,1.5661727562607304,1.5680668822596815,1.5704101758129552,1.5732191659521444,1.57643456224282,1.5797707020724685,1.582270787083643,1.580819841347739,1.5639967093761773,1.4750755729512672,0.8898125275073828,0.499228769503955,0.955889679140462,1.115459217747972,1.182733272699687,1.2095003698284759,0.005885855806233999,0.08084525246788457,0.0,66.01084125090158,0.35254215380734344,0.35302303618004505,0.3538535940133709,0.3550811757703309,0.35678034269463144,0.35906339582713365,0.3620980502586844,0.36613749894810704,0.37157308530961175,0.379030146358784,0.3895486972196267,0.40492148568506336,0.42811958649030335,0.4595994215508423,0.3802486572986794,0.009000096946281566,0.09769329855665876,0.1503039918068516,0.17472911914952305,0.18476954118445965,0.04020101178918397,-0.43538220432481534,0.0,19.78845798078534,-0.26185201932305224,-0.26208534051577903,-0.26249057161687706,-0.2630947481831234,-0.2639413885817512,-0.26509806589611706,-0.26666985503074514,-0.2688239532673342,-0.27183719173947085,-0.2761946177199577,-0.2828149076646568,-0.2936397196647917,-0.31350773643872965,-0.35801085148800016,-0.4724879791748422,-0.3449741842899133,-0.2615423381677685,-0.2452370958094497,-0.24011852547059,-0.23843484868982304,0.005004650972933033,0.08905324833215035,0.0,64.58068938669874,0.2805640656710544,0.280778791758145,0.2811501013827842,0.2816999626260106,0.2824632179775115,0.2834929041431158,0.2848694430971146,0.2867169374396301,0.2892335169077933,0.29275201211283264,0.29787394515361765,0.3058115250660607,0.3194799469771994,0.3483522919714408,0.4229352727610345,0.3392643602747507,0.27540353689834074,0.2603799564403131,0.2553213539207068,0.2536202423813164,0.00048657414522993396,-0.030279337622618526,0.0,71.60600990442805,-0.07235090196587812,-0.07225493942781469,-0.07209057457824741,-0.07185081064011811,-0.07152511297861698,-0.0710986170506076,-0.0705510820444939,-0.0698557312000534,-0.06897861308890008,-0.06788081267834611,-0.06653203465649016,-0.06497045590435269,-0.06359511445541366,-0.06535635940922058,-0.10514800197581642,-0.17687276334203172,-0.1460240738351981,-0.13115859215954706,-0.1241617375158386,-0.12125014300723215,3.0130846022928988,0.9673142733664988,1.5,-5.0895445518971405,-3.5247077342520954,-3.5237202030053734,-3.522006034852041,-3.5194524846671893,-3.5158782260713517,-3.511001957116575,-3.5043865503847424,-3.495336456855477,-3.4826985639200383,-3.464444961154776,-3.4367038555490037,-3.391162492375216,-3.306489158900016,-3.110185770609592,-2.55570908328371,-3.068404533346304,-3.4852020257691523,-3.571990562639343,-3.5999297168316127,-3.609352986419282,3.521285584732209e-05,0.006716729786007207,0.0,1944.8923322334877,0.5978957149338271,0.5982345383837071,0.5988231980695105,0.5997012600438438,0.6009323676955347,0.6026152027109077,0.6049028051791936,0.6080375406465492,0.6124173915421736,0.6187297601370858,0.6282441512783663,0.6435224135156545,0.6703942452081222,0.7242374600667674,0.8179415911503085,0.6296167822696646,0.5771383347759098,0.5706861961289746,0.5683303953864041,0.5674334366732978,0.07632970247634484,0.3018285539570677,0.0,186.27597078028649,4.096219070424464,4.096024564973696,4.095676782808045,4.095135236001745,4.0943313220620965,4.093151360644509,4.091404464299499,4.088759272195056,4.084611730253265,4.077785872232828,4.065780675335123,4.042568569341063,3.9905036556986015,3.837051262834183,3.1543765962257875,3.0437158535130893,3.5811051932079088,3.7530322442969033,3.8236806130929706,3.851315287382606,0
2022-06-08 16:21:56.225446500,2.576966213813172,-3.180878185102635,1.0668336802428289,0.8076701413974329,1.202173367044809,1.8478512336605943,1,0,0,0,0,0.0,-7.085848861703223,46.119493136538544,12.79759752096991,0.000301007438352414,-0.294431635513282,-0.1559313831900586,0.003075774181876136,-0.03307643273772758,-0.18045891422553748,0.1672707504775474,0.1472134831473176,0.17413945363995775,-0.4921865060794418,0.07964595659545304,0.4293524623389436,0.4572968192637548,0.3762360239234656,14.463162990196082,4.3154724284271895,37.98400709024125,-5.3827986193555715,19.42609515712093,-0.2281458053734546,0.047544194527048535,-0.0977917444588006,-0.02838223128774425,-0.08764156058288099,0.011840712930297292,0.03443542610051142,1.57168108946471,1.1067210930997171,0.9261935719637524,0.7717663019997011,0.8234575388348383,0.8726661412842688,34.44636743380576,11.080739765920057,13.714633804757488,16.699628109326866,239.95329920306568,0.1251209518822452,0.1736845392834689,0.11266727105608798,0.0774757834306091,0.1065823782932848,0.09476603244907468,0.07959066570495699,1,0,0,0,0,1,0,0,0,0,0,0,0,0,2.506021945820209,1.280780608445811,0.0,8.377135156535287,-2.3244975868461424,-2.3248530884115857,-2.3254724066773576,-2.3264002152320624,-2.3277092976708995,-2.329514570754855,-2.3319986872433534,-2.335460548969598,-2.340412863510705,-2.3477945791151438,-2.3594838573740384,-2.37971712699494,-2.419801095102244,-2.5176621358304896,-2.7718225631566966,-2.439508640611332,-2.284050936778913,-2.270480347852836,-2.2697539262035544,-2.2701679871026963,0.11750150586937567,-1.2327709610072783,1.6,-61.08838380824636,1.6315777575966468,1.6312589942065134,1.6307070050673411,1.6298878113203257,1.6287473028154484,1.627202690286483,1.6251276937085717,1.6223262625388997,1.6184838515744724,1.6130714735572345,1.6051416947901151,1.5928525676642151,1.572256603608028,1.5350190153673176,1.5193077631078236,1.7770009555127906,1.7689585198399167,1.7465466013831097,1.7346144594822623,1.7294632909228609,0.00958591892532002,0.11626123022523292,0.0,58.06364716374256,0.3616248786719396,0.3620454293705455,0.3627755813902879,0.36386364747426025,0.3653874315044661,0.3674678621834113,0.3702933289412687,0.3741645566520897,0.3795820180650951,0.3874293837728382,0.3993977778392336,0.41909881640251134,0.455491237320626,0.5348789801083262,0.6757617827540114,0.2924791533994993,0.2247356000015781,0.2391849774081063,0.2499024655105625,0.2548158796245085,0.017927134862757745,-0.2458120215380717,0.0,24.512774302662887,-0.2207380209640064,-0.22066955557073475,-0.2205510519882996,-0.22037531155186896,-0.22013089247766504,-0.21980033653817155,-0.21935711631448696,-0.21876027220015734,-0.217944624785666,-0.21680202266973625,-0.21514356606118745,-0.21262206206359105,-0.2086084451345376,-0.20281900944561188,-0.2180954339009844,-0.2855055423745728,-0.26474163983885524,-0.2535084641135574,-0.24857098146392265,-0.24661129579682564,0.004329824326482024,0.08415890788849079,0.0,59.21485991164493,0.2441775354094897,0.2441401772253835,0.2440756853890811,0.24398044255410856,0.243848777132436,0.2436722057811793,0.2434381971259656,0.2431281667691807,0.24271425411557224,0.2421544170641905,0.2413869199060291,0.2403384255369303,0.2390693472804968,0.2393867631188138,0.2664521132638193,0.3054462181813866,0.2784921688264075,0.2680587119550235,0.2638376552048112,0.2622179597753743,0.00024856528036192336,-0.01976356113407688,0.0,73.04029198646424,-0.06310985541150771,-0.0630326227735587,-0.06289866733144933,-0.06269936132221687,-0.06242086360532007,-0.06204177481345453,-0.061528988880881215,-0.06083012938817234,-0.059859024606557565,-0.05846577734921565,-0.056369241177067764,-0.05298635267744767,-0.04694190887679417,-0.034690554153545834,-0.02133130153626084,-0.09432773076789223,-0.09628064304412164,-0.09051077545183772,-0.08737458495798456,-0.08603939809228589,1.6602174263808696,-3.672824087281832,0.0,53.993016187097,-26.52817340437128,-24.585823623657497,-21.51890612429964,-17.567039477442414,-13.035440741636288,-8.268059480147627,-3.617520009920085,0.5853360728925079,4.059451897431842,6.59640599731282,8.075709586639505,8.470292355458591,7.838529987886219,6.280716118338784,3.600226306847839,1.6786126196929128,1.5241335789303825,1.3594818420699155,1.2535898288238734,1.2025900835538301,0.00010712894170203874,0.008251440581464192,0.0,1931.7733433086694,-1.3532287031349597,-1.143952689360674,-0.8150804191149348,-0.3946223176426997,0.08176577004658725,0.5739283289941426,1.040702119152229,1.443397684320615,1.7488803203425505,1.9318159258303569,1.975506791314686,1.8701839892549827,1.6049836995141789,1.1314398824270882,0.1537346616456432,-0.072700517945826,0.27643448816318994,0.3778158915055343,0.4203384799287305,0.4372923937872297,0.9332763322798192,-0.1996639705906365,0.0,117.00947019494518,31.199185184608407,28.89444218487997,25.258051637088453,20.57812955136609,15.22155374892035,9.601571904294726,4.141582605638886,-0.7615238375896287,-4.770987196883149,-7.637441261518214,-9.216758505712033,-9.47528771893026,-8.476575286708242,-6.321668613237311,-3.0242523559751384,-2.4630935595038643,-2.49200228106752,-2.294019023820397,-2.1602840262588994,-2.0952348258850524,4
2022-06-08 16:21:58.975446500,0.7910144668553675,0.25581663521167664,-0.5162146157173892,0.9587551342208188,1.053854719565108,1.9121710313847358,1,0,0,0,0,0.0,3.1964725754545498,48.82117737277119,-1.5887425187768591,0.0006791444012430501,-0.2951077684176808,-0.01866042182456272,-0.09181762592492496,-0.0966434059662717,-0.2339128615516861,0.1069205386900453,0.10411661471270596,0.23471497529129,-0.5522488757446814,0.09846540731187964,0.4409107437270703,0.4751106359925853,0.4153180527467701,14.083461813842485,4.144200469709866,38.21580868134919,-5.078386547806418,18.916112074042406,-0.2298478307000771,0.04391588320317075,-0.09645281820028914,-0.02908751897726214,-0.09049995321481116,0.015818637978423054,0.03712128267705552,1.6060449245809605,1.1786755082037028,0.9243341278310212,0.7648272971051785,0.8198058639563176,0.8934794537529214,34.06886365603601,11.031822978008833,13.607864314222246,16.62497156654984,236.7953883753997,0.12390214490976313,0.17324363069796792,0.11195987698879988,0.0766465596943448,0.10664731842135597,0.09692156484688612,0.08026680424679837,1,0,0,0,0,1,0,0,0,0,0,0,0,0,0.5784309138843888,-2.624921417481368,0.0,52.42803891721504,-9.891797276190745,-9.078348340429546,-7.804059859285756,-6.183254920552687,-4.36101098942286,-2.499883939613899,-0.7650927877529203,0.6904269384507244,1.7396525109013452,2.292396773555958,2.302233943080158,1.768085252581326,0.7281104590210742,-0.7629690287870947,-2.5293037520963977,-2.0088350606455254,-1.8159143754600018,-1.805245730254554,-1.7974399722513337,-1.7929464748096864,0.29501746319844546,0.02962970887502795,0.1,-88.54256805930876,10.154217125180287,9.403149843465606,8.215898045249734,6.683312943262798,4.921277160044489,3.0606734200674106,1.2361875586371625,-0.42497914103024215,-1.8133561404199088,-2.8452540857745667,-3.4673507067268043,-3.655870844671433,-3.404794107506933,-2.6674466217527737,-0.8114018487850938,1.0869989827779565,0.8410621845527588,0.7690764421325378,0.7423553104433847,0.7321757447205648,0.09325654539534403,0.3425371304219189,0.0,48.33091822416803,-1.3872490520050853,-1.3049938167310486,-1.1706330681891362,-0.9881287558881741,-0.7627659308049801,-0.500909512865594,-0.209715186861805,0.1031928053827862,0.4300674372510085,0.7634067623799625,1.0963564806643646,1.4231623836938223,1.7393733716479227,2.034061897483548,2.0208829632609837,0.9415339303110852,0.976065512965364,1.0241304581215962,1.0436252607583476,1.0508115772007212,0.012282291109635586,-0.19516545074467964,0.0,29.22004170696971,-0.19671957898293613,-0.19649232355379365,-0.19609914277933796,-0.1955164446439177,-0.1947068060245636,-0.19361328436887135,-0.1921496743678892,-0.19018349246534005,-0.18750511784992985,-0.18376896750176372,-0.17837488275447022,-0.1702187334173858,-0.15722538285513665,-0.13734613109886815,-0.16803479163108534,-0.3689487954733928,-0.32456371362580105,-0.2961337758073723,-0.28296432159998763,-0.2775925359785135,0.004863384286401291,0.09049244367629257,0.0,53.868421052416046,0.2272670476761922,0.22723869146397654,0.22719017724500645,0.2271195521737104,0.22702395155882996,0.22689952062434535,0.2267414690517193,0.22654462344674545,0.2263056035849751,0.22603032957050884,0.2257604912622455,0.2256783389891288,0.2266240551090446,0.23379609701307455,0.29320673900393057,0.33622725581113233,0.2824762973432763,0.2638519042976264,0.2564552781307199,0.25363945321988685,0.0002980643490693232,-0.021893285790993637,0.0,74.4793678404209,-0.049039972617388905,-0.048874999132098466,-0.048589685647772114,-0.048167113902882974,-0.04758050906291178,-0.046789269220343765,-0.04573222500503071,-0.04431601806679186,-0.04239441302599722,-0.03972996271403195,-0.035920283219162075,-0.030257284573838476,-0.021545782669542882,-0.009614833320823246,-0.041752456625449914,-0.18124176524273009,-0.1425255007737387,-0.12112376735794328,-0.11147773435851938,-0.1075759818260893,1.7950404056435758,-0.6552020391809735,0.8,39.18605685627876,-60.67808404629157,9.657206243609568,0.346625842129189,6.0604315521985,20.799926160638822,-3.2630806150292617,11.002468148176538,53.41974255108211,24.578297331657936,-24.198843508786375,-17.736587945713183,-7.119955651424861,-11.24371740076976,-1.4839422477610356,-0.22114989646551475,-3.1105094291150803,-2.9361497400674836,-2.888136140742808,-2.8382584132118094,-2.8100997626291733,0.0006876529188393606,-0.00541905944881333,0.0,1923.8598176728872,6.167095398494098,8.38440296198138,2.1859831780772936,-0.7669277703604678,0.8473650234557084,1.552015620973478,3.7019713297837313,3.4922085051377465,-2.835222372692087,-5.496468305903164,-2.2192912877010187,-1.2864613589126606,-0.4161117533237189,2.0573722729416275,-1.0447239216633903,-1.4001214545576204,-0.9816138136860316,-0.8705250151029773,-0.8135637862871192,-0.7884846727305117,1.3988418686965702,0.2727663676889689,0.0,125.8224102213762,63.289989214966056,-16.372476785836067,-0.7222750881744759,-4.673807388762646,-21.990336293289342,5.6057657371831695,-11.938944967370336,-63.06166321478547,-30.12182660550125,27.82862240118816,21.13376692738083,7.013008107836588,10.798443906021657,4.2521723932916835,6.322786883072508,5.609376206873042,5.018006496785098,4.765071420587344,4.6084988525833515,4.533647469421708,0
2022-06-08 16:22:01.725446500,-2.267236336114209,-0.15372255066683008,0.6096925142048123,-0.12230423038176284,-0.7699214279035745,-0.3689928115001582,1,0,0,0,0,0.0,-6.871387629202813,44.85815055879707,12.019296960518991,0.00035289025501977767,-0.2854820484290916,-0.14518064368489805,0.005723981331375343,-0.005910668671033856,-0.02100351510949234,-0.13140873833335798,-0.02971408643718435,0.22482094606106615,-0.5524037552310092,0.09801692190164712,0.44426004521144735,0.479124029851062,0.4348403509625826,13.723187209302328,3.968323502600117,38.42781277799451,-4.782351338812648,18.432340296371702,-0.2313796497227193,0.04037716465771225,-0.09478347336173068,-0.029668990870217987,-0.09210785367304446,0.016240900423096873,0.03808756720301994,1.6127947884446978,1.1699098666032837,0.9179714699389124,0.7613685215729054,0.8151953776912212,0.9050726911384378,33.702846974753406,10.982201633012345,13.496788911114766,16.54698798061716,233.75894918496155,0.12267082108559793,0.17277984516593586,0.11173764232224764,0.07582733618675191,0.10738256285925857,0.09684399663812557,0.08019892297624266,1,0,0,0,0,1,0,0,0,0,0,0,0,0,1.0889825437795042,0.5543903201384152,0.0,53.583587338012144,-28.73734700109432,7.544037434588276,-0.5399984745939221,-6.82969244394933,2.4523092190541025,0.6769123212285706,-3.724097667740133,-6.167240400043714,-10.509867388299778,0.31223843413687513,13.15489183348035,3.142810530471841,-4.820869881053366,1.9679193370585295,1.9836852174116766,3.076153143207337,2.4549951203419536,2.22165589765841,2.1138377606824483,2.0684402055939133,0.4974828473661714,0.17228440801901165,0.1,-81.8422650452259,23.131739290285182,-9.951479812907394,-0.9329609189953256,4.578770684348697,-3.792221971029921,0.4873427074869898,1.4328521997626833,-4.817824224006481,2.1445893137037433,5.5451908232959495,-3.2174925755579196,0.2850500303546619,6.280975783418213,-3.2628600140892425,-4.825950020811872,-1.308052636463989,-1.3476644363978552,-1.2108521971030701,-1.1414499655608157,-1.1119290477247152,0.42729926677236,0.22025044635320656,0.0,32.865641899963016,-3.1155042697524853,3.0330774427345584,0.5295282858789951,-0.6714692875713713,2.195462073483496,1.456489789147723,0.7698968240987707,4.466404936179808,3.9541978234156563,-1.924737042415949,-2.757440088960684,0.9009577975547188,1.776019935429379,1.9449337955201862,1.3883352461619438,-0.8875186382773583,-0.3873202942755804,-0.2413000358541715,-0.17931059706962982,-0.15443467817758194,0.3350384831261687,0.2348432915858188,0.0,29.38944621483015,-4.417011148445186,-3.6017240252155607,-2.44266155343115,-1.1779550383905968,-0.03904409170607215,0.8096628123810647,1.3054874495131097,1.4868869174026065,1.4603293164483833,1.3484622978441654,1.2391745303945156,1.1535797373113077,1.0420028999070243,0.7956892436593082,0.12478351483750015,-0.39019500582143374,-0.22267542729962664,-0.16470686585888394,-0.14046196426229274,-0.13098968909723518,0.16076601675605326,0.3979826953017669,0.0,44.41375901856343,-3.64120491738891,-2.93215950042719,-1.9352668339423635,-0.8700154374794238,0.05241567770563416,0.6866476832579185,0.986934586985279,1.0078587854906205,0.8737805289981748,0.7292721810814184,0.6885473168842321,0.8013362587159796,1.0467424280806137,1.3624636227788265,1.7210273238428164,1.5230610684190946,1.294473847700973,1.2032120365297958,1.1577859615584836,1.1381564813615892,0.19775867755402105,0.2835248674576781,0.0,67.98526735264315,-7.438713806082583,-5.971144930074008,-3.8931691042325847,-1.6447585697507725,0.3446119973003645,1.768095642493173,2.5084455604989317,2.6415403951700727,2.3800036438257752,1.9802468637046575,1.6471596591465607,1.4689992085898995,1.4010767407847058,1.2892069373908823,0.8239977677073704,0.5396777562971551,0.6789355401034769,0.7141115254592232,0.7258760409281859,0.7297566107585559,1.3622308562276022,1.7910296958061922,1.0,-3.5664913699314433,22.014601751057267,-3.5835200772564475,3.6308835380554734,6.986819825744525,-13.362338444838706,13.137741585394393,-16.65149951244336,-1.3294539537292565,-79.55718690161764,43.88901114026631,8.788543667544047,7.330751237425293,8.508624235132782,-2.457614574065154,11.616025026158738,8.688758486166188,7.8831865037321736,7.541026906622814,7.364256486167171,7.286500758283823,0.0008448255799135761,0.010514543502167148,0.0,1915.5045323351626,2.456272790582119,-9.692654220909873,4.6174774849670825,-2.33649921799514,-0.41517879927815216,-0.8085616883094104,1.036612387735616,-5.6711786280699314,-0.6068374740029228,8.020871931924939,0.6894562729620901,-0.7719303938138395,-0.6610135700535267,2.7847213209432913,2.247079473900243,1.7320495228106338,1.4198678193827234,1.294371028865612,1.2291768812899306,1.200763450823601,1.1146151782675513,-0.7133262698614663,0.0,163.79679008512105,-27.970779274934703,9.603625171938267,-7.994572419932778,-3.7136106709698526,17.03073512682926,-13.998097848057766,22.392937067418558,0.7460384509605156,95.13818130216691,-50.888432784146325,-8.648337339419733,-8.896167330563827,-10.105017305885408,-6.9189597713497735,-9.033738200137103,-9.48275521194373,-8.444956162516528,-8.069816711994946,-7.875899575282973,-7.790517610299032,4
2022-06-08 16:22:04.475446500,0.8961772521576619,0.5647118783883356,-0.4855936669882835,0.4466511381725428,0.8641231167067214,0.9568410835516012,1,0,0,0,0,0.0,2.2848648118362207,45.98974858297609,0.6927028993823755,0.0008403622783776707,-0.2850302956687624,-0.031067670314791362,-0.0928754886291338,-0.0517708182613522,-0.11910884139135805,0.07331710305490845,0.05740592450720241,0.2174182861827254,-0.5495140048321061,0.09999302747949512,0.4363298192412136,0.4696671955708233,0.4266616049654999,13.380885487528348,3.8506513253076156,38.61403287694729,-4.550840312790842,17.973175226717423,-0.232789036832358,0.037643274431340135,-0.0941339243247443,-0.029694157290698693,-0.09095004952627747,0.015532288265967625,0.03754097651476719,1.6118297601786091,1.159662012073979,0.9103578155440004,0.7583969730262342,0.8103667226580483,0.9030877541827949,33.3477968801965,10.899052178565123,13.37808150990092,16.42844043060645,230.83636106558416,0.12144962438576955,0.17174418658591128,0.11091666768736776,0.07491473160205449,0.10734971126593347,0.09655142861470488,0.07967265005076409,1,0,0,0,0,1,0,0,0,0,0,0,0,0,1.3776371677214665,0.16286391179709087,0.0,41.68238710420566,5.210720603960006,-11.759817706907818,8.003426633191706,-1.7902974891898724,3.450644810602616,0.10472807924417804,-0.9822391460284248,3.268152674741049,22.99055465412053,-12.226067952402326,5.245536216863676,-10.697092368896401,4.995429892474132,-6.050169388408376,-0.2396720173830449,1.7330718246130703,0.6903677378273994,0.4827324075337702,0.3987664348513906,0.36596700058822,0.6162936357381081,0.3517913364508301,0.2,-64.06239886282467,-8.769622556238389,10.573198460951602,-8.040266975992969,4.3633473380557115,0.2947365740970513,-4.0529467438629725,3.3872679691826564,-0.5825304309341872,1.1590006807685247,-1.3597573729970165,-3.090444885524866,4.385805639156136,-5.6370863362414685,8.251489552438777,-5.801964152939446,-3.7358257923818368,-3.0990006868346427,-2.8355097727424328,-2.7109105629228147,-2.6586579558679984,1.1332310206860683,0.4732134690414749,0.0,20.595294498887526,5.466357201026104,-2.015261509811303,2.037823611731647,-0.33689030001469034,-0.4387592947078578,-0.8778792271566211,-0.5321376161290572,2.5881135517837697,-7.061487674291588,4.149401641343397,-1.9721692585262751,3.9246759433510383,0.6825914530644968,3.29251001089426,3.102029972519464,-0.0544829248324592,0.5423456157318025,0.6252542193392631,0.651784893096097,0.6608566511434969,0.6795660062008659,0.13448492838520076,0.0,23.400334544189448,-4.382715062010772,4.091342836189249,-0.6148170481962998,1.0127485707890005,1.816515905242788,-1.1559948303902472,2.6017985175463707,3.3558747117737364,-2.6117795994464683,-3.702645362082468,-0.2285938451618709,0.3736825361885163,0.011727427102704245,2.0812392078103006,0.7696073683509943,-0.25278245565115365,-0.008616147732124269,0.058166531171333184,0.08859315750919944,0.10127738162537936,0.3875380194191402,0.16653921860702325,0.0,30.53844614780534,-2.6830623133660145,4.314122905849999,-0.7245527238557607,1.1256114875654095,3.4710123249866562,0.8393616905620003,2.18639428311528,3.4620000260563133,0.9482759053959502,-1.3108683359583448,-0.6672806354376264,1.2086117198130673,-0.5623640541255992,-2.1964168881576343,0.2378350835020477,0.36028500343603875,0.292942378628267,0.29363315732200723,0.2986959478692545,0.30186042903058263,0.4475686041950755,0.17885401782128482,0.0,49.322006934551574,-7.617274580872412,8.130086301284564,-1.1478394915385248,1.2794037069223556,3.7768869448005447,-0.8144993291037519,4.710565666248908,6.067893115022253,-1.70573772565092,-3.813027862296792,-0.9586561323603022,0.9276226031977406,1.2288947778882702,1.6126075171113667,0.2273281854425881,-0.12325775007307405,0.14133037542117832,0.23510772010752426,0.282819180890688,0.3036744221433795,1.0250320097723575,0.4687052775547402,0.9,-46.810239669722385,59.50503478548847,4.344086316769893,4.9404177570761165,8.9091129004091,-0.3344781700492057,-11.243633083191352,-20.583283703396045,-20.84495117807155,140.62514219731614,-25.94238129170999,-4.756829615138209,-6.321199630782188,-1.9359177049744432,-11.971936826320407,0.5442301120287869,-0.8071364527045066,-1.6806821316090232,-1.8749431863984576,-1.944885488340938,-1.9699842946227148,0.0011172199029346607,0.003949370495813324,0.0,1903.3835857265194,-9.626811638589343,9.402710355700606,1.4966914827932385,-1.822780422784888,1.3327930440005955,1.6667450429632849,1.9707551997829285,-3.945802674791537,7.8322644768811,-2.8604662753855905,0.10785411608245,0.5299870089873835,1.0441423023285308,-6.761584470404991,0.8006882231901216,1.4103368560762917,0.9970362352491192,0.90845800211288,0.8759772353594464,0.8640907652417038,1.0426963194333947,-0.20532827162929254,0.0,205.97641063027496,-58.73171996135739,-10.954427595024756,-11.197254783454966,-6.202785505740208,-0.35833210356892664,12.849387230290482,27.944295112824783,24.38057663772593,-163.99149841289042,32.4945172233661,7.572029145480523,7.673395831193519,5.11282346835481,10.303425864948188,2.0423353058464286,1.030163588809442,2.285110748140238,2.6059884754890317,2.7276817262227584,2.773598465696856,0
2022-06-08 16:22:07.225446500,-2.421058165818041,-0.8167365628590312,1.0140509937036906,0.4049411973918541,0.13486681788765426,1.0816705533873658,1,0,0,0,0,0.0,-5.034663347854356,46.4127046387555,6.629981382512244,0.00038895299846647527,-0.2846950450824636,-0.10263427163189154,0.0055608072589336255,-0.06618135393943661,-0.16590592191203954,-0.0855686136957883,0.04951421196028725,0.17006825423999467,-0.5511915569371699,0.11648957757030196,0.4324571923181881,0.4591047044646136,0.4329935419053021,13.055244469026553,3.6718435726722003,38.795310510266454,-4.314916292300672,24.41784932861025,-0.2328364019142066,0.03399258182659739,-0.0929787671153314,-0.03085097959482032,-0.09167873719105374,0.01344954822469738,0.037336838527676636,1.6373217216507323,1.150070413948041,0.9078119915310424,0.7517983594439964,0.8037251510943181,0.902473085702278,33.00321972532653,10.843540253225658,13.264017891370358,16.309230826047358,270.4802370339159,0.12234620556156893,0.1716995916459353,0.1115745545929814,0.07481433869615871,0.10740681989830274,0.09649393966315896,0.07896124983698091,1,0,0,0,0,1,0,0,0,0,0,0,0,0,2.0035402497388115,0.9168431328597528,1.0,-2.3797584038952366,3.4945835109467507,8.225825184541126,10.516017420694256,8.560180193491457,-6.566814881774159,-3.717783882889428,2.1870462896270744,15.047783755500415,-19.928083443278187,20.785314917777008,7.085263746903491,-0.5951436669250123,-2.3730090201029004,-0.3098602379452693,2.3912793881475047,3.23108654584854,2.7781389677094777,2.6982779012933715,2.668713576898884,2.657808129972056,1.1821841193107847,0.3042493307295969,1.4,-38.47715125760959,-17.465797214400133,-12.396829450183546,-6.132510346451375,2.028673406429474,0.03396083165548547,2.680457038735204,2.259792003229916,0.8937013496972861,-8.635730523458081,-4.273577109092061,-0.4260402172650996,-1.724128567477918,0.9208957869435844,7.346674359433246,-2.727497182036252,-3.017756346223102,-1.9334512856597263,-1.7377909966601734,-1.661608012095035,-1.6322954199350417,1.4198563195300522,0.05988018306575905,0.0,17.03794978522268,9.500147983789876,4.663319645699456,-0.2343493236007059,-2.037949315528216,-1.1835842632849307,1.3477860039336766,-1.7841931298800622,-2.1100260777048585,7.722723101039028,-3.259049905822069,-3.0817911872424206,1.7198389042324855,-0.1320700748971937,-1.6897373680688157,2.0969014136483533,0.0009975623963922595,0.07899186376179934,0.06602859644186287,0.058555032872556874,0.055155906205419575,0.7850611594586783,0.1784167468994539,0.0,17.808322549413695,7.1291578593594895,-2.3784658882768666,0.6767380677915944,0.034163013143805154,-1.827870170795288,2.7183645765940803,0.6217362619088852,-2.2626382712971407,0.28742974865035664,2.240670235653505,-0.6464373920204177,-0.473385817483685,-0.07501393794282701,0.28067714349766243,1.2857108718398804,0.061329278265367264,0.17051435660737133,0.18184709837421606,0.18411841396197806,0.1846772752906028,0.8881117890544021,0.35149058284756673,0.0,17.38853531692439,6.775782456796796,-2.0046308590704465,1.6356454171102175,1.4872616908533556,-1.8809443591866897,1.5082119042666733,1.8453399830192407,0.4389234652061244,-2.2849743365005084,3.3955078675180403,-0.08331053773933172,-0.030002224799037306,1.0253109891753338,0.2121339709236365,0.5608525551472459,0.5464197977918978,0.5378749409719422,0.5349870712548217,0.5339683584988982,0.5335785073055888,0.7621565546219047,0.1549157379760598,0.0,36.65039696790282,17.001371882686286,-3.394613954207047,1.280129672376616,-1.2583413625706106,-2.769584220150898,4.6036953574920885,2.0118831178308927,-3.0123393007666017,-1.9998250966397664,4.8421902174643625,-0.4396734264034977,-0.0902342951749967,-1.6034314913842036,1.7188779422243097,0.9693901052466533,0.3226119010346026,0.3607910716537625,0.36615365067450506,0.3661896048879752,0.3659091457115688,1.2513419510049866,0.15071331043983385,1.0,-111.81174129353536,-50.97720352810102,-4.429899571197595,10.18156777279165,8.235565354201213,-7.546485719316506,-16.816147925209393,-7.827830864051203,9.809532114148944,-113.23839637124928,28.255972713897187,19.632000912238112,3.097001039305699,-5.886854483371008,7.541591815523651,4.663037975767633,3.0132414881229033,2.01316484381082,1.6530986960024316,1.4687010206646185,1.3873002888089672,0.0010088182022072658,-0.01670323420872107,0.0,1899.9008647282556,8.673918202315235,-2.552746227834064,-4.47430819510339,-4.4790972109826726,-0.4332760933588986,0.8179778011310646,0.7893534510963178,-1.5291095635754886,-12.010741083405586,-3.7464089271385888,-1.1737975339731008,-0.637111798410686,-1.8375115083882465,-3.697480816945898,-0.5633345135454562,0.1437163404116717,-0.3072127938543545,-0.440681476299936,-0.4959199259289164,-0.5177127636365277,0.8058293992406337,0.24366750703639875,0.0,244.97931358765183,41.655888215327046,12.053174215988259,-4.423621570524698,-2.1769887976952305,11.336454962690294,22.22982345557317,13.721964032392735,-8.756654654470417,133.85377771567386,-31.595456844901435,-20.59499052595141,-2.8629438094437742,5.102152598563919,5.148947004554486,-1.835550745891794,-1.1573001203905573,0.11175309287967394,0.5073580461719427,0.7088984762987085,0.7974540979064608,4
2022-06-08 16:22:09.975446500,-1.9495951151522164,-0.7250889384771597,0.8548176622748938,0.4230213238486437,0.15939016796313496,1.0402502597642735,1,0,0,0,0,0.0,-5.0683237334311055,46.329382133723506,6.790772636037568,0.0003727457247240134,-0.2848480505045445,-0.10332346231174616,0.001977676677042384,-0.06251005041935548,-0.15799429797735948,-0.06383897780518462,0.049894845865008614,0.11525061487734453,-0.5549734321945927,0.13536514758028276,0.4324904481722193,0.4516546897192509,0.4483601825959464,12.745076673866091,3.4647798884014613,38.97451121259467,-4.0534528848254405,23.83773666905221,-0.23406398379974935,0.030745613897094813,-0.0906776517014928,-0.031649486622056314,-0.09341243462582212,0.011431277018281786,0.03764492730184951,1.6556708529177226,1.1366210464800113,0.9051173405766711,0.7428043085535206,0.7955398161602885,0.8971144504185095,32.66864781171234,10.795763111125634,13.155519054083074,16.201030239058973,267.2667630977193,0.12113734897772632,0.17091812957582536,0.11122346991811613,0.0740959786456607,0.10670637536711272,0.09621869385433607,0.07804074374730087,1,0,0,0,0,1,0,0,0,0,0,0,0,0,1.0742390785615032,2.234074252187823,0.9,-42.22589222356247,3.518455181942492,7.453874781722174,-0.6702467628316701,9.472652863409552,1.3999137049070922,6.109748264249091,0.01575192078273252,13.532968604802107,17.12216465614321,-3.803323992875831,-1.114760875130535,3.2579783233126878,-0.27179541313621913,3.6503214251683764,0.399680340752722,-0.4572341554840311,0.29463216494713484,0.4774827951501829,0.5695967171395775,0.6100928538617155,0.7826608600898252,0.1933575172113954,0.9,-23.759820537700318,-0.5790511943981493,0.2804864950217911,-0.9055927603080628,1.6334555935403583,1.0940302719377812,-0.5438816685864614,-0.2664380137050171,-1.8829311561980933,5.383764033880353,-0.7094149197516799,3.3984222288987738,-2.9718746038951536,3.631455396707035,-7.229159342916352,-0.2641930433233557,-0.7496725029971867,-0.2591909763745168,-0.14621723478456938,-0.10030993900397722,-0.08255099590530768,0.8888282142069384,4.482116125986783,0.0,20.270772248740986,-1.5240869680779014,-2.590992836173577,0.3293403291434651,-2.5717660811469543,1.2131557676286948,-2.0921860171823043,-2.4325791619718684,-4.6418116085252015,-4.87199140395292,0.4398139324238876,-1.893082606423384,-1.884221279708476,-0.019940319291529614,-3.525765513113272,1.2520225086443488,0.7746645090725784,0.0706445645559668,-0.0867054692671913,-0.15762908229953493,-0.18687903102874606,1.4283590320192434,0.20375666011674692,0.0,12.651582668041625,3.8670527801143626,2.553802743720142,2.9964141462731773,0.7392243729184731,2.1478015826451444,-1.1425729001861007,-0.4608891607751717,-5.029862717239562,3.423081088572164,2.7893238791280437,-0.7576376975097048,-0.32880951523918744,0.42095494874036377,-2.3353366914269733,1.2826487987698931,0.4548477752364224,0.3459331104443808,0.3104885596671999,0.2958810595499307,0.2901049940477198,1.967686616307031,0.4644409166257342,0.0,6.882324065994253,4.5331828049193135,3.0287332051247726,3.2163209721985178,2.0785577850581785,0.507639890542344,-1.2115190917422711,0.6005298006853261,-2.8519843222374313,4.494253922615892,-0.5288506299021242,-0.049936357967453986,-0.9517229225461246,0.11272340538591953,2.7982551273780487,0.5333481182819283,0.3929302461029395,0.4630325129617302,0.4736713697799354,0.4762878159143317,0.4769698678456769,1.094741369944517,0.1880037408521638,0.0,27.89497835483149,8.580416206138326,4.224423646610819,6.824270781715753,0.4239598797892293,3.5050242266002916,-2.5288540542967324,0.2810631648873714,-8.217738069571201,7.0068952744387225,0.8860189426935463,-0.167050165224504,-1.073970346711934,2.3694968908904865,-1.8465083059284928,0.980057207258318,0.5476330483525353,0.4774919469361691,0.4523602344903519,0.4424155789251938,0.4385008354129503,1.1319251902332532,-2.4323030783490336,0.9,-111.83495371701297,-8.123973645181064,6.570561074206556,0.7613123938433812,12.958978726988132,1.5542619978885206,16.77166387888431,4.818292065125293,44.59582824032911,47.05579114608396,-34.537883934010985,4.157074987452855,-9.57203568750216,5.810677677821921,0.3530284040118312,-1.3738913260439762,-1.5870350485988975,-0.8323421705502945,-0.4794510477474618,-0.28361606068397016,-0.19416887272589692,0.0006875256277124919,0.0213461340411057,0.0,1892.635819005284,6.828728883877346,1.0948133434780516,4.4670111952320894,0.12340007967338805,1.7288483664286076,0.14480697984002688,2.698150225620168,0.8033255631682792,7.248638616643247,3.7374800389689256,0.7369140008471575,0.933255088356784,0.4383643175156422,5.736201499488863,1.163859924915819,1.7159560888463474,1.4789392660019232,1.3997854802831782,1.3606920924281027,1.3441029726481517,0.639078477399051,-0.20533872436489287,0.0,217.85058610050496,12.703132063297154,-10.755154927859001,3.6089984272636317,-12.000759110780756,0.8606927864751109,-16.4308283111638,-4.243893608740788,-50.90952829014425,-52.79881253874301,42.25177400311954,-1.6187185522295617,14.565001135664437,-0.5130612635325744,2.688109406845662,0.3052971718201487,2.121135844503871,1.4955589579531414,1.2551259287018808,1.1138718187042649,1.0472839089045984,4
2022-06-08 16:22:12.725446500,-1.4552061309907576,-0.7509148144350514,0.685928893647938,0.4041748293943229,0.1937805369119538,0.9652557842254352,1,0,0,0,0,0.0,-5.047673721897341,46.29151866385802,6.876635067142536,0.0003565384509815515,-0.2853807742781605,-0.10332357771169076,-0.003406764299584939,-0.05839934968181331,-0.14377781611287,-0.04227638401664082,0.048991887046121764,0.07404285130433516,-0.5594444412025108,0.14967822261740552,0.4319865507542667,0.4453461693639164,0.46114568041902104,12.449304852320678,3.2675019298864485,39.14470844712543,-3.8015368241293217,23.284548693524272,-0.2352488844600965,0.02764285610831175,-0.08860509845458002,-0.03231376314593388,-0.09472157149371588,0.009980806369337413,0.03791536866495454,1.6581743793695431,1.1237074257820332,0.8993734639662025,0.7341247990281979,0.7873031611168669,0.8905088076848335,32.34363833009316,10.746146267484217,13.048551028058146,16.09491243278799,264.16516087104395,0.11996756435329133,0.17011674573688726,0.1107438742712704,0.07335653334291546,0.10580255655636482,0.09556276624762826,0.07714797026064056,1,0,0,0,0,1,0,0,0,0,0,0,0,0,0.6306077834603392,-0.5253739294737102,0.1,-64.10604749741772,17.915687215759448,-2.4878025282551612,-8.550342964101091,0.025663977418108885,5.16071092177455,-1.1148441046788244,-8.439528849239,-7.022407559536887,-0.4485676371211573,3.361976583013768,3.4524102557194056,3.482257107041363,4.675268870698408,5.051242265471155,1.709285858278867,0.061123802548864965,0.8149959746023994,0.9506130859910328,0.9916129774102512,1.0043199406574408,0.5211542264699239,0.2286569130926941,1.1,-27.573080663391146,0.4351388708009982,-1.1468688047308315,-1.3506817451668909,-0.3784342139166079,0.4323862174411004,0.4366486925548772,-0.6660699827788163,-2.5874548087751736,-3.1116857521812675,-0.4207315132577628,2.466859063998744,0.4130207237667191,-4.991132997603813,-5.365024157219209,1.8507710622716669,1.3492888491954391,0.5935821168112436,0.4256760573016551,0.34803081567943456,0.3158565043820614,0.4867103971853172,-0.8004050232924887,0.0,28.131713766741942,-7.0548116243728165,0.0619981787010131,1.9117370136250258,-1.1351668151345962,-2.6858417833454773,-0.6265435209309373,1.4505088573383742,1.1897059525351723,-0.0694289902005285,-1.0956034983362328,-2.1538998665758937,-2.838411446508508,-2.326845730418139,-1.1922122541307774,0.4696903387057609,0.8128692959567678,0.14415614220785133,-0.029261405734736005,-0.0990971051113746,-0.1263492058833526,1.1379433164534154,2.1075341943852757,0.0,12.71721173108458,-3.415990537895408,-0.3285301981488624,0.3088070448888067,-1.1407342588732523,-1.4103465206247796,0.17356327095352686,0.6516108817270267,-1.6266665640664169,-4.097715738398941,-3.7831926888119614,-1.717564309316203,-1.0247225731141476,-1.917010742295292,-1.6917237897980053,0.4152747425115501,-0.018151503703456414,-0.33861517538674746,-0.4201345138529151,-0.4550424536308586,-0.4689100591120872,1.7398510576799024,3.4295765063072383,0.0,4.441672406252952,-0.4645079774129206,0.3158856061820259,0.028301852170684594,-0.20113277189934448,0.7663862909836179,1.3708616618978249,-0.25899145519023425,-2.7010386489158567,-2.97081349421452,-0.9307079184214978,0.8292506385819856,0.9145310661695144,0.26184699567552616,-0.2835378666227973,-0.9446975972014059,-0.8157992264117659,-0.6067429207751973,-0.531660681692387,-0.4959436161874083,-0.4809195631933612,0.8694896378552102,3.1828300732585677,0.0,30.515894579299093,-9.106821783833896,0.029220157732456894,1.637690967368978,-2.500904827751161,-3.1188365591228164,0.4620158622253325,0.6096048433187535,-4.4512540862008665,-7.579299681608357,-4.739483988591151,-0.9090302256660534,-1.198835736651014,-3.343611526308385,-2.8572210546462187,-0.423903715018378,-0.7442523079597394,-0.9621615517725146,-1.021851809849485,-1.047597325414749,-1.057817401646521,0.7019985742295711,-0.8693933799326622,0.1,-159.6617090321264,29.52113671979589,-3.2901336709323568,-16.682625974962296,-3.5233443468267702,8.43661227576389,-4.144105226048676,-26.3796341486709,-25.34325740518149,2.717459094529448,26.606692368850762,23.929989227606985,8.448700083250834,3.404001526897936,7.6692011817489325,5.664672191574439,3.997021821128097,4.5085607916722426,4.501399955305842,4.462923927249326,4.438592403147256,0.00021617994090255592,-0.008394475689097156,0.0,1892.4099272810092,-4.310602507565676,1.5331499819001235,2.301015144870576,-0.7382831784491657,-1.6258411607378918,0.14850705850156487,0.3953477449475145,-1.6590434735592083,-2.7767321626311765,-1.7716346149603908,-0.4383216108335688,0.4283157556921465,1.0519255411704052,0.2503227448070575,-2.117724881280239,-1.3047348352300148,-0.9859511053187262,-0.8842040170978578,-0.8341333764726073,-0.8128172794305826,0.4022374158736106,-0.3953385251886155,0.0,245.4547775007686,-14.033498518474968,10.233108258923977,18.435274715164443,4.332116989657791,-7.346567121306659,6.363393965833089,30.801221459168964,29.85319100633643,-2.212729384436411,-29.925682869690483,-26.36842938258237,-8.228915872702817,-4.09348380800787,-11.002973002414794,-7.0563792127107385,-3.4957930197560705,-4.220496247273934,-4.196610063242765,-4.140451776886197,-4.106928599323968,4
2022-06-08 16:22:15.475446500,-0.9722413255624816,-0.7900343157964254,0.523659327760012,0.3807377084778053,0.2285248683618888,0.8850186818627153,1,0,0,0,0,0.0,-5.034013044165798,46.2615227874505,6.977553836811906,0.00034033117723908965,-0.2859889440811603,-0.10349335599025232,-0.008769740305010092,-0.054216380823760735,-0.12886420075292887,-0.021516793248495054,0.047961790607023054,0.04319843951324435,-0.5705635436712053,0.16091262319478605,0.4377970553512863,0.4473228079062151,0.4751510601254282,11.156065625000002,3.1698383931604464,39.60615369717121,-3.148858759749279,22.992804624759998,-0.23902397172534426,0.02040736708598756,-0.08790182259085041,-0.03207340710784468,-0.09658890990307872,0.008923431668476102,0.03952814280281852,1.6580923858838696,1.1147677807078331,0.8956984911949779,0.7263319433721224,0.7797093264366075,0.8867071810130702,30.60708872694316,10.68418214546494,12.668358779431438,15.558474418012569,262.5183016523826,0.1166026376588333,0.164871499122333,0.10996768385889566,0.0724801089767577,0.10485237573107788,0.09512340939465598,0.07546062494192225,1,0,0,0,0,1,0,0,0,0,0,0,0,0,0.029681829123320236,0.22135169091289245,1.4,-75.07871733717944,-0.7944997112344199,-0.7928368556153691,-0.7899761101403726,-0.7857738830033885,-0.7800082392849585,-0.7723536851579751,-0.7623415439555791,-0.7492986753719788,-0.7322544147035854,-0.7098075649113187,-0.6799818525967687,-0.640350667816801,-0.5905461647073318,-0.5582362362646949,-0.9604291420152444,-1.7623994384546535,-1.3935943199348229,-1.2353396443137887,-1.1665596865424466,-1.1389574773997295,0.1901783491561091,-2.4114623282645127,1.5,-29.6834737110598,0.6025472709446884,0.6043656392112169,0.6075185765321993,0.6122074831230533,0.6187549192726269,0.6276584169129149,0.6396852878096697,0.6560446847650236,0.6787166546627252,0.7111293329046233,0.7596991706016171,0.8378685571921037,0.9792971245508656,1.2999587947011468,2.3395945418466813,2.191271286770826,1.4399389073357365,1.204420564879653,1.1030445682137962,1.0620976221075713,0.009094757502462868,0.11620424024628499,0.0,33.077500437296976,0.17172783538937342,0.1705353528266711,0.16848118444369087,0.16545762586694934,0.16129708075981375,0.1557513346332664,0.14845805382166755,0.13888672458719542,0.1262507618965355,0.10936484730805797,0.08642591103820307,0.05478332430828792,0.011640313176623396,-0.03335985325046886,0.136517379608465,0.5650544656066874,0.37845535346001297,0.3038559594107284,0.2745374614314037,0.263496280037024,0.06497284606297167,0.3184608345770927,0.0,17.311658999585106,0.20582444856930412,0.20646548939492626,0.20757497141336745,0.20922023864013206,0.21150847623823726,0.21460362881176054,0.2187558695500844,0.22435437962621316,0.23202683979969055,0.2428411901470565,0.2587583497820781,0.2838076886054248,0.3279210736572543,0.4250498629634193,0.7277729547097507,0.6412093123858766,0.4107903901709992,0.3400114213858996,0.310063760354374,0.29809891864532945,0.11567428770103973,-1.2643579364030315,0.0,6.807835874465357,-0.12687137456008868,-0.12704513533552753,-0.1273457281181311,-0.12779115301438215,-0.12841001828414855,-0.12924600178169532,-0.13036561298232058,-0.13187208809148004,-0.13393161326182476,-0.13682674104626988,-0.14107756369901694,-0.14776380972703887,-0.15962828673127002,-0.18688698260221767,-0.2909141932867122,-0.32843697168623703,-0.256754605900321,-0.2326976343661989,-0.22247752135587104,-0.2183737497489324,0.01207689208555872,0.13649129132526175,0.0,42.24193199101106,0.2537872957613168,0.2543649543256752,0.2553637859564581,0.2568427627335281,0.25889538772555465,0.2616639268678833,0.265363977484923,0.2703279830423362,0.2770861705818992,0.2865281459600171,0.3002592609956645,0.3215100388017951,0.3580611959244783,0.4357607823134142,0.6530014081482443,0.4735947622963799,0.2753718684965684,0.2156888038490388,0.19098899716020126,0.1813729945196128,0.006888694969708483,0.1170586897560181,0.1,-207.05222877624703,-0.5249337997878811,-0.5256692040814954,-0.5269477123579485,-0.5288568530414643,-0.5315380666045897,-0.5352121667393135,-0.5402249997191593,-0.547132108267034,-0.5568648080236801,-0.5710822960585036,-0.5930012106370164,-0.6296684936285617,-0.6999139858839301,-0.8784420627771112,-1.7235087827914874,-2.5666267678494568,-2.042313454710281,-1.8166951271137477,-1.7064839050731089,-1.6588651333485704,1.6453603679336083e-05,-0.004813107633789142,0.0,1898.8630125065174,-0.21752711007110287,-0.21877328592896106,-0.22092670930246072,-0.22411216978113654,-0.2285269801840002,-0.2344701838221113,-0.2423925782879195,-0.25298438774209586,-0.26733606552010514,-0.2872532719949561,-0.31593275926967834,-0.3596161900459407,-0.43255895285637536,-0.5778125805865599,-0.939951054878712,-0.7201369334364358,-0.4763316864500382,-0.4098572862321106,-0.3820344567755818,-0.3708861891875532,0.006321752196209436,0.110345387269385,0.0,277.83145515752517,0.4789996591910679,0.4794701659428888,0.4802974290867965,0.4815541611067253,0.48336093531179,0.48591236149132294,0.4895256933300747,0.4947345654668425,0.5024808232252305,0.5145398381216353,0.5345706677623774,0.5711402764496558,0.6489080032182315,0.8748515939022541,2.138879385982533,3.63815817054578,2.8342914924422526,2.478253040828066,2.3053559092782794,2.2310402826295683,4
2022-06-08 16:22:18.225446500,-0.496315115497081,-0.8248683041011571,0.3651850950607326,0.3584013994187621,0.2625783689878751,0.8051637753158373,1,0,0,0,0,0.0,-5.0282286721852,46.23110109142312,7.091714546388159,0.00032412390349662783,-0.2865984203542272,-0.1037986098753468,-0.013970153467011748,-0.050036287994688816,-0.11416537148019575,-0.001106041352837946,0.04698214873057588,0.01985180627880688,-0.5846003428567477,0.16590391440953806,0.4468851673472509,0.4686270946367048,0.4777445861807944,9.951070833333334,3.3881972222802497,39.92977224303582,-2.6417398950114546,20.773186726577173,-0.24260630228267396,0.01573798626290262,-0.08977169130714081,-0.03031673222054123,-0.09777626859844103,0.007727451165204941,0.0418985097127406,1.6519311796900311,1.107921100566449,0.8867634186659122,0.7180962662648185,0.746547273094638,0.8794019272669849,28.947794455020798,10.17648568758571,12.526447453599689,15.247383885958682,258.15697510980493,0.11433653809514305,0.16290364393973553,0.10577909788509808,0.06967809053990225,0.10308945274538904,0.09446741041004937,0.07356897721471738,1,0,0,0,0,1,0,0,0,0,0,0,0,0,0.04533983474391539,0.2542662842886693,1.5,-55.6969535010002,-0.8594779210192875,-0.8591345020972492,-0.8585389631469633,-0.8576531265131466,-0.856415793425521,-0.8547324524967417,-0.8524571160782481,-0.8493593136744686,-0.8450610002157808,-0.8389074133285161,-0.8296786796901536,-0.8148733605466354,-0.7887219298941252,-0.7372929803883923,-0.6958358896815955,-1.0222982507384577,-1.0153877100534925,-0.9856910486292608,-0.9704307671814614,-0.9640454714862532,0.006261557331594545,-0.12108140548638532,1.6,-31.49007427228631,0.07804977687471483,0.07774657054976908,0.07722274424582443,0.07644821433566795,0.0753756247645283,0.0739337270314342,0.07201638987377645,0.06946429124091025,0.06603411109334878,0.06134705000290419,0.05481076072610114,0.04557086156076018,0.03318023278821114,0.02731306576641201,0.19400166230192206,0.4910026289172658,0.32060604127617354,0.2510291183944228,0.22234125244073727,0.2112161283667452,0.023006107879771646,0.18892682233565036,0.0,26.721187529324517,0.2800011232984119,0.27982172532604377,0.2795105345717692,0.2790474454053564,0.27840018883985485,0.2775188445609107,0.27632612356734354,0.2746996353056929,0.2724378077347498,0.2691896407209202,0.2642963783452392,0.25639299205031274,0.2422782529842305,0.21390576049015675,0.186296620162598,0.35925216785160297,0.3594457577538445,0.3446135182472261,0.3368616617087129,0.3336089556177588,0.004345524080271222,0.088507046897936,0.0,16.280452966201437,0.0468888545168884,0.046807005194002604,0.04666568431555329,0.04645692414534963,0.046168222171533824,0.04578085574256574,0.045267121892764384,0.04458583526220805,0.043675014735644335,0.0424404846990562,0.040741807413837205,0.03840233701338197,0.035486945702848605,0.035506852960802686,0.08924345536644851,0.17098236445444198,0.1176105948018557,0.0966998846312509,0.08817860810720174,0.08489179969863456,0.014362514795425937,-0.2151764077618144,0.0,8.253683077928956,-0.06294587032985842,-0.06290505454894957,-0.0628344238272599,-0.06272971519502124,-0.06258416081631157,-0.06238745150375152,-0.0621239596524083,-0.061769635016746476,-0.061286384801728926,-0.06061143370014596,-0.05963629884595977,-0.058165268013830734,-0.0558591032028837,-0.05268583427796717,-0.06268406699638096,-0.10194996574680924,-0.08915245904064517,-0.08247284726413018,-0.07955086089634514,-0.07839131645894468,0.00461985632114461,0.08885523852617917,0.0,38.904287765851954,0.15641479498636102,0.1563728525301551,0.15630067969763495,0.15619464104293626,0.15604915149117415,0.1558561112642809,0.1556040990658072,0.15527736148835314,0.15485502525785044,0.15431264284420187,0.15363572473693732,0.1528933751130297,0.15266664487652634,0.1573889510156834,0.2101697642651108,0.2557153759286974,0.2073400523497826,0.1906766321845472,0.18415138151342614,0.18167936686906827,8.37398129436543e-05,0.003915135986417025,1.4,-206.38453167964317,0.012396475861095269,0.012825072289334829,0.013567571924504309,0.014670245696686738,0.016206930352602456,0.018290924810411724,0.021095716772052242,0.024892003770926152,0.03011685622615623,0.037510939497685136,0.04841151626878126,0.0654298733205847,0.09406759757880943,0.14419086584442994,0.1317606983113695,-0.2654486929305424,-0.20948131135270295,-0.16155892945994887,-0.1388488426695389,-0.12955506406136053,2.599033680090853e-07,0.00014494246888678485,0.0,1897.830147615782,0.04566852302724556,0.04572858300443272,0.04583189877106975,0.04598361396764972,0.046191607171365945,0.0464672494588001,0.04682644918872825,0.04729084999320321,0.04788835785835488,0.04864935014669669,0.04958269759563905,0.05055503559460561,0.05061770901880891,0.042947730013068515,-0.03560760188717893,-0.09686298782550297,-0.02620285832936986,-0.002598778987639605,0.0065458290796911464,0.01000000851836269,0.0002926017612928417,-0.013852262120726162,0.0,281.93858353646215,-0.2564051378903329,-0.2571075718752134,-0.2583247829494049,-0.2601331842065804,-0.2626548555234365,-0.266077436623835,-0.2706889071356482,-0.27694000320380674,-0.2855615757587966,-0.29779954664766795,-0.3159234752938094,-0.3444302511666306,-0.3930773785658532,-0.4814879187410082,-0.4924608515093389,0.15873191897235372,0.091861516335614,0.019669698872032626,-0.01534969243115469,-0.029789790112773717,4
2022-06-08 16:22:20.975446500,-0.02213413959137921,-0.8568533451431949,0.20760523187560065,0.33689846741912,0.2963294905203592,0.7259141875665222,1,0,0,0,0,0.0,-5.024940574112503,46.19982310617542,7.20978767452636,0.00030791662975416585,-0.2872018537112534,-0.1041424776800357,-0.019108659931097137,-0.04586339665998212,-0.09961125354133207,0.019238988410112755,0.04603330498780527,0.009675979683556058,-0.5928151791243124,0.163090616142173,0.4532952094638732,0.4725799396973348,0.4969572987285309,9.939727083333334,2.876849847951022,40.01676740114999,-2.550747606336522,20.77265773227307,-0.24249454682150695,0.013473866920594971,-0.08503655573926801,-0.03289124169954116,-0.0987370304224098,0.008731538099309922,0.04255054619422363,1.6388712393059155,1.1048078875953948,0.8822161767003412,0.7110250957656866,0.7408301179039568,0.8730400986553232,28.951563575658326,10.00343094546369,12.551923045301224,15.255640953084493,258.1570176632882,0.1142614834512758,0.16345385237175572,0.10399895123569104,0.06816106398485329,0.10230525453196117,0.09363275997808083,0.07311532682261462,1,0,0,0,0,1,0,0,0,0,0,0,0,0,0.09528849342465344,0.3384929638794775,1.5,-36.2621755792096,-0.8710990934796503,-0.8710322123009521,-0.8709158968363377,-0.8707420991810735,-0.8704977677837551,-0.8701624171008793,-0.8697037117459423,-0.8690691338985852,-0.8681692638391486,-0.8668413137545854,-0.8647603439494627,-0.8611889216486861,-0.8541155944254327,-0.8364615751027816,-0.7873520686495044,-0.8488723712585103,-0.8815027749021728,-0.8845088680224531,-0.8845085988553856,-0.8843108326549141,0.0009782083713713839,-0.04031981235993026,1.6,-32.80158789702964,0.04938712245613086,0.04924935355838933,0.0490104809149452,0.048655258758619084,0.0481592615168589,0.04748479557356422,0.04657369081316176,0.04533421609616695,0.0436160990174328,0.04115946318527963,0.03748098820513146,0.03159189622450753,0.021222313025143547,0.0010047584864936177,-0.01283369746965468,0.12070222907636464,0.11517078793557045,0.10210045516759793,0.09548586190982657,0.0927347101390334,0.03714185825827383,0.2286159509155825,0.0,20.263840149410264,0.28695524564296404,0.28692179041997656,0.2868635883979864,0.2867765792674561,0.28665417043506336,0.2864859972792806,0.2862556646983746,0.2859364715508725,0.2854827972170118,0.28481122202535125,0.2837542743660972,0.28192894223410725,0.2782788388154809,0.2690153193593138,0.2421143766176161,0.2727567371562032,0.29101937590768545,0.29302651179267125,0.2931964829125626,0.2931573451874495,0.0017414642363271127,0.053491345488461836,0.0,15.398351646629866,0.03730795346178306,0.03726707237892146,0.03719620270802882,0.037090843573637455,0.03694378963622103,0.036743933820116204,0.036474160863947065,0.03610753491263069,0.03560004948900808,0.03487588735487018,0.033794818336377874,0.032072484528085976,0.029067114279129225,0.02334124808551385,0.02070293898515163,0.06044332699679113,0.057583705346783524,0.05338113017685808,0.05130620107529499,0.05044989869335007,0.009039999216842794,-0.15456832876067197,0.0,9.637152844937672,-0.061476910061261776,-0.06146325180112777,-0.061439551334139926,-0.06140426256176024,-0.06135489999750365,-0.061287609601015085,-0.06119640508012598,-0.06107176470124931,-0.06089790902817184,-0.06064711390549549,-0.060266631585715325,-0.0596446649497652,-0.058507524218253226,-0.05608363403189903,-0.05243961654142615,-0.06549304236135098,-0.06683961734190999,-0.06604687750957905,-0.0655640632991799,-0.06535263111893941,0.004150421168847653,0.08186509686863039,0.0,35.65368242910456,0.14628751745684276,0.14625613388290135,0.1462017624070544,0.14612100964710484,0.14600845834497278,0.1458557907587661,0.1456502589248514,0.14537194648488905,0.14498863949606278,0.14444561843599524,0.14364380168200752,0.14238924797243624,0.14027497796791788,0.1366168951392347,0.13855820447556444,0.16937219877142906,0.16388251094764494,0.15978183906216958,0.15788728223401716,0.1571226647980455,7.686160932716125e-06,-0.00130576759776523,1.5,-206.257277725939,0.008797324006472707,0.008901730277877107,0.00908308896136134,0.009353563308920343,0.00973278866272409,0.010251389789374343,0.010957304971590531,0.011927561760723291,0.01329151624937186,0.015280492180449025,0.018345419244592875,0.023476549554482414,0.03324387381214411,0.05588985288208015,0.10598262142222836,0.008072248323086841,-0.02074323153690649,-0.019620901624340714,-0.01763592763702615,-0.016626180956973657,4.1000263350236287e-07,0.0005942541854150791,0.0,1896.5489943370446,0.06014306835760407,0.06018811579102135,0.0602661523753909,0.060382035518557586,0.06054351624217703,0.0607624880163371,0.06105716297545882,0.061455959602056964,0.062004764987641174,0.06278132879797482,0.06392587951572892,0.06571098672639053,0.06869967328717763,0.07376638913644484,0.06994905647439964,0.025638931771581497,0.03439380023690575,0.040506897620836924,0.043301607534409925,0.0444251761858574,0.00024287463443766074,-0.018945733423841742,0.0,286.7922744015626,-0.2446873795873472,-0.2448466860447027,-0.2451234955536101,-0.2455365260147495,-0.2461160308687731,-0.24690927539808705,-0.24799041126877694,-0.24947893069555335,-0.2515762533926491,-0.2546443349394316,-0.25939339408061635,-0.26739760383232536,-0.28280171375597085,-0.3192811968679905,-0.40613161266993897,-0.2575574971058288,-0.20490870521150573,-0.2043213490133402,-0.20656026483732592,-0.20782107771163805,4
2022-06-08 16:22:23.725446500,0.4519966086043325,-0.8881137048185456,0.050035389162208704,0.3156227222522753,0.33002261331483723,0.6468655600109423,1,0,0,0,0,0.0,-5.021938388526853,46.1682509798446,7.3282765666425185,0.000291709356011704,-0.2878029281246291,-0.10448995302890607,-0.0242373522828554,-0.04169269671100005,-0.08509434641576988,0.03958957944577381,0.04509205655344147,0.014243968569778756,-0.6045038940212517,0.16453609113736434,0.4618019617307248,0.4799856448061277,0.5152357727647389,9.939727083333334,2.3613521704983635,40.12099128817899,-2.4211932897542647,20.77210958289952,-0.2425514984374589,0.010846896429434564,-0.08038691485070296,-0.03532076704290007,-0.09955816023293793,0.010287054959677031,0.043607261998895835,1.6310020272326713,1.1034175379357545,0.8785641823916559,0.7011475149222891,0.7359158666350093,0.8639559647215762,28.951563575658326,9.799886340178144,12.578622949036884,15.290152169479205,258.157061751544,0.11425632547220435,0.16412230844983122,0.10195970067474268,0.06656332910731373,0.10121747948025554,0.09288981986179312,0.07249981307910681,1,0,0,0,0,1,0,0,0,0,0,0,0,0,0.3577564171913715,0.5348995200259169,1.6,-16.825689940181423,-0.8809450092229574,-0.8809481784170812,-0.8809535428109188,-0.8809612136436189,-0.8809713107655122,-0.8809838918057193,-0.8809987790258192,-0.8810151278929588,-0.8810303036694712,-0.8810367387937227,-0.8810121574649439,-0.8808840954646298,-0.8803680733946435,-0.8779279306883329,-0.862470655132676,-0.8580491338926078,-0.8713569780425443,-0.875164809209287,-0.8765234798318448,-0.8770144658576777,0.0006300996949577466,-0.0318271598158234,1.8,-34.08071190762748,0.053095556736534544,0.053067042058025926,0.05301746306856758,0.052943410395219985,0.05283935980146381,0.05269665095697063,0.0525016353906016,0.05223218988712342,0.05185074042051807,0.05128909939934023,0.050411706633274884,0.04891255230861757,0.04596323767745236,0.038686164279857486,0.019061769424764008,0.04537004089493768,0.05820644789708829,0.05920350471103775,0.059104294333635836,0.0589844568336976,0.07660924447734667,0.3098715993476961,0.0,13.804933349580427,0.2923139856108299,0.2923165056330901,0.2923208061605689,0.2923270397814819,0.2923354201836628,0.2923462099949349,0.2923596739019417,0.2923759317937913,0.2923945203512306,0.2924130507122439,0.2924227557381701,0.2923915198236084,0.2921833237471729,0.2910211142220251,0.28295318009690623,0.2797946249403005,0.2868493042172073,0.2889392070176295,0.2896969969291558,0.2899730688531313,0.0017215804051306832,0.051387535024028,0.0,14.526655286862885,0.03812898011097676,0.03811993985558049,0.03810422636271982,0.03808076783347358,0.03804782967716236,0.0380026970120827,0.037941100386835284,0.03785613825052764,0.03773612986230257,0.037559972348618735,0.037285958183160384,0.036820692284123935,0.03591434688021905,0.033717709839048426,0.028095357106108054,0.036486198540467966,0.04005542018233072,0.04023855145624153,0.04016138201812775,0.040107186052727485,0.0071700490489745765,-0.1326363112507081,0.0,11.018346777969237,-0.0622787351926668,-0.0622768340190103,-0.06227352047488366,-0.06226855268380128,-0.062261535446222586,-0.0622518421235645,-0.062238470540800776,-0.06221976597739597,-0.062192852771157665,-0.06215236077488345,-0.06208722063140965,-0.06197123860879944,-0.0617287039301726,-0.061066827659479274,-0.05879924447413942,-0.060471877073784826,-0.062128935048719434,-0.06240850378290736,-0.06247517821723636,-0.062493166666674725,0.004778596694290098,0.08675317489183235,0.0,32.41307344547893,0.14616056989228232,0.14615203439666846,0.14613721109710154,0.14611511158142765,0.14608414156887314,0.14604181735238808,0.145984256921301,0.1459052346327534,0.14579432103041412,0.14563292383593365,0.14538494911233946,0.14497158254095344,0.14419006581969407,0.142401811859854,0.1386439369568786,0.14669661390475594,0.14877167124754875,0.1486003958054153,0.14840919660069285,0.1483160843639686,5.745900252459425e-07,-0.00043926387451014633,1.5,-206.13688221720003,-0.0015865167437567607,-0.0015809773337736033,-0.0015712086527202018,-0.0015562967095750224,-0.00153470378016074,-0.0015038967164908712,-0.0014596308598022745,-0.0013945028184387807,-0.0012948102645715664,-0.0011330679137202535,-0.0008478374079325945,-0.0002795877495973542,0.001086509550979109,0.005553432477683806,0.02593638836772083,0.022226197589557902,0.0058928704715057725,0.002019176205409145,0.0007728566605651466,0.00034752755468880897,4.49651404877018e-07,0.0006722770587313412,0.0,1895.2537481006311,0.060519024772332834,0.06053165063480038,0.060553574494235825,0.060586252855557625,0.06063203372356441,0.06069457221219921,0.060779575404652064,0.060896183672838326,0.061059682820385326,0.0612972599588133,0.061661529513052926,0.06226686081847532,0.06340534009164145,0.06598286163011835,0.07117258986027508,0.05922693306001747,0.05646656323927601,0.05680249984451535,0.057113776703403125,0.05726159789818475,0.00019603234519149028,-0.017331206883794453,0.0,291.6522359608814,-0.2268258391682423,-0.22682981823346185,-0.22683698440957656,-0.2268482677944803,-0.22686527793297276,-0.22689075918530574,-0.2269294923988543,-0.2269901713463973,-0.2270895986793953,-0.2272629951349856,-0.2275926510262787,-0.2283019541779714,-0.2301454246961549,-0.23667321957313714,-0.2693297241977133,-0.2681891955702973,-0.2414098361484607,-0.2346260807824763,-0.2323547603926155,-0.2315614748500514,4
2022-06-08 16:22:26.475446500,0.9262799231697914,-0.9193460668730152,-0.1076172082314306,0.2943634598870057,0.3637182948917461,0.5678424514313676,1,0,0,0,0,0.0,-5.018860993500158,46.13660329242833,7.446705555357894,0.00027550208226924215,-0.2884035916389116,-0.1048364303732352,-0.02936727792390873,-0.03752137184017077,-0.07057912712601909,0.05994910073209949,0.044151189340420484,0.037167004741462284,-0.6175443963370355,0.16071419278142912,0.4678602208459157,0.4884490659063959,0.5291994426770048,9.939727083333334,1.9051666571203425,40.18247349494466,-2.3707727569248074,20.771679496372574,-0.2423473416878135,0.0091615377117556,-0.07646161949860676,-0.03754117087846467,-0.09971800476414576,0.01251513492978568,0.044355201783415885,1.6180232026903845,1.0986780173855388,0.8745084733910395,0.6946238218683778,0.7307925009535938,0.8526902795794703,28.951563575658326,9.638264636164898,12.592932260139357,15.286452061278009,258.1570963445433,0.11412781170694113,0.1645185780690582,0.10023584463189984,0.06494585019297447,0.10008865237190474,0.0918847535910186,0.07210873761939895,1,0,0,0,0,1,0,0,0,0,0,0,0,0,2.6966093464483927,1.2318207149926188,0.0,2.6177232661927583,-0.8838417429692875,-0.8838488069399102,-0.8838610362958195,-0.8838791786196087,-0.8839044233399385,-0.8839385879161812,-0.883984439301879,-0.8840462609134881,-0.8841308927786096,-0.8842497385019912,-0.8844228497015285,-0.8846874576925684,-0.8851123722640006,-0.8857381889958547,-0.8842108109374699,-0.8771500917167946,-0.8793069995227819,-0.8804796162892413,-0.8809925100341517,-0.8811953005561705,0.0006904385628201894,-0.03366944776875379,0.9,-35.35957989890893,0.05703390416009979,0.05703484084036159,0.05703641214881028,0.05703862495403289,0.05704146667008603,0.057044866414823314,0.05704860702152038,0.0570521179835114,0.05705395900701371,0.057050422314633524,0.057031297366797025,0.056964826299738425,0.05673035899848644,0.055693584133956975,0.049411036620107485,0.04795680504800204,0.053322377566792034,0.05482904246313725,0.05536176973468465,0.055553381017073744,0.230833950184278,0.4659532540594607,0.0,7.342186888006691,0.2938217632846968,0.29382566862424,0.2938324308778653,0.2938424655753189,0.2938564344056403,0.2938753496830433,0.2939007552210884,0.2939350465944347,0.293982061980719,0.2940482318741329,0.2941449524720036,0.2942936928704244,0.2945356270327816,0.2949086378532449,0.2942109539436785,0.2903198678023268,0.29138974235328363,0.2920054290935201,0.2922777741502251,0.2923859144226653,0.002060873017993484,0.056221461277688095,0.0,13.655283782804544,0.03926741816012225,0.03926746546257198,0.039267531380517307,0.03926759162151239,0.039267600068307866,0.03926746985102536,0.039267034021756464,0.0392659597243098,0.039263547357278,0.03925821565101467,0.03924601207802286,0.03921553320105803,0.039126028877458974,0.03877463109957646,0.036833646197404916,0.03662186797516387,0.03824936671017665,0.03868629739292448,0.0388373079950054,0.038890975112437935,0.0058956537419895,-0.11771441624882467,0.0,12.399891296422082,-0.06272689818658672,-0.06272734451690942,-0.06272811327566853,-0.06272924446856099,-0.06273079990339203,-0.06273286997574358,-0.06273558374530752,-0.06273912264309689,-0.06274373491527446,-0.06274973205326556,-0.0627573725456882,-0.06276613339360981,-0.06277019308748755,-0.06272198991481147,-0.06214905281228389,-0.061662342402203814,-0.06219665905279104,-0.06237662729334545,-0.06244544901135446,-0.062471169603706064,0.005851193619803257,0.09581644180209964,0.0,29.173374746427328,0.1469390306617715,0.1469384474930555,0.14693742351736327,0.14693587064808433,0.14693364201583534,0.14693049844017758,0.14692604455964098,0.14691960135875515,0.14690993327097113,0.14689460695454748,0.1468682888236933,0.14681741752449162,0.14669922198151591,0.146327522783814,0.14471591539487685,0.145150758943021,0.14642445721381514,0.14671382805707833,0.14680430755899393,0.14683464571204233,2.750785059102274e-07,0.00036371391563101366,1.6,-206.0100778147064,-0.0055332949457245215,-0.005540435763180085,-0.0055527818134137865,-0.005571058831328911,-0.0055964138439570385,-0.005630582735768996,-0.005676172764328413,-0.005737143979474446,-0.005819648035759961,-0.005933516291948493,-0.006094836296598238,-0.006329319409497547,-0.0066643496603093775,-0.006933075125119537,-0.0034132356754748017,0.003892448737614629,6.138151194967634e-05,-0.0015630478985948493,-0.0022325206790654306,-0.0024910384887570913,4.340448655265127e-07,0.0006655433952663022,0.0,1893.9570220229841,0.05942183713693794,0.059422497307934925,0.059423659883151465,0.05942543080305995,0.0594279878170596,0.059431622722812,0.05943682248093296,0.05944443255688725,0.059456009990540785,0.059474661521058174,0.05950729307809865,0.05957173192805242,0.05972515091912811,0.060221465623349964,0.06245601493593966,0.061998668095085925,0.06021413523026808,0.05979541453525172,0.05966164332120628,0.05961618944010461,0.00017309594913058322,-0.01608809643046023,0.0,296.500765239511,-0.2204419110265832,-0.22042927661118486,-0.22040742799003252,-0.22037507291267744,-0.22033016679798226,-0.2202696106165192,-0.2201887394330786,-0.22008044556220166,-0.2199336363395119,-0.21973045346812106,-0.2194412902536671,-0.2190173969550457,-0.21839879989040603,-0.21782391693825431,-0.22351184204954144,-0.2363920474554053,-0.23006462067320044,-0.2273104254763725,-0.2261671622340589,-0.22572438166410524,4
2022-06-08 16:22:29.225446500,1.4005527621984777,-0.9505644710084488,-0.2652668550762613,0.2730990859676263,0.3974234552488127,0.4888208158615495,1,0,0,0,0,0.0,-5.015838605394394,46.104778934053094,7.565033630901874,0.00025929480852678017,-0.2890030589127383,-0.1051817556984385,-0.03449629048822468,-0.0333498763886227,-0.05606349845196496,0.08030832874354459,0.04320990261728487,0.11066734095236168,-0.6457066345954183,0.1325884861792683,0.4760387177820099,0.4748976919392817,0.540404186949658,9.939727083333334,1.4334408938035803,40.23032681080214,-2.3156052156986053,20.77164216883129,-0.24205622319005396,0.007508059097987752,-0.07276966184958791,-0.039412296680425916,-0.0996467180397067,0.01716951921730074,0.04420842176025757,1.5822579615176104,1.0747859260374344,0.8569005295990191,0.6871638696920318,0.7267015541653357,0.8451199933394301,28.951563575658326,9.434422244528367,12.606772111630852,15.291660235966962,258.1570993532327,0.11396421717179073,0.16499134242848695,0.09859484788850316,0.06361974109631037,0.0989392014239184,0.08911966702372469,0.07202487043483366,1,0,0,0,0,1,0,0,0,0,0,0,0,0,0.2318328574713249,-4.238654400914508,0.0,22.06378480743608,-0.8840876846064845,-0.8840911020836457,-0.8840970353128079,-0.8841058767650474,-0.8841182587242029,-0.8841351645683697,-0.8841581278917785,-0.8841896010131007,-0.8842336766278862,-0.8842976141687123,-0.8843954104185877,-0.8845573268828423,-0.8848599745519559,-0.885536541945407,-0.8868273513218545,-0.8835844876937212,-0.8829321840476483,-0.8830483835675147,-0.8831413652519994,-0.8831844792495114,0.0006957629332481158,-0.03414253011175645,1.4,-36.64116215792794,0.05824920185569926,0.058252712397399715,0.05825879232053621,0.0582678174922453,0.058280387037072064,0.05829741885626528,0.05832031553548411,0.058351259401307136,0.058393760259189076,0.058453731153440436,0.058541743195496425,0.058678027491761986,0.058902893353839365,0.05926665222481165,0.0587940539966918,0.05530955569231566,0.05614212626558468,0.05666121044086603,0.05689420490421083,0.05698722395168701,2.6895494525311725,0.9134559034373608,0.0,0.8780427495507123,0.2939307091383016,0.29393245350654496,0.2939354821192991,0.29393999556064904,0.293946317038476,0.29395494936218425,0.2939666769431244,0.2939827546761672,0.2940052781107546,0.29403796717474945,0.2940880020015672,0.294170930964446,0.2943262194591876,0.2946746733169736,0.2953504583329157,0.2936966603600642,0.2933495690916764,0.2934051192434275,0.29345128592543696,0.2934728339154026,0.0024027558723460087,0.06104539396651493,0.0,12.78315162000716,0.0396424953986525,0.03964336124223755,0.0396448596311294,0.03964708112440685,0.039650169530977004,0.039654343991429315,0.03965993686076408,0.03966745991918258,0.039677724252059336,0.03969206689130289,0.03971279588254509,0.039744047864546383,0.0397927474065112,0.039856429796359394,0.03959849810814648,0.03872702657821275,0.03905048220361218,0.039209928238686964,0.03927820041055463,0.03930497304907074,0.004891889492649615,-0.10525716041121028,0.0,13.781776912816673,-0.06283314535199702,-0.06283343492372429,-0.06283393630070089,-0.0628346802417552,-0.06283571571409541,-0.06283711760359201,-0.0628390000529424,-0.06284154005010861,-0.06284502087103755,-0.06284991639559072,-0.06285706441150163,-0.06286803623761003,-0.0628858121255842,-0.06291284285610492,-0.06285770916276545,-0.06256890864580239,-0.06265107785869782,-0.06269748468173716,-0.06271793811692106,-0.06272604852137845,0.007301410723699966,0.10697346909740844,0.0,25.93321609411291,0.14725532345780756,0.14725591695299922,0.14725694317831414,0.14725846264861575,0.1472605710601711,0.1472634133531152,0.14726720747103927,0.14727228497586964,0.1472791621617835,0.1472886672904704,0.14730216493992274,0.14732187048082468,0.14735033733381142,0.1473750658175036,0.1470955174953218,0.14648940646702344,0.14679696261773525,0.14692909042630165,0.14698374171274387,0.14700487697464332,3.893092235146536e-07,0.0005962809979135821,1.6,-205.88004556063217,-0.00624699193902245,-0.006250787388928814,-0.006257366141703358,-0.00626714446600829,-0.00628078837885937,-0.006299323731909111,-0.006324329594953325,-0.006358287534025564,-0.006405243996991493,-0.00647215185731298,-0.006571820651131155,-0.006730059623813567,-0.0070043703240214574,-0.007517767494263694,-0.007659028565132786,-0.003947328958655128,-0.004302567975322803,-0.004718830330026513,-0.004920879918165254,-0.005003777019026767,4.2399419399079545e-07,0.0006572954400772233,0.0,1892.6608284353467,0.05886021640480976,0.05885832476440101,0.058855051562119336,0.058850199653335274,0.058843456151009825,0.05883434466745996,0.05882214354471671,0.058805743352806424,0.058783389970301414,0.058752202108941276,0.058707235360188285,0.058639731867529576,0.05853555214730478,0.058404955636923724,0.05901480242211221,0.06092269181380061,0.060177314470550414,0.05981866884118148,0.05966596991845562,0.05960622333570687,0.00016434923822563436,-0.01557008524738359,0.0,301.3440605324852,-0.2193004715280296,-0.2192972831875295,-0.2192917704741575,-0.219283608870807,-0.21927228534924129,-0.21925702322216625,-0.21923665532060355,-0.2192094075711992,-0.21917252105659024,-0.21912157890175174,-0.21904933093097426,-0.2189441054805954,-0.21879299730669374,-0.21866715976812667,-0.22020698616188736,-0.22346635141830085,-0.22178232184294175,-0.22106405386414,-0.2207675499637816,-0.2206529770802903,4
2022-06-08 16:22:31.975446500,1.8742431101745287,-0.9814240377632852,-0.42264497962692216,0.2518582924145103,0.4311616710308937,0.409835194973671,1,0,0,0,0,0.0,-5.0129748975425485,46.07253543639572,7.681773742236233,0.0002430875347843184,-0.2895968095295504,-0.1055136696579564,-0.03961876801672964,-0.02918930724635225,-0.041559083280691037,0.10063979530465088,0.04226752653697264,0.14680311458792497,-0.6752189365526104,0.12460252454066248,0.4917391411665895,0.4738412388243124,0.5642667554113444,9.939727083333334,0.9389937318509328,40.30619814712443,-2.2192873502514723,20.771135108559484,-0.2419193102683505,0.0053163837746999275,-0.06836176907855272,-0.041774406196864185,-0.1013133375018406,0.02046107166930349,0.045344843668663384,1.5797996311656906,1.0368532830910266,0.8557811849543423,0.6589169436210413,0.7090342133117301,0.8122739462090198,28.951563575658326,9.164589376699512,12.625786754900064,15.31150094498924,258.1571401629176,0.11386564807909436,0.1654873564091419,0.09533603631240838,0.061213429461892864,0.09358560555141178,0.0880905346153848,0.07145130402634202,1,0,0,0,0,1,0,0,0,0,0,0,0,0,0.07824448369758741,-0.7789607756956908,0.0,41.50999999346817,-0.8841816153833548,-0.8841863760311162,-0.8841946325693195,-0.8842069158978814,-0.8842240775975512,-0.8842474340522277,-0.8842790214296525,-0.8843220606177042,-0.8843818502754892,-0.8844676077341755,-0.8845966236792755,-0.8848047597100381,-0.8851764792935246,-0.8859269037165804,-0.8866822015903719,-0.8820758917278344,-0.8820384730329515,-0.8824321084767748,-0.8826413487195758,-0.8827296629275236,0.0006619248398350144,-0.03324561659836092,1.5,-37.92363695001085,0.05857114297053113,0.05857469649900526,0.05858085566029603,0.05859000970829165,0.0586027813186738,0.05862012932652494,0.05864352910139847,0.05867529808847816,0.05871921255618329,0.05878175494068937,0.05887485108944146,0.05902247353998213,0.05927778103510795,0.059752607350784026,0.059853121600745414,0.056375305450444675,0.05673441865873019,0.05713120178515485,0.05732279872639345,0.05740127191069419,0.362870520055306,21.115347162290703,1.5,-5.586180782635828,0.2939611187840482,0.2939633210205871,0.29396714046788125,0.2939728227902533,0.2939807620592828,0.2939915674747998,0.2940061814221806,0.2940260947755963,0.2940537605436505,0.2940934467962786,0.2941531624374272,0.29424952632928936,0.2944217151898012,0.2947697580226847,0.2951240540917625,0.2929936317199725,0.29297222698729325,0.29315322997398785,0.29324964802112546,0.2932903685998954,0.002754300090745853,0.06554632808507486,0.0,11.910711765957307,0.0397094816114576,0.03970993996068395,0.03971073422755311,0.03971191431160781,0.03971355995951853,0.03971579380448032,0.03971880419560992,0.03972288624518083,0.039728519194286986,0.03973652174486303,0.03974838917016399,0.03976709101998155,0.03979905059694208,0.039856556639208014,0.039849218789950513,0.039398904699548376,0.03946218671716253,0.03951787759598702,0.03954414248636115,0.03955481437643662,0.00410995743363441,-0.09489662592281037,0.0,15.163778784641845,-0.06282304669009052,-0.06282290198477325,-0.0628226513287109,-0.06282227915471261,-0.0628217606303969,-0.06282105766999191,-0.06282011199103155,-0.06281883272610145,-0.06281707332111702,-0.06281458586021976,-0.06281092429707412,-0.06280522532406266,-0.06279572348632584,-0.06277983278630711,-0.06279444551718077,-0.06293766236798604,-0.06290741061466604,-0.0628870957015008,-0.06287786370260952,-0.06287416132279984,0.009325029307610828,0.12062170253490168,0.0,22.69282071050286,0.14733446800073846,0.14733496037159344,0.14733581339668889,0.14733708031740855,0.1473388461314784,0.14734124135094806,0.1473444660136224,0.1473488326696364,0.14735484692206813,0.1473633677601458,0.14737595094878986,0.14739564247371262,0.1474288332059387,0.1474862139623695,0.1474544738392295,0.1469687006374949,0.14705661211720988,0.1471217389734401,0.14715177708685576,0.14716388752481696,3.8975573858234464e-07,0.0006079689171297983,1.6,-205.74945842173503,-0.006405821067865247,-0.006406311419400622,-0.00640715120124824,-0.006408375562438451,-0.006410036158497334,-0.006412202544826329,-0.006414960784761448,-0.006418401579706412,-0.006422573700345603,-0.006427321306732736,-0.006431700420986175,-0.006431635011300063,-0.006408345550644512,-0.0062485321589695894,-0.00503884603064364,-0.004454696753285248,-0.005526494116487868,-0.005853160921723165,-0.005973117680108332,-0.006017093490662928,4.218672987633483e-07,0.0006571905872500334,0.0,1891.364685223332,0.05834990914502214,0.0583483414926036,0.058345642597743115,0.05834167419905612,0.058336223363852475,0.05832898020490517,0.058319505677744125,0.05830719032235265,0.05829121950714011,0.058270626578426736,0.05824481777433733,0.05821652584043591,0.05820936641384832,0.05840601376945642,0.06056685105536275,0.06228899499664209,0.0602882223627077,0.05962311289773936,0.0593700397687229,0.059275678583510676,0.00015954518045264846,-0.015260013444419837,0.0,306.1857105499168,-0.2198066004705339,-0.2198198846819324,-0.2198429333919556,-0.21987724544613485,-0.2199252292522118,-0.21999061693060185,-0.22007920046444696,-0.22020018232411864,-0.22036879092587736,-0.22061173144342305,-0.22097968034267712,-0.2215796295270982,-0.2226717486422256,-0.22497697580671086,-0.22823133553465705,-0.2154754877540066,-0.21441307991527306,-0.2152566406691552,-0.2157528465678733,-0.21596820528130856,4
2022-06-08 16:22:34.725446500,2.3460389505201134,-1.011318856336747,-0.5791572616457247,0.2306526802349997,0.4650042120558253,0.33092731218411736,1,0,0,0,0,0.0,-5.0094972761005305,46.04054169535976,7.791454329626611,0.0002268802610418565,-0.2901791516251896,-0.1057874739313658,-0.044737518918637975,-0.0250787590128354,-0.0270854620983524,0.12087831299365015,0.04131971301916248,0.1945624862862134,-0.7077650097091313,0.11933311877886417,0.4846296242372236,0.5095226343787541,0.5621491325904631,9.939727083333334,0.4721684008371986,40.38050649218972,-2.1369804144949343,20.77043537464685,-0.2419478287730325,0.0033248850889530195,-0.06496074122537944,-0.04355615802419541,-0.09816741973622893,0.02330015872884457,0.04655218263146317,1.595979570805412,1.0057720768512588,0.8546144090233736,0.6594331766909165,0.6662975596025417,0.8124589364992951,28.951563575658326,8.905307612594337,12.642382761114286,15.320273802139829,258.1571964912887,0.1138347913207566,0.16588271694027135,0.09326991541803747,0.05959291051538292,0.09344268525314754,0.08845603817559877,0.07090376891410449,1,0,0,0,0,1,0,0,0,0,0,0,0,0,0.039661256535264235,-0.4283873204399816,0.0,60.954924227232645,-0.8855673239671997,-0.8855759395092413,-0.8855908249772808,-0.8856128371047278,-0.8856433249514906,-0.8856843190739414,-0.8857388456561943,-0.8858114495944014,-0.8859090726274335,-0.886042508268098,-0.8862285328288351,-0.8864906582629513,-0.8868353668215863,-0.8869304434318457,-0.8814395222526736,-0.8725191415495281,-0.8781808159648334,-0.8804171999927304,-0.8813200218556392,-0.8816656337177893,0.0006221388356638264,-0.031853962650015014,1.3,-39.20559736087585,0.05940743694388927,0.05941093578732204,0.05941696583719969,0.05942584739211033,0.059438077318253235,0.059454386849040926,0.05947583004442536,0.05950391170588488,0.05954074804659437,0.05958915933732745,0.059652104957939926,0.05972814548368587,0.059781053973846365,0.0594843623061575,0.05543375245000215,0.05165578217739775,0.05547619855299313,0.056789080709830575,0.05729491057865499,0.05748460257226067,0.09912769346404618,-0.9978562068138674,1.4,-12.049797909134512,0.2945983228381521,0.29460216575514697,0.29460880405806894,0.29461861753793805,0.2946322035971999,0.29465046000953665,0.2946747217089687,0.2947069869187237,0.2947502921664443,0.29480931886268896,0.2948912221456337,0.29500555462865197,0.2951519019828071,0.29516578837843865,0.29256174956453423,0.2885697042605457,0.2912244137603587,0.2922563440765167,0.29267087521823354,0.292829227602166,0.003166718621913192,0.07035391208000956,0.0,11.03825271444823,0.03975723846211498,0.03975719028369007,0.03975710359354412,0.03975696727269384,0.039756762096127114,0.03975645531752114,0.039755989953918484,0.03975526250245609,0.039754073147442726,0.039752003505349735,0.03974807706956124,0.03973964552180187,0.03971777156608669,0.03964043682732682,0.03925411317808114,0.03926845307223792,0.039585204970818084,0.03966537971941792,0.03969220767932905,0.03970157384668385,0.0035016644521341372,-0.08637942083192482,0.0,16.545856524437898,-0.0627371072355567,-0.0627366118671826,-0.06273575582832724,-0.06273448955090744,-0.06273273489858844,-0.06273037407761273,-0.06272723113834222,-0.0627230409554363,-0.06271739654889741,-0.06270965986311394,-0.06269882325459193,-0.06268341207067712,-0.06266261930546417,-0.06265340569088818,-0.06294877901100604,-0.0634599670258052,-0.06315142450902518,-0.0630273531294665,-0.06297699508583465,-0.062957673218326,0.012334774845645142,0.1380485271602923,0.0,19.452431086708426,0.14741930489871224,0.14741948819451167,0.14741980184528058,0.14742025850609866,0.14742087659302894,0.14742168047099424,0.14742269924881046,0.1474239608630642,0.14742547124176691,0.14742714477759866,0.14742856118457587,0.14742800463840744,0.14741777582455218,0.1473521745865321,0.1468681636371285,0.14664707478174388,0.1470743041210884,0.14720349075813471,0.14725076685563313,0.14726806888826532,4.1848861171685095e-07,0.0006146173163494407,1.5,-205.6188146352908,-0.006506298535274624,-0.0064982673553295464,-0.006484312472089471,-0.006463490277230477,-0.0064342755841959596,-0.006394285449113468,-0.00633978107808275,-0.006264736668674331,-0.006158992445550736,-0.006004283603893157,-0.005764746804966414,-0.005360798896172359,-0.004582473440227552,-0.002734437958401337,0.0016971838734791687,-0.005809683403835919,-0.008508942311438616,-0.00854541809146836,-0.008433297248950922,-0.008369686676944932,4.2324209908511317e-07,0.0006578193512362558,0.0,1890.0683310396512,0.05763170825156294,0.05763988877728821,0.057654131962351585,0.05767545178818523,0.05770549931321513,0.05774688036139253,0.05780373765740876,0.05788286088247219,0.0579959426031067,0.05816457564016275,0.058432657481645826,0.058902255828002126,0.059861517786281127,0.06238477952670252,0.0703778866656819,0.06302746898055034,0.05737173212185809,0.05656149206702565,0.05640977892022647,0.05638030859718768,0.00015559038232521654,-0.014809583147080559,0.0,311.0234261301289,-0.22425107103409656,-0.2242927353084916,-0.22436485900914604,-0.2244718391308922,-0.2246206682733245,-0.22482202424237485,-0.22509214850589387,-0.22545615221281598,-0.22595406280321306,-0.2266524364467095,-0.22766780199204995,-0.2292147909514153,-0.2316816924237521,-0.23522164184110306,-0.22539838405880275,-0.1837006807407464,-0.19709888951111765,-0.20419232876858384,-0.20727785502988105,-0.20849528069841086,4
2022-06-08 16:22:37.475446500,2.816206694705292,-1.041278929706617,-0.7349918000148478,0.20926211768985686,0.4989553646188465,0.25189795568360995,1,0,0,0,0,0.0,-5.0013084758796005,46.01452128177669,7.887518999596442,0.00021067298729939463,-0.29077648525390576,-0.10595264363841496,-0.049919295686548036,-0.02106555762375972,-0.012607939361824059,0.1410257819224062,0.04035735524330968,0.25501391807127805,-0.7229723551732172,0.10547636022020344,0.4857645179978274,0.5291457585677408,0.5646724299990382,9.939727083333334,-0.031365841096529117,40.46559518349854,-2.0253992350725665,20.77020472015311,-0.2419886409654699,0.00099445090626023,-0.061161501514730536,-0.045429871305254325,-0.09621082509845214,0.026980153410432476,0.04746952857257691,1.618929792760366,0.9960520236337148,0.8568104259682665,0.6558912751568057,0.6458223899206411,0.8046135900418615,28.951563575658326,8.54756611360951,12.661849315810533,15.34532814095691,258.157215052725,0.11382111188407724,0.16633761276526784,0.09012141003495353,0.057544676898204465,0.09307678805893684,0.08873327608546118,0.07033496933073696,1,0,0,0,0,1,0,0,0,0,0,0,0,0,0.024171166847087814,-0.2951367248103771,0.0,80.3974633594985,-0.8893300938419175,-0.8893179332210117,-0.8892966192481087,-0.8892643859705949,-0.8892183016248074,-0.8891536183015702,-0.8890625404685468,-0.8889317837592787,-0.8887373874419011,-0.8884326228417176,-0.8879161682919887,-0.8869334745726121,-0.8846926432049855,-0.8778051275674816,-0.8488994120462743,-0.8583821069866535,-0.8810082447539023,-0.8859944778643876,-0.8875208582178493,-0.8880258199718016,0.000589971603551707,-0.030624871189699008,2.0,-40.486670137889426,0.06112556580890693,0.06111125330511635,0.061086308892200236,0.061048913063667776,0.06099609323865174,0.06092313663922023,0.060822507443045286,0.060681765591126924,0.0604792974372188,0.06017475259336425,0.05968498721879656,0.05881334008024064,0.056991686689795824,0.052024721023533727,0.035037234366452015,0.04763554865055841,0.06004172520591211,0.06212801249415889,0.06262350420647418,0.06275660592333401,0.04657237164501274,-0.4864896548912722,0.1,-18.51234352690764,0.2963032337696179,0.2962970711655624,0.2962862804744117,0.2962699860871456,0.2962467379427074,0.2962141952658415,0.2961685298534789,0.2961032480730197,0.2960066990878686,0.2958562958711014,0.2956033883645833,0.2951266689161066,0.29405202688753673,0.2907963130434175,0.277421530846481,0.2823341026162135,0.29273647356976795,0.2949806129859357,0.2956569512275114,0.29587841165273177,0.003681320945638139,0.07604329873182228,0.0,10.165765524011539,0.03977632127252861,0.03977412916599965,0.03977032122760527,0.03976464180773287,0.03975667812989536,0.039745786223130464,0.039730957672743435,0.03971057130758199,0.03968190262999821,0.03964007439289108,0.03957556430787554,0.03946741007195284,0.039260985341313566,0.038779686738665005,0.0376948896300392,0.039753193976196366,0.04038610688946029,0.04036862751964077,0.04032861308304411,0.04030791646442895,0.0030218298691399768,-0.07930699204181123,0.0,17.928063834512578,-0.06252203180285387,-0.06252251633185812,-0.0625233687947544,-0.06252466547301005,-0.06252653410556497,-0.0625291838768054,-0.06253296286425802,-0.06253847341697172,-0.06254682084316587,-0.0625602019860162,-0.06258347996876057,-0.06262915322110646,-0.06273711155491551,-0.0630835002242825,-0.0646264261620777,-0.06428242655147297,-0.06305382692446149,-0.06276810371214002,-0.06267735128873664,-0.06264662366320309,0.017147072793865355,0.16141230243917482,0.0,16.212069283884905,0.1475312808235003,0.14752906760223072,0.14752521825233167,0.147519465980819,0.147511378011147,0.1475002748244756,0.14748508333702626,0.14746405963894815,0.14743423212640405,0.14739018541288595,0.14732109454663175,0.14720234249243647,0.1469665654300715,0.14637526599503695,0.14470792270717842,0.14673734892604695,0.14785431194779125,0.14796379459297915,0.14796711793373446,0.1479617196136267,1.0439255584523902e-06,0.0008169180679313299,1.5,-205.48598430791927,-0.004414445165757286,-0.004380198075320863,-0.004320834822884478,-0.004232595979527075,-0.004109465958327618,-0.003942177837702232,-0.003716464958872123,-0.003409902736274617,-0.002985919197723064,-0.002381666337525345,-0.0014813622280227534,-5.183828366472909e-05,0.0024255140248605755,0.007052974090790976,0.008240514240466013,-0.025227053241662745,-0.02192395914188872,-0.01815647826604572,-0.016335733751394518,-0.015589976331776391,4.3917963122531064e-07,0.0006316460862910067,0.0,1888.7743476618707,0.05929506707798283,0.05934588026602228,0.05943403190593699,0.05956523391134282,0.05974865906061666,0.05999850988527555,0.060336802696596685,0.0607984639756225,0.061441169524911736,0.06236576414723771,0.06376278398771262,0.06603173305818189,0.07013193446311305,0.07863797337124367,0.08934665512042272,0.040485614404978776,0.03789142166641568,0.04148593214237195,0.04350216457627454,0.044366111047240864,0.00015430431604818265,-0.014067787110732944,0.0,315.8498513358448,-0.23997041693005985,-0.23999290035010998,-0.24003111679445865,-0.2400861480663963,-0.2401593849205845,-0.24025222682207925,-0.2403652700980228,-0.2404961491877717,-0.2406336640670803,-0.2407408394851398,-0.2407010324761183,-0.2401189749569701,-0.2374009291012236,-0.2237700798357638,-0.13445746934936764,-0.10511499014541226,-0.182340355857173,-0.20476770393517896,-0.21283863376177914,-0.21576930877711573,4
2022-06-08 16:22:40.225446500,3.300801878714656,-1.082655967644332,-0.897719820184506,0.18662605860941234,0.5321945410058592,0.1714178380286257,1,0,0,0,0,0.0,-4.979133737448072,46.01278562239572,8.001504311635129,0.00019446571355693275,-0.2915703606816242,-0.10628158686800028,-0.055429107019827915,-0.016928986365069048,0.0022435802878605746,0.16183109220952027,0.03938862567331361,0.3273306239958743,-0.7369550770253854,0.08825361866614416,0.4906599002485244,0.5399026937342685,0.5729703304454652,9.939727083333334,-0.5281257561702468,40.55483706596968,-1.9124328580745504,20.769549036147787,-0.2420364552409141,-0.0013309125778192964,-0.057394075317629724,-0.04731765517763805,-0.09513028537340996,0.03138989915258382,0.04824940253778488,1.658139515244219,0.9903559823796502,0.8638192868450985,0.6478929004122533,0.6396681934932628,0.7917050956545852,28.951563575658326,8.152593872667964,12.67988806095711,15.370584444544942,258.15726773964803,0.11381020055895515,0.16674957164652235,0.08647667353803823,0.055176273949425335,0.09263759403639356,0.08933213906861076,0.06982257091204623,1,0,0,0,0,1,0,0,0,0,0,0,0,0,0.016383491956093975,-0.226574717243766,0.0,99.84364943229927,-0.8894061203681414,-0.8892514147347619,-0.888982764416058,-0.8885822944596704,-0.8880211833464253,-0.8872545531370974,-0.8862123083389157,-0.8847821399294942,-0.8827761396326745,-0.8798599116962245,-0.8753858982404337,-0.8679454174213079,-0.8539368440489219,-0.8221572557619397,-0.7574693235532339,-0.9032216018193626,-0.9380100928663748,-0.9342592718123376,-0.930600314155532,-0.928849352721106,0.0006342289775698978,-0.03195237619529557,1.7,-41.771886424033816,0.05867721278217264,0.05857483114149398,0.058397172761626585,0.05813264650974759,0.05776261803225768,0.05725819115183839,0.056574479680223,0.055640080866197206,0.05433664853829456,0.05245620601386847,0.04960293149623829,0.0449374872051963,0.03640358943438293,0.018197398638001742,-0.009239582389201306,0.08880347077507332,0.0989489110620534,0.0929865055227086,0.0893539898228567,0.08776349430366792,0.027359138973568,-0.3245243951732165,1.7,-24.97672268593645,0.2961561879571297,0.296083683113443,0.29595778686337715,0.2957701407382629,0.2955072719971277,0.2951482118613296,0.2946602288396838,0.2939909212851364,0.293052705030878,0.2916899316678032,0.2896017499817649,0.28613544472950725,0.2796292729868001,0.2649595312842286,0.2358207438156865,0.3041691443125878,0.31951109409177325,0.3175051846165512,0.3157057706281281,0.31485514954422755,0.00434881397030611,0.08375339449818227,0.0,9.292667063622622,0.039182725940910434,0.03917408728612193,0.0391591172233926,0.039136874806676936,0.03910585616188922,0.03906374842637789,0.03900699886746195,0.038930039972948194,0.03882382844563312,0.038672910581860516,0.038449049256655904,0.03809612600086898,0.03749256560969458,0.036404194289188535,0.036515655297671916,0.04499236219148425,0.0438236436949781,0.0427818703901246,0.04228987860388855,0.04208986890452785,0.0026383703441535907,-0.0729544793308033,0.0,19.31011140838505,-0.06246881568650853,-0.06247677578873656,-0.06249060123868455,-0.06251121641479984,-0.06254011291680772,-0.06257961579315108,-0.0626333617806395,-0.0627071888208941,-0.06281088916417192,-0.06296194797508009,-0.06319438565669333,-0.06358272503891171,-0.06431964795677042,-0.06601825208411105,-0.06968870413334649,-0.062191352649409275,-0.06011854992172382,-0.06024178149124947,-0.060407497871739275,-0.060489854253116926,0.02562001177081893,0.1950722679812708,0.0,12.971078268584547,0.14701182728436324,0.14700043990425524,0.1469806928171522,0.14695132052239354,0.14691029419212642,0.1468544799903323,0.1467790354647246,0.14667631108618326,0.1465337458725694,0.14632954515640306,0.1460229768307769,0.14553005830400625,0.1446551482360461,0.142915285127933,0.14140740304281374,0.152444327569154,0.15228494047315902,0.15127852679662285,0.15075608654655553,0.15053712778469402,6.710236538052424e-06,0.001539158883409366,1.3,-205.3441247348821,0.006709875990818404,0.0067800856249498045,0.00690136000137187,0.00708062117317354,0.007328741800634475,0.007662022887657827,0.008104610725695238,0.008692423485026524,0.009479465438716694,0.010547405544341082,0.012016177233201477,0.014027673247498209,0.016468345540477713,0.016025581720420234,-0.031177303669982063,-0.09519738674843037,-0.0493524725246397,-0.03248720064957622,-0.02581248074704634,-0.023266232937951603,6.365496365038439e-07,0.0005040100140172215,0.0,1887.494336769314,0.07494723560785133,0.07509046010639507,0.07533824936922429,0.07570545439020293,0.07621561728382176,0.07690451858901781,0.07782621941554169,0.07906351298190373,0.08074656242789757,0.08308732093074411,0.08644447075135275,0.09143791361086072,0.09901134487887477,0.10808811150535293,0.06316435742569837,-0.07071700042529018,-0.01848290554588061,0.006089813844951664,0.016552342107132745,0.020665972412176714,0.00018789022881150652,-0.014012519785330708,0.0,320.6688579616457,-0.26297561079097065,-0.26257262848941565,-0.261871699187342,-0.2608241831343072,-0.2593512001426497,-0.2573289560227892,-0.2545621177243476,-0.2507336790025523,-0.24530468145639794,-0.2372964922813612,-0.22476405104106068,-0.20332259684835646,-0.16112095223115652,-0.05678669068701402,0.23350414097750335,-0.11527926318022885,-0.3110538536159071,-0.3329476574471446,-0.335176622458377,-0.33493041418372504,4
2022-06-08 16:22:42.975446500,3.87213150549437,-1.1746680298835177,-1.1011667923228403,0.16050200784742166,0.5610103376359812,0.08581300392962388,1,0,0,0,0,0.0,-4.5142828984096965,46.294133446324956,8.642931690218395,0.00017825843981447088,-0.2954749822334529,-0.11061999246088453,-0.0658704985089734,-0.008916532336146504,0.01778912572908374,0.1860584174932084,0.03964658558610636,0.4209650878718677,-0.7543554482086006,0.06594271154438458,0.4935188114829167,0.5536576962698408,0.5755810829798563,9.939727083333334,-1.0179400080154704,40.638119316388185,-1.8139248023385557,20.76878975245283,-0.2420718050786325,-0.003475897765428895,-0.05396949746199132,-0.04904472676653405,-0.09311391667239624,0.0366059651139153,0.04896248044822663,1.705069176441904,0.9838528371365935,0.8744551954407703,0.6420481118413076,0.6316071331488222,0.7798374075971375,28.951563575658326,7.720127099125674,12.695714781592612,15.39025914758773,258.1573287729584,0.11379096642561935,0.1671163392554115,0.08289950448048061,0.0528073185362466,0.09241940605658087,0.09000622205049569,0.06938900361993093,1,0,0,0,0,1,0,0,0,0,0,0,0,0,0.012103125619520623,-0.19115873965450533,0.0,119.33405834163946,-0.8451642364739946,-0.8445766302669355,-0.8435589944626171,-0.8420484981008941,-0.83994502399403,-0.8370952617396892,-0.8332651091124843,-0.8280906529698875,-0.820987285289875,-0.8109713007426431,-0.7962850839739386,-0.7735550732868268,-0.7359257445828131,-0.6730256935208567,-0.7193971457119033,-1.2668701631683232,-1.1665735906037278,-1.0942215408257128,-1.060614950934201,-1.0469562336375846,0.0014396233372113167,-0.0427827078425146,1.6,-43.08566242082517,0.02763304815904277,0.02733245168795495,0.02681216148561516,0.026040571754499364,0.0249674545615024,0.0235161900220886,0.0215704065100637,0.018950555615202317,0.015371297529258362,0.01036031162803597,0.00309649006365198,-0.00791395411602469,-0.025297928129273117,-0.049537270602309835,0.024297256970066128,0.317979984596803,0.2211999881704807,0.1710290956695697,0.14924965092125475,0.14064654400965088,0.01875327948045144,-0.25727666485548595,1.6,-31.462107699714032,0.27496047333262075,0.2746908927215284,0.27422409519602203,0.2735313844998979,0.27256706459499425,0.2712612242047705,0.2695072396941478,0.2671396287379588,0.2638931113256649,0.2593225662650579,0.2526358235214221,0.24232166262879876,0.2253464226779273,0.19740887802994375,0.22277262942882115,0.4744570671715868,0.4254012084351091,0.3912508313163395,0.3754324325943656,0.3690080170149732,0.005323787897828203,0.09577391192806507,0.0,8.417164954048777,0.036185946179102535,0.03617231117191744,0.03614879488218914,0.03611411761098149,0.036066284877047,0.03600234032251187,0.03591797586083273,0.03580693501637211,0.035660156857881875,0.03546482144974278,0.03520480880407628,0.0348722830598239,0.034558736961870645,0.03527520553818686,0.04844946670244177,0.06270119184349722,0.05011317441339588,0.04563282840658955,0.0438786008357142,0.043215087957494916,0.002350188224253705,-0.06565189221069577,0.0,20.68991975043877,-0.06465964524727474,-0.06468978770506584,-0.06474201402451207,-0.06481959260109704,-0.06492774330613416,-0.06507448543893002,-0.06527211912125752,-0.06553988091294992,-0.06590892837683138,-0.0664322882702375,-0.06720624900076523,-0.06842017537247097,-0.07047553351875901,-0.07408124268113403,-0.0727375749308754,-0.04328704455875504,-0.04810873301865543,-0.05190844341805578,-0.0536757923275108,-0.054390876119007316,0.04295841665523259,0.24912796984913765,0.0,9.726910512553374,0.14331394624358906,0.1432882591068413,0.14324385109401172,0.14317811807039926,0.14308694598640004,0.14296411269628684,0.1428002810893399,0.1425812874177213,0.14228516940663333,0.14187692357687115,0.14129952613744978,0.1404626344371342,0.13927351107432415,0.13834478119048435,0.15097304887016022,0.17691739384592065,0.16329598240664492,0.1575351160443368,0.1551573971934318,0.1542377204538133,0.0009196994968319236,0.020736795922817887,0.1,-204.90761588998257,0.3119775405992229,0.31053869687670504,0.3080528003878165,0.3043766289552501,0.2992839852081115,0.2924326311205743,0.2833079093833586,0.2711245550959536,0.2546481965679161,0.2318501222645768,0.1991802591203422,0.14984023638831268,0.0688549609510174,-0.08596397505596265,-0.4624148347584081,-0.545918507813937,-0.5273549659352739,-0.5959346459931867,-0.6508607533183906,-0.6792716214707328,8.891353220654923e-06,-0.0008684592139394143,0.0,1886.4088800915192,0.2848595271948682,0.2841954941483493,0.2830431507047137,0.2813272251668764,0.27892679489382033,0.2756545638152659,0.2712201142084183,0.2651626862077876,0.2567214400680697,0.2445657381754316,0.22617551219814655,0.19620599695474186,0.14116765635541384,0.014745983427182809,-0.4159075023242025,-0.5630176293091864,-0.3577020389419019,-0.3065225602496469,-0.2878028166470941,-0.2807478776298362,0.0012685400022464386,-0.028181376611614795,0.0,325.7368595331313,-0.036333627506309085,-0.03351666584693192,-0.028653021928825236,-0.021468077170883504,-0.011529292343457342,0.0018153032753218667,0.01954127197904043,0.04312757510949616,0.07487980273790118,0.1185463282368655,0.18059028962629145,0.2731150472719115,0.4215501987908885,0.6824762437446239,0.8041988816253891,-1.3390677022586424,-1.513349582229382,-1.4226937478552122,-1.3548785645092511,-1.3208621336252977,4
2022-06-08 16:22:45.725446500,5.338157279637655,-1.4265293241612231,-1.7311401371183863,0.13106500290159145,0.5764718297818703,-0.008653835524317048,1,0,0,0,0,0.0,6.678078584377851,45.563143465231114,-2.3427577161099324,0.000162051166072009,-0.2889143521227432,0.012077619435990452,-0.18742647579670907,-0.011683938108628231,0.025413625611298844,0.2451970490825738,0.022970450724925148,0.5128395116913185,-0.773027774602022,0.04197530926415546,0.494131252601747,0.5667386817940095,0.5754192269706243,9.939727083333334,-1.3913450420904412,40.736891300373294,-1.796779171597202,20.767909060942213,-0.2422150166954849,-0.0046951188922954865,-0.05174231839121324,-0.05077145083779607,-0.09093912177458373,0.04152111237554255,0.04945114542689984,1.7801505872979584,0.9704263577071224,0.8890342294586692,0.6355748574888228,0.6208637381371126,0.7723062022794203,28.951563575658326,7.187219020346521,12.712389211062241,15.390764742887585,258.1573995826202,0.11382442973233126,0.16716593777964914,0.0795694856178824,0.05014390720816656,0.0923306117918138,0.0917747587541108,0.06891764362180712,1,0,0,0,0,1,0,0,0,0,0,0,0,0,0.01608718117960835,-0.22700104821360004,0.0,139.4484639145144,-0.17794312077735694,-0.18003246737513834,-0.18364818592897514,-0.1890089710208258,-0.19646262447599128,-0.20654050485461892,-0.2200520900270249,-0.2382536544767735,-0.2631645130366591,-0.2982038053212106,-0.3496071463891366,-0.4300791881422401,-0.5708627165230706,-0.8858204837183408,-2.1565401467846272,-3.185832407519905,-2.3905287800752872,-2.062854821921395,-1.9071231111084868,-1.841008282608932,0.009491640274638271,-0.08052912083238607,1.6,-44.516226595146314,-0.12014766659551235,-0.1204845344385479,-0.1210524973457634,-0.12185978462265325,-0.12291377631286825,-0.1242136991521794,-0.12573425173161046,-0.12738810133516676,-0.12893641980628925,-0.12976160317667151,-0.12823384176974728,-0.1196848528230684,-0.08836189099990299,0.03820586045323804,0.7309687442792989,0.9610302574913528,0.4236680843452008,0.2588146943964036,0.19406273451369926,0.1692329775580228,0.032469685987726815,-0.3241306033280925,1.6,-38.25267688861877,-0.05082871113913257,-0.04949109716154654,-0.04718054833885699,-0.04376469569795116,-0.039034559252873365,-0.032674069313605385,-0.02420803466981014,-0.012911292352737249,0.002357285015779809,0.023478990314112047,0.05377162876512176,0.09971802856320366,0.17649286584223603,0.3370237132978383,0.9375247179746936,1.3845535859640252,0.9941342757366168,0.8290824137250671,0.7497085676905286,0.7159225709625698,0.007811488748578591,0.11211371488429052,0.0,7.536411535625184,0.027959879482453376,0.028008718147077397,0.02809399208917129,0.02822218674351329,0.028403933082555725,0.02865615161847352,0.029006005312361364,0.029498478304317288,0.03021183323866058,0.0312918723989192,0.033036699148696384,0.03614020329287429,0.042557918974090066,0.0596876918186815,0.11892979451401807,0.08548370938239833,0.04138085382240639,0.03191012872488694,0.028894491135912862,0.02787340298737872,0.002351314526627109,-0.054515655787214866,0.0,22.06056634861027,-0.07601082353469613,-0.07605874064232321,-0.07614122737790717,-0.07626249755557057,-0.07642904376089787,-0.07665032566624386,-0.0769397817690306,-0.07731618557706943,-0.07780503888026458,-0.07843816162174944,-0.07924257484287656,-0.0801734526342468,-0.08071348713604898,-0.07672998463052316,-0.02720752950559846,0.019520094459773873,-0.025124560484712843,-0.04079298343235682,-0.047039636835828215,-0.049436516990262434,0.09007520524154612,0.34669364826711685,0.0,6.473970247716018,0.13086396739717746,0.1308865754088654,0.13092657986676792,0.1309879504870457,0.1310773822761746,0.1312059274270206,0.13139212157053126,0.13166824451751147,0.1320937181958645,0.1327864062531716,0.1340046712177117,0.1363990693799969,0.14198032055182552,0.1593267662401627,0.2351727803036596,0.22517818597455572,0.1654099798839869,0.1499591373475898,0.14449683053341314,0.14252449054717636,1.0412142640340856,0.6212253535238741,0.8,-133.9103909405827,35.4831648335726,-15.209434695843644,-13.59726583464768,7.7272820115486285,-2.4090522372011023,-14.835106246376471,10.005268623809162,37.828643151942686,24.397170641223372,-7.9490725084606275,-18.198343164188927,-10.205591241822797,-6.365074317597543,-8.543965470486379,-10.362533174725053,-9.354169083096954,-8.795144607435429,-8.54800350448133,-8.416595888796762,-8.358187690135242,8.868683005828393e-05,0.0026295475886550395,0.0,1882.8233910883769,-1.8214650146418307,-0.7174739662000036,0.7849028423987363,0.7858599462879852,0.09999924875523902,1.0103908030199875,1.83677955091666,-0.19484566472411305,-2.4644863793185507,-1.2394707650162218,1.0705188931999745,0.8127688420574549,-0.11539715729976766,0.3421310660277186,-0.40144740737443385,0.16316299120571642,0.5120263781311891,0.5738586313999718,0.5998160931178589,0.6101624400147792,0.3454281019449302,0.2979802466963618,0.0,276.96985089194266,-27.770905237926307,10.083632690096168,10.466742629276963,-5.517932442140482,1.5158574391923525,12.354241232408164,-8.248648559262406,-37.60749956172565,-30.52988211679492,3.8505886448453017,20.303470323241196,9.668629318541551,1.4795393032530841,9.087322669217759,14.226738703009367,8.248779506080997,7.96645541104475,7.771061630563053,7.657730819823356,7.606173913009463,0
2022-06-08 16:22:48.475446500,0.8473240263396717,-2.226628869158134,0.04219430779689444,-0.8924679016803059,-0.4932695603451752,-1.3117995888414609,1,0,0,0,0,0.0,2.2737695179986184,44.94254224760221,0.6035471348577999,0.0013172548646726908,-0.2847893755934731,-0.02359782981107076,-0.13502681261231694,0.0010079999956560245,0.14400486640799146,-0.032165897773145,-0.07320065131800982,0.5176311911267566,-0.7732946076954612,0.04784117847752327,0.4952955482630644,0.5766510389785873,0.575453920326496,9.939727083333334,-1.7819627694461355,40.83406954537429,-1.8089382906808609,20.767842883915325,-0.2422125755867321,-0.005787689437930863,-0.04865383958933462,-0.05313581693551924,-0.08987622503330646,0.042188171344925036,0.04984515916737793,1.7823032072304157,0.9695552025155384,0.8889012374351007,0.6311625972915577,0.6146255597212662,0.7646040792843878,28.951563575658326,6.524080704411127,12.724849039139357,15.381335839006109,258.1574048787888,0.11379286097520072,0.1671480975036005,0.0750836719637724,0.04641301779065308,0.09181917071700336,0.0912451779331072,0.06870791231681855,1,0,0,0,0,1,0,0,0,0,0,0,0,0,0.4806957272624381,0.18298457110462032,0.0,111.03073842575435,-26.777562863213724,7.2315496010784885,12.631552115261938,-1.8236121053698893,-2.9153282493384403,8.055613583815159,5.9088502056084815,-7.992007774363777,-10.049324937132656,1.5510956179746194,7.101599465894445,3.004161729175169,2.9304990168666674,6.503844912535982,0.6556218251882981,-1.4077505546610425,-0.06269328804134444,0.3635865185549037,0.5651484796966586,0.6497892869463063,0.35697710459275234,-0.19315407496937545,1.5,-39.67627442462957,3.7047862586166667,-0.5313834219605731,-2.317195568978031,-1.097222152711086,-0.011863381458482536,-1.0952800203927209,-3.0133762520183724,-3.650529734778487,-2.8406913755902448,-1.776824148890064,-1.18383969981929,-0.9771682145799536,-0.6722224295294318,0.7691042103085564,4.502783062928222,3.1112376495299534,1.7150786149304769,1.3039793894575749,1.1175496750550278,1.04048931334853,0.7174222968563448,0.25952071773265056,0.1,-28.935733668844446,8.660561248906513,-2.2254749236155584,-3.2229808081983085,1.4964757655560126,0.6852738117530439,-3.4313968031279463,-1.7356106271927765,3.4504666661773986,3.15813877233221,-1.3955398870029705,-2.331538789122161,-0.3217674010439633,-1.45732182247639,-3.6149087518832186,-0.4562537887026119,0.7434353988293381,0.18363883535106876,0.016882699919718247,-0.057329115920548464,-0.0874163409123655,1.3574305862706773,1.3570700132859719,0.0,5.452550969939174,-1.1661711649800837,-1.1148614062341555,-1.0306878699536959,-0.9156323117025108,-0.7724054747158327,-0.6043856597825052,-0.4155431613707442,-0.21035352011181516,0.006296082035602196,0.2292007136603069,0.452922783509955,0.6718707279438917,0.8805549767623931,1.075683869659363,1.2191436493092525,0.8149389941092107,0.6432699940491079,0.5754512732968128,0.5404310599246025,0.5250518042333555,0.18424427932914395,0.3765340549391146,0.0,22.306522802776858,-1.1988193260904545,-1.1594758409418646,-1.0948620474692472,-1.0063850405899863,-0.8959520179021627,-0.7659048955475589,-0.6189305715144747,-0.4579379810960456,-0.28588204526359584,-0.10548743897904522,0.08124935346428952,0.274140567849125,0.4778254217584354,0.7142089458246744,1.0707724352870425,1.0149148054128454,0.8673033623195094,0.8181777283420001,0.7936808635584208,0.7829048240331173,2.712223951529352,2.463602601034709,0.0,1.826275791899512,-1.257546434335869,-1.2015245135610788,-1.109571776459774,-0.9837746814190717,-0.8269758575414092,-0.6426955297199379,-0.4350292998545285,-0.20851910027752912,0.03201096369007134,0.2816749825109076,0.5358592448353852,0.79085457779425,1.0455902522604694,1.309259581878121,1.5882025398355664,1.1941052523919384,0.97373036958767,0.890418562141991,0.8475192324489196,0.8285989484558155,1.1673661981127648,0.5700872812122207,0.4,-60.40673831688675,-15.537803160818275,15.14668173091859,-12.175216520164726,16.206520729638406,-4.750536617582316,11.863700570141688,-0.34548358959224856,10.902122960193752,-81.3255937808293,4.232114066740058,-8.314084060645854,1.7048329459460432,-2.776692252738526,3.638695502374636,-2.919070982608704,-2.193440609021013,-1.7380695024153932,-1.4930315358043496,-1.367095391380201,-1.3115916757462514,0.00026848210047519664,0.0051612607273760925,0.0,1876.2305283807987,-1.5163440819441687,0.3818388307336704,-1.875045131736272,-0.3717674927923156,1.0615607743893207,-1.1364663960940362,-1.000438526163677,-3.9232711585083346,4.592196583134894,2.570367919417734,1.9165537500313972,0.8956108623617602,2.5310661483675574,0.8017427178635117,-1.763558732829921,0.19482636524816144,0.29556030168979674,0.3397614239124493,0.35705481840318504,0.3633172266310893,0.5523652382861627,0.2789392428590383,0.0,212.50654368012007,2.156426240492358,-12.126533147979247,6.809785127986928,-16.273580868496694,-0.5519885740678729,-12.546669207414519,1.9984181422145728,-11.876850089911635,87.95984786979125,-4.451922515868572,10.237123961161608,-5.5511348669604095,7.146494765732772,-7.413940931573826,8.312378774577299,0.98802525699322,1.0159944461757764,0.8037212560043052,0.6883903174756316,0.6365188795501244,0
2022-06-08 16:22:51.225446500,-0.4456990553323789,-1.268833999799592,0.055268166089530384,0.54267991384011,0.3186062067781853,0.592308392247385,1,0,0,0,0,0.0,-6.3555872338151325,46.00586166572806,10.128121651933037,0.0010728717774134222,-0.2893877769807772,-0.13143983761322425,-0.0004299234133851623,-0.0374032366100789,-0.1015986012197498,0.0030733512038738685,0.0645470433959938,0.5199163761401736,-0.7741959270819704,0.053284718018542565,0.4965790146576399,0.5789467590265097,0.5767575938226732,9.938126121794873,-2.2078673139168883,40.919319438254476,-1.8345415362775812,20.767713276619293,-0.24205721461794796,-0.006819650237943504,-0.045188201707564206,-0.055664058790820564,-0.08905959977632825,0.04280981578483077,0.04986958624288571,1.7858084398200669,0.96863576218245,0.8877795539778613,0.6282185581889715,0.6136145518861916,0.7611444248906746,28.952093028756675,5.805661309225648,12.737332967628694,15.36579348038887,258.1574153537108,0.11369901502764138,0.1672921366195796,0.07082601891717201,0.04189239102981734,0.09138082400192933,0.09069720215907186,0.0688166641484893,1,0,0,0,0,1,0,0,0,0,0,0,0,0,0.915574914143498,0.3672642074495154,0.0,71.69874778356011,3.885159051759953,-7.745890524916833,8.602990270505854,-7.227604787685268,7.643961932839893,-6.1106639521962585,4.371618413652282,-14.852330532698533,23.67681834243854,6.0682638228629555,9.332654634911332,-4.109328598132084,0.04776036103090053,9.165052247512136,2.77259559458391,-0.8548935542957903,-0.11364280736939758,0.12383079740790183,0.22510957918952407,0.26558774174277505,0.5919309479097673,-0.01380353960696107,1.5,-32.68082727490685,-1.0115132776603288,-1.138148817332509,-0.8390358580958059,0.28468829966917264,-1.4771790115421009,-1.2580552435824122,-2.474252810838053,-0.05003647647347531,4.556244415086217,-2.2416780816295523,-2.4514657421778145,1.5958258895068016,-1.8655868564500016,-7.3878819593075375,5.671004887631064,2.1817687040446083,0.9599046139823164,0.5581602017861234,0.3765070616676398,0.3018546213960569,1.2941883148855002,0.3531965788760349,0.6,-17.85608867352192,-1.8053478236141864,2.54297333445996,-3.4121766948576617,2.226155459205326,-1.805123362654704,4.397712068399522,-2.603960062459296,2.896073316976686,-8.085292087736269,0.5547330436582671,-2.4748998300628022,-0.2393785999577551,-1.1266185328648957,-3.78119025876768,-0.9073532898759572,1.06351681614754,0.641684813656742,0.5062719807302482,0.4462778191799686,0.4216666164529631,1.85289304770594,-0.3834439738653476,0.0,4.222868922342913,-0.014473613286515976,0.9328123023191801,-0.3423974346474541,0.2620210860230706,1.3823954402419845,-0.06659371748746767,0.3128131413978205,3.305237484867352,2.044622502105262,-1.9867704227133036,-1.4406568593393163,0.511126564029964,-1.1456923686633782,-1.609163626390869,0.3900634739632801,-0.07944532832980324,-0.17027884230692694,-0.2073983395679611,-0.22260727964373853,-0.2284049931349945,0.7650585482997061,0.1532419937834579,0.0,16.36750890256125,-3.7815071673098832,1.7812658316258951,0.2550273684964988,-1.5197363809067,0.06852962360249992,0.01311336338111313,-0.1267487444801244,3.1746823769699617,4.194110457511472,0.4276131381936743,-0.8250385599262368,1.5919434360535345,1.23377973225719,-0.9769883846358848,-0.3807795733591421,-0.4741385733039261,-0.4519357559744992,-0.41929887222172996,-0.40407450372857656,-0.3976815727042876,1.7143526709525878,-0.8500555721800751,0.8,0.33810955579783125,1.1764546504784126,0.6793640534830472,-0.8818160393278991,0.4364609756814332,1.335169421409912,-1.074574576424713,0.20672404969079905,5.5972305673752345,4.431171816011812,-2.2379041299414504,-3.075839663570272,0.02652791156801755,-0.8144202254947194,-1.7148337062136556,0.3668309335819825,-0.19128383523369089,-0.31600261498288484,-0.3604090109318272,-0.3792071973913038,-0.3864770499526721,1.4377351783478522,0.0684135458459893,0.9,-12.468048281844233,-49.88139552859138,-24.095669479362588,-10.252763851370254,0.5305231000104449,-4.596207805711852,-10.99400997911451,-33.175367152819256,-61.97382047011332,88.346802594615,-0.20814654842341265,4.200166435966842,4.490644331837016,2.8708588113898963,4.884071183110136,-0.08802820505132303,-1.2716262706126225,-1.3250848220547145,-1.4374074492436586,-1.5179070892977302,-1.5588108130356988,0.00023227062149645488,1.8081780708379948e-05,0.0,1871.0948765860142,2.7435424723155397,-0.5491038207841257,-1.9298681399262991,-0.02499583029219821,0.21930921266873327,2.595186755942976,1.8903248241756645,4.036519038928546,0.9695826483055968,-0.9690855748417136,-0.1786742167874209,0.5023869712495781,-0.6767774856826207,2.191554715119068,-3.3986716252811107,-0.421987279767194,-0.4235547198832137,-0.3441118423531897,-0.3030891166579295,-0.28528793441232736,1.1578799752316042,0.007770213592066569,0.0,168.84770305866155,40.25814114271025,20.185587660127002,10.911026082445122,-0.7202429326447906,9.678254674997056,11.229598240438644,33.18890991926639,61.577863687325795,-94.00998142290092,3.5078092943192694,-3.1970003213044262,-7.3095179901320675,-9.713704818303803,-6.983501353867912,6.971135802721449,1.5268458098450752,1.2835193739607194,1.2958221621473305,1.3262784582350644,1.3461458751914468,4
2022-06-08 16:22:53.975446500,1.735627934034333,-0.5830069860697877,-0.6116506145943343,-0.1401109731433067,0.5796501476270622,0.0635314872291115,1,0,0,0,0,0.0,7.462714300067503,45.280610279621676,-4.4898034748815965,0.00077974249994426,-0.28246544250347977,0.028965791142450844,-0.16757011673809913,-0.032682777440431375,-0.004899560260096323,0.07007284401404854,0.00528247366125398,0.5275162904676279,-0.7698762885932519,0.05907495614900408,0.4938540809398145,0.5793154026622965,0.5815910461064625,9.814852083333337,-2.53819647150127,41.027995957798204,-1.901768235273188,20.767356582544966,-0.2421066780037418,-0.007361987330923609,-0.04270576426946879,-0.058108153647006465,-0.0884859993378275,0.04360134014960481,0.04950744052266411,1.8030624938207316,0.9738763258429048,0.8880399898425231,0.6296460325946971,0.6086245321273198,0.7516888062814421,28.9804017706466,4.870031851765202,12.747163304258535,15.337145934176965,258.15744404645915,0.1136914764664786,0.16721228707548189,0.06584630577206174,0.03582916800075783,0.0910550806914332,0.0907449310898076,0.06917345401732503,1,0,0,0,0,1,0,0,0,0,0,0,0,0,1.6361645095581911,0.26951139694022963,0.0,34.284227308757984,27.803497727480558,10.504182062889662,-2.0894396123830656,-4.940869542130228,-0.31861413401364136,6.8436294541982114,14.100221708571524,14.646929196704203,-7.598263696591327,-0.3369154108356035,2.7695677601891657,-10.001505378193183,1.1084104987804348,-0.1362028743566297,5.483585097468059,0.5191732003960015,0.436067056830698,0.4609236542625669,0.4845561225926724,0.4972206475543098,1.2313648115467046,0.09622305687401804,1.5,-23.677228518043762,-4.512499602342631,-1.196375417270236,0.33226421994856553,1.5528309717665112,-1.4467902007516993,0.21112896545420956,1.2143626734447597,4.9838045207978166,-8.935835622175926,-0.01834970396091751,-1.6762065614956654,2.3049978101227366,-2.3311063671457912,-9.253507839687154,6.374735047394128,1.2105730621140969,0.7922252123380766,0.5829996493371409,0.4880222630368407,0.4492721158939551,2.028855978532788,0.2336064142142042,0.9,-6.000439801421187,-7.920802896169371,-3.3349647601313226,-0.3102920614233891,1.2688040384363808,0.17996236937872112,-4.875321208088269,-4.619355024854068,-3.6041597648202415,7.168346826870112,-0.8384560780532305,-2.02431512986553,0.6199943132797743,1.7989646217516386,0.051071159864559464,-2.685271028127425,0.18401257230342136,0.22037155620536525,0.21609177333432025,0.20705002171224335,0.20178473852227646,1.3460722260810318,0.6119491039236601,0.0,2.934259947891167,1.2867170457347834,-0.4817681403971471,0.5573830352702894,0.7729262712894808,-0.644767284230678,1.48416860684431,0.09581674410390396,0.6823421137341018,-6.899852266162098,1.7366973734415654,-0.3868800717478722,0.7738975014004227,0.5684001713778746,-1.285750133701181,1.0723651586201772,0.6502524393990372,0.5451443291135645,0.5035860730632895,0.4844923827932287,0.4766124329906879,1.3578264826790185,0.07105549059554697,0.0,11.6729779468269,3.1016697695990314,-1.1832270072714572,3.0407289583334927,-0.019247802147549956,1.5689503898374413,1.0373164300863231,0.6937107754518115,3.918202354559658,-7.628355641567374,0.2696009510960746,0.05483271535664058,1.7191413551941142,-1.8087543670519703,1.2192517856394185,0.19733560988927912,-0.2741006809470381,-0.00873607659843112,0.06485078241919418,0.1002228886897335,0.11535672922763485,1.0136353701823495,0.4485315482634713,0.6,-0.4485582716197181,1.68246045952554,0.5465656387404476,0.8400606617868293,1.5218642340829358,-0.5698022582672232,3.146455822992606,0.10929142164839067,2.837317590522185,-12.192491473452634,1.7203122114907248,-2.4484719952135467,1.4675162182247499,-0.038969541078639265,-1.1985561140108183,1.3737231401585868,0.7265235532863603,0.6229845105744802,0.5720195994084116,0.5494106125347823,0.5402916118121971,1.7691264550382535,1.554811957756946,0.0,30.567147791569052,1.4054086322998869,-8.797112654717498,-4.289180178608849,-2.8065160822923234,-0.9797096192335204,-8.66154808966253,-4.338272092666384,0.31460787666823153,-16.59531779693674,-8.170584484705866,-4.527987699782803,-7.414873387816789,-4.078649302769157,-6.681297052408854,-2.0863751094478094,-4.800019532022264,-4.883379169209039,-4.9152877082707,-4.923657653651144,-4.925585716851492,0.0004453646967766043,-0.001790989103958911,0.0,1863.4954662040122,0.05442358071252329,2.0327857865749195,1.9570588437135823,1.8797216796118332,1.7651437227279274,-0.788687821302176,0.9728536000067578,3.13100183153572,-8.889035547392618,0.2843168355351864,0.6896509078361532,0.8362464627957706,0.5494958890147501,2.0312191681590903,-3.3796287685208317,-0.451039207776951,-0.17557390748375212,-0.07680837086159897,-0.027383269444133163,-0.006213502121159564,0.4279779232118287,0.5383793072510218,0.0,122.21849851600685,6.414549385139956,8.124800466055571,10.212505662846462,5.62876477481905,2.1465487551742632,8.606982508792765,2.9389141365451747,0.3984728966965481,18.79708779326511,5.198253276950752,4.291944046122946,6.760169863862384,6.479383663243013,4.952959509921889,9.336181176948019,6.817574798341278,6.248766429019412,6.119405677777313,6.05942526229171,6.034061608194853,0
2022-06-08 16:22:56.725446500,-2.745499753734334,-1.414711174205298,1.8257967332155416,-0.4577074909629497,-0.5961691169956923,-1.6006284785764366,1,0,0,0,0,0.0,-3.2616234241520883,45.7171202047202,8.028491140437946,0.00022429946114003936,-0.2921162775374508,-0.10404835879778787,-0.050168782557303865,-0.0035115328073386572,0.10023711416896,-0.2200413687921482,-0.037150314414506884,0.5163699517227863,-0.7698552374528963,0.06996826393107068,0.4915989844419622,0.5676994309120649,0.5906275978856061,8.116940625000002,-2.446227141685174,41.63749170310519,-1.0008625649339842,20.766409315404307,-0.2474115119406273,-0.01669899705094481,-0.044151355230449774,-0.05617966028959096,-0.09003387651746476,0.042697849814647214,0.050460054683814315,1.8213500143416028,0.9608335197411102,0.8916326104051441,0.6261603534705057,0.6068163533502066,0.7269884141906441,26.83373275261075,4.798927802744918,12.139246587405989,14.387849102928815,258.15752020342154,0.10926345443193283,0.15708967917072247,0.06617946565356221,0.034702789690322,0.08627966522349706,0.09219687636026144,0.06823655321099907,1,0,0,0,0,1,0,0,0,0,0,0,0,0,1.4226469716871837,-14.658726856641442,1.5,1.4371077216497885,0.028992722706836282,1.9084005722397364,-2.9231582234872886,1.295846228485868,2.1909131915114566,2.2072738995545453,2.5487198879741366,7.2059356666973065,-23.99213784700815,-2.6089907491331834,0.511574244086916,-1.2847850884639933,-4.50924580195624,-8.430582310084544,10.40353074872658,3.8549885863997178,2.808418465316255,2.4283165813748337,2.262207309342417,2.195715489566927,0.90610702062881,-8.233258007148796,1.5,-18.09358019932034,-1.5119407873518802,-0.3232131761856536,-2.5956086553714237,-0.3284836323345777,1.256738810796273,-1.050819284342996,0.13987580813823985,-0.023083375248262872,5.901145300565567,1.6094838404539007,1.2091532773743359,-1.2992002726144514,1.3797023740609944,1.1420537916235227,6.04770265212235,0.5577660343445795,0.7287081274842145,0.7540364959658771,0.7583822217393508,0.7588675510354307,2.1595834277421466,-33.56448797354859,0.0,4.720535989373602,1.3420845512349766,1.0713709404234404,2.2507644721265057,-0.5241308055689472,-1.691463806081308,0.06472041499350327,-0.9991576440630798,0.4894880509433809,0.7900954195392951,0.2750200779817298,-0.9117415357256896,4.283061294516624,1.175004488289938,3.838187692701203,-6.430931224512161,-2.573597974509716,-1.914129773014721,-1.6898023188580493,-1.5882031276053472,-1.5467294471157533,0.8438081528344928,1.8041885790562977,0.9,0.4823679881616086,-0.8820204928218773,-0.20506740214790986,-0.05500127077661132,0.5453551479550849,-0.1990673522095011,-2.1560444653113326,-1.7481078386393865,-4.115285546649237,9.546416415480143,0.6041493992417095,0.23942065269248625,-0.4182356198807219,-0.19880229363390603,0.21955127442217506,0.5068898623693191,0.34482286955547997,0.2855239007605471,0.2782410976234017,0.27542022642350195,0.27430728711861874,1.9245929540453388,0.8250931012063202,0.9,4.165379466730879,2.452713595215615,1.7617668469018102,0.5622945291496466,-1.0853270447182868,-1.2590851524814866,-0.05147609270709974,-1.5343271262187008,-3.5655577523662343,7.062936539483752,0.5964204549784806,0.991008757962095,-2.3049285015308683,2.1964386044457025,1.9155777977741155,0.926620634258706,0.3329583581549057,0.5457992773317523,0.5795518690719201,0.5915737090461329,0.5959975498429521,1.344280383921546,-13.863054700586385,0.9,-3.3275478917181878,-2.2876934388115564,-1.6138455012933428,-0.5437914273786995,-0.6379913756294724,-1.3561656627651788,-3.8689948215563272,-3.432939888878188,-7.389227968822375,13.876755514324042,1.3476972146245991,-0.31559857503897204,1.3081675780411774,0.6807410290243445,0.1661737927809368,1.3559947765645963,1.0642031544347716,0.9931965824064064,0.9763048663801054,0.968454816848098,0.9651903615115474,0.9350368914433794,-1.757892169083965,0.8,27.24415379383031,4.416372765474191,12.074700963473587,9.151047457505381,9.706579316860443,7.515953212608861,13.838472442110614,11.266836577489428,32.216036678251726,-98.03959643109026,-8.933372222309467,-3.0238846676296305,-3.3155999824348346,-3.978316554050485,-4.273785451214553,7.078770236163182,2.21386814736947,1.537557864328905,1.3549430047686672,1.2893644433385036,1.2675241482229744,0.0007277161200260631,0.004318585420897297,0.0,1861.1962303081395,2.2749886278010365,-0.8857878074660448,1.523139007582472,1.0985296726838671,-0.6858153243032916,1.2163819696222051,-1.5783573718311743,-3.4254035299934102,13.44174554039549,1.4348701501796841,0.7567646484967554,-1.0790197819624936,1.165959199990148,0.5372131389516426,-2.6577504484008263,-0.3807454823770939,-0.08427957852480006,-0.020402448094365862,0.005518649965406297,0.015725474400476003,1.0488909921447358,0.2892261950233868,0.0,117.04350072416284,-0.38740319080520536,-9.216068550065732,-7.494137143292372,-4.524639183782373,-13.022007553334925,-16.189199354539426,-18.30700387491531,-32.10675237298571,105.20821519163765,13.544646564472751,2.057531158310999,2.9950037464401227,1.7926899320412453,0.903790505257005,-2.9044070363181227,-1.94516915594802,-1.6261657180872433,-1.5623746185361045,-1.5487639120240648,-1.5480625020739045,4
2022-06-08 16:22:59.475446500,-2.048659672266377,-1.5357836664653408,1.3172473413646089,-0.2515585629613533,-0.4677761403873094,-1.408603465145984,1,0,0,0,0,0.0,-5.089667564431793,45.64211775589483,9.706432833055855,0.00025301172795824515,-0.2920749483603099,-0.1219583271655841,-0.03337291933370218,-0.0036164670170695055,0.08537321171496541,-0.16973511464501312,-0.018857657887133332,0.4549857620351876,-0.800497940408803,0.1070925054622868,0.4852961041863141,0.556201330302665,0.5556702480855183,5.780133333333335,-2.5214553380983777,42.65484533087281,0.24329492592527616,20.719337087550482,-0.2555339979271593,-0.030501092750384113,-0.04522210772623625,-0.055090550065508254,-0.08764657504795212,0.03772637019614443,0.05197791440411412,1.882062782627556,0.9553052171759622,0.9209131728887894,0.6322335639046504,0.6219916564788879,0.7897433023519922,22.657979050211118,4.7889482848339435,10.451758512861547,12.824618459905492,258.1593518684207,0.09858506110566546,0.13806421969062874,0.06549912277401754,0.03550213263314017,0.08969043086612677,0.09953511692885517,0.06573347603340339,1,0,0,0,0,1,0,0,0,0,0,0,0,0,1.9198057111018303,2.509402538355036,0.9,-28.893895901832657,-14.746261030375551,7.160689107543957,5.234584391285252,-2.766221349186034,-0.29223318195285497,7.540918001543877,-1.381232921521886,-16.507474857859727,34.976116972474216,-0.2619725617340665,3.2114889217112714,12.607170793461087,3.813755590972213,-8.902856168375985,12.788827442023225,6.533267940951173,5.0810721057786905,4.5749080578176615,4.336807827315859,4.237054010242914,0.7897158933884733,-1.6207794203871162,1.4,-28.172400301198287,-5.477527680876764,0.5543867296443201,0.17252517589452654,-0.7429129819568405,0.8369413265299026,1.6220363096705692,-1.0462560202113071,-2.744966487795752,3.620848581200295,2.2103407878302983,4.750430569794037,-1.9233657946006004,0.8257228814731674,8.235042799743885,3.4091717211143804,-0.9683604103950072,-0.1373837208855334,0.11783789771980603,0.2257159098243436,0.26890108743628993,1.4360083339479677,-1.3729243577032595,0.0,22.857629500174173,8.543435725593248,-5.205614345568137,-0.12620560642658507,1.9717272410739044,1.7259845323471157,-1.1567281921059245,-0.1964442345164064,6.065003488683888,-6.921114436479279,-0.8201536662066116,-2.2612642086362404,-0.22541624350101985,-1.3879090332371151,6.893100409748131,-6.127648081711596,-2.4516702838635456,-1.7595590797630694,-1.5200634067235383,-1.4099344048628268,-1.3643182466428196,2.0213466324738207,0.26159819383633665,1.1,-3.4629937166214124,-1.8154843541671872,1.1389404362289337,-0.570038147640191,-0.5021419521897611,-0.08740585183038296,1.2462123082916268,-1.6337483280682388,-1.8308735503405127,-4.086946883034384,1.4622952890406444,1.7317174066575207,-0.8453135932136281,0.3251048657029801,1.4597763642507615,-0.18447137447349035,-0.17726540590746018,-0.09405237139971148,-0.06449379071071842,-0.051569655168160894,-0.04638165145158911,1.7686174071420542,0.25747162774623056,1.0,-6.135591204882326,-3.6095532124273486,1.4607035630445422,0.03163203948686072,-1.8128736717324463,-0.19746261064686094,-0.29451912417706844,-1.8911583345045624,-5.279236390990817,0.35374957665251083,2.5081490181759145,2.469936723332917,-1.4653277860287202,-0.3715686942737288,-0.801467376913048,0.1545139564812838,0.056786386983175674,0.0386784341412556,0.0453301051158046,0.04759213171963556,0.04823793556723155,1.216161089660981,-0.2982358421656806,0.2,-20.126744807143535,-8.957699806594691,4.2069440343374644,1.6570738152229163,-3.566033646117273,0.0727898723342024,2.4061937143296435,-2.904918701332928,-5.343122038026119,-2.811757286498178,2.304043977119689,2.1316164185180324,-0.15676568559151124,1.4493611427424768,2.0321883399396725,0.6070928538742201,0.5943430615434272,0.5986996545935226,0.6028760127147592,0.6019979599848782,0.6008702415666585,1.1672203659866682,1.7895833674556827,0.9,-37.93216343214298,-29.09351654008067,3.3855127122398168,14.95462390483396,-1.2444718992665518,-7.637578676063693,8.332346535917706,2.2762941817075135,-35.8137706087704,114.01555703831959,-4.292248381285681,12.539742581263365,15.858243235190574,8.088100520334866,-0.6078369090754911,15.067415365577347,9.50866801469379,8.677913901041252,8.339731588953498,8.169909971422639,8.096070337094705,0.0003691154161088189,-0.012649404799574793,0.0,1862.856810811983,2.0523584154409207,0.20535504347469669,-0.8002410088891452,0.7228708908756403,-1.0725629818271043,-1.867301188723303,-1.941822836783757,-2.1522249259791693,-8.151382682717802,1.316260488179708,0.20290003685475,-1.7119718577518201,-1.7090234786680367,-0.8780763362643356,-2.212394295231263,-0.4144354680233349,-0.4605461240158206,-0.4823808943371759,-0.492470500270727,-0.4967815615563724,1.0099414402005538,-8.936783182706764,0.0,197.1361221809893,35.64288890716188,-6.414041611536187,-22.52108936510476,5.678809409406064,8.779388837354446,-8.322478206255532,-8.874562430005646,42.156193694991,-123.47970440378721,4.685643619209586,-14.543135860078635,-17.015442193262288,-9.068217430280338,0.6518215769889739,-12.748044298327411,-10.036440914055015,-9.278696804460786,-8.996026966777151,-8.849332632039035,-8.784423368363033,4
2022-06-08 16:23:02.225446500,-0.6639271599540106,-1.9213606381773367,0.5702114115759733,-0.13911145598951266,-0.3204399382531564,-1.1142980667947262,1,0,0,0,0,0.0,-5.591135376552511,45.48987999964554,9.748260142903217,0.000281723994776451,-0.29094834797191305,-0.12230465626688812,-0.035026222262626874,-0.003768046471409597,0.07470888912049875,-0.08397455074852561,-0.00664413172307405,0.42740429374573335,-0.83904027018576,0.1285178810498578,0.4804698836382004,0.5468950168895129,0.5268435700789174,3.627930208333334,-2.483004486236809,43.69155932286677,1.4739844471445818,20.42297789322249,-0.2639020624895356,-0.04387851611594493,-0.047501058858859184,-0.05360391868181477,-0.08564466006110462,0.03455544368153365,0.053847602137933735,1.8980789651248136,0.9569292398214192,0.9282889006360392,0.6363266641383941,0.6329146565401156,0.8309825224341579,18.188513801969968,4.756460506633526,8.18932805977365,10.955235460137812,258.10185572361604,0.08475075391184789,0.11618921234581095,0.06330031278754669,0.03619676497555405,0.0923509990428832,0.10236889521165696,0.06261612667014266,1,0,0,0,0,1,0,0,0,0,0,0,0,0,1.4016362816608798,0.10704857749611307,0.1,-45.07961002199495,16.006537489863053,-8.828298618693434,6.978765740807111,-5.926432414448182,2.0450430971138958,-9.09701668342096,3.2513629331498968,-11.465288511558795,-21.657298949774727,2.0478101630274756,-3.5124384909119715,4.6226569542977884,-2.080275414927748,-1.0845152445631203,7.73130986171018,2.8346687879451204,1.7208820753137517,1.3015486060068049,1.1041453925177738,1.0212247732761566,0.32611498537530315,-0.19831160634086129,1.4,-41.57761495972032,0.959342924269567,-0.4875348325165661,3.653361877699166,1.229726066647043,1.6229609077578142,1.6299328739276735,1.3429379707517937,3.5848851874398333,-3.4243172317689314,-1.1125963781548494,3.2776033232521815,-1.249327385597529,2.1220629826373925,4.568917150851392,0.4342171562245257,-2.257028304023199,-1.1322318047233466,-0.7802323496911514,-0.6146986533468869,-0.5455227523804027,0.9096926915519358,-0.7845680354237882,0.0,31.122087143480076,-11.156263313814593,5.01393309596988,-4.74995679692168,0.7925029915158001,-3.402027182338851,-0.029570310147798207,-1.9655159616288629,0.9709256705235758,5.752140411015833,0.3721285064904192,-0.29237800826850346,-2.678930105483768,3.274241634592055,0.5148626065029593,-4.461826947015896,-1.432304961627851,-0.9747272511337316,-0.7966407509334169,-0.7167166894981247,-0.6841447948044911,1.831306197713176,3.45886936948943,0.8,-5.1881717239712755,3.0272601095716007,-0.7332632655721689,1.4658670723940301,0.5910711071753831,1.2990053675233408,0.5044374950862998,0.7398909304057473,4.505059170714142,-0.9574784138951248,-2.952656243641347,0.4985062853833772,-1.4126377849373912,-0.2033746172510568,0.6790499432773439,-0.6900934484605112,-0.6271805883642398,-0.4251253660521797,-0.3569143242055015,-0.3230196761038443,-0.30837260701904085,1.4741909291519149,0.646632989349227,0.1,-10.084036670458936,3.5174589623096884,-1.3924217297576729,1.856601642831112,-0.6442217910077246,1.339169027552828,0.5020632619488643,2.0581902960616305,3.026067543930828,-3.818457006327247,-3.473510402798277,0.6318233608865731,0.04319725070799574,-1.1813494275567964,-1.2856037709895471,-0.2979602231043109,-0.07781988310499421,-0.22784729011287524,-0.2392653458656229,-0.2386215597148434,-0.2370840327185897,0.8264690382518951,0.06749564738857468,0.1,-32.295879686535834,8.379329509686768,-3.3220236370045866,5.274728486931667,-1.6487012636358982,4.028966502922423,1.189003785072507,1.891203524318024,6.9361017155175375,-4.286518411410952,-4.61504457232237,0.16075215696826395,-1.7540732995681063,-0.4583601683442238,1.4903413915914931,-0.6318480540480484,-0.4903761556877597,-0.2854496805426345,-0.20648296313153106,-0.16603588342401945,-0.14827749260706158,1.0624147798980212,0.2082553203863859,1.0,-108.9753775494059,5.31633555465697,-7.831249454171622,3.997195582319732,-12.033572625685913,8.801342282873842,-16.150100836615742,8.000154255992397,-38.320265101440675,-57.07080132794921,15.982651198299903,1.9478821140656215,3.3493086477535954,1.1012540080839184,-0.7737498539847492,7.341628127350368,2.3681658549486144,1.9337094059948967,1.6958300410594762,1.572296189912386,1.5179196952859932,0.0001947966908872653,-0.0013267964693123376,0.0,1865.4133885072574,-2.5758049858575878,0.604026529880457,-0.4405478445815163,1.324200188065845,0.4763457576714387,0.8435876620553701,1.5463854355737112,4.364469253642042,1.4686055865539345,-2.8209855234774324,-0.19494486622991047,-0.6471624222829888,-0.4038351969906913,-2.002895743904212,-1.389919070054603,0.23562949103446584,-0.028152210517674806,-0.07125454315946911,-0.0871416788003323,-0.09270308916329917,0.42326473787505897,0.12647651617111072,0.0,276.57808299683643,-16.50892675853529,7.814605117673185,-11.431303530506227,13.415495932966195,-7.918529924297125,15.667154194381173,-12.11922287518335,42.685056869627374,62.42583217950882,-20.450061443574526,-1.1467578996765972,-3.0849416858372454,-0.5063395894040799,2.3517339054015647,-5.777194249971597,-2.232568301296034,-1.8591640638913915,-1.6395855346357786,-1.5275269819185722,-1.4786070540997418,4
2022-06-08 16:23:04.975446500,0.7049251131187811,-2.3211886880000616,-0.1658977405128063,-0.025536990134477917,-0.17341923606081014,-0.8114881661180258,1,0,0,0,0,0.0,-6.0886039740250055,45.321685401377366,9.783398471882483,0.00031043626159465683,-0.2897026200140476,-0.12257390161358947,-0.0364162840312169,-0.004041122680084993,0.06303597953533062,0.0012355358546344913,0.005803632889622392,0.4283041422705457,-0.8870568934908077,0.13263450592169276,0.4788614693482023,0.5420806465113902,0.5055357557241932,1.3919145833333342,-2.4622722184437094,44.681363595506824,2.70603389324324,20.421897388022302,-0.2719668769419391,-0.0572227889895998,-0.049632720627080816,-0.05196185660342845,-0.0840047781255225,0.033284657072815645,0.05598007343168565,1.8980217538865936,0.9671910376744524,0.928272431089303,0.6375286092875271,0.6379955550143158,0.8561018173409228,11.0998172761859,4.735524819331651,5.157195620083801,8.515157816318734,258.10194118900984,0.0685373882407907,0.0873403962901948,0.061233166713693214,0.03673061584259812,0.09437181769962227,0.102966471968814,0.05904628539997051,1,0,0,0,0,1,0,0,0,0,0,0,0,0,1.3629837902386857,1.1889511149411782,0.1,-40.380400813824686,24.799644228893513,13.428066817549036,2.2883355463779065,-2.5777211912249545,0.15547509309645058,6.626923240612309,10.939249858400931,9.48244623353708,3.2681547513244236,-3.2566855227071305,-5.779574263613497,-3.2677565175064576,1.596843244384908,4.777243873093835,3.7504719334760552,1.3044441948332832,1.0074515835315858,0.8780564887223328,0.8222207579609748,0.8003748768819795,0.21604356370298747,-1.4375265090494784,1.0,-60.31565734573531,4.004470850221568,3.36097514861164,2.3567577203964545,1.2763218136818502,0.614083245830094,0.8242276098609067,1.9643583905210233,3.526857016049457,4.663389675795251,4.714618104650597,3.683330631492996,2.2710561277120886,1.3834559277198013,1.3804480098311516,1.1006610070579228,-0.3085277457691584,0.20196878466954526,0.4373446953089553,0.5473066706421906,0.5931758136414598,0.8338126541790241,2.7565085097649944,0.0,31.49733108167121,-12.568195824007692,-7.435463192227861,-2.0600995315487842,0.9789348759511318,0.865773796934481,-1.176660980731207,-2.9912340912856297,-3.092852986242073,-1.6050893153129289,0.07305120001944665,0.5009707789609374,-0.6670099843375793,-2.482348456121417,-3.4998114960348414,-2.6627380809607053,-1.0410937046727526,-0.8734827132026961,-0.8007471901497938,-0.7659233717209517,-0.7514010480376345,1.4302258888065649,1.721727609310846,1.0,-6.9493274572166035,1.9779698318173224,1.4143289294337478,0.6022310945056237,-0.21216370064464773,-0.6906947253692695,-0.5541880051048635,0.2269405004012056,1.3478520409064214,2.290512266303932,2.6082843725909077,2.195810881019351,1.3510074610467362,0.5677419551138769,0.18440751383126933,0.08455617807804935,0.09946253703840936,0.21896967475275494,0.2598441970902881,0.27704744574268125,0.2837946377817881,1.0795074472255484,1.9198702185438608,0.1,-13.094525890858526,4.277727669199962,2.6205443793024448,0.7823030483501396,-0.40660709594649536,-0.5352521692344492,0.2277332159876211,1.317038372213228,2.143261552078869,2.404311704083768,2.161880486219637,1.6894753300035743,1.2457342423819,0.9438786086150376,0.7882867637528526,0.8880186921547784,1.0081867014521768,0.8563014709496017,0.7989623384340846,0.7725402032428461,0.7614625049071659,0.5653428758738984,-7.350658786096253,0.1,-42.92666070412156,10.432817482867092,6.1669575105417405,1.3618634477603069,-1.884361588385508,-2.487605346277156,-0.7971546292679483,1.8242768820666575,3.905318438665713,4.650752270740492,4.167028696658504,3.113660346890044,2.132179263135007,1.4722656279309965,0.9978384437615492,0.4205957857106337,0.4904983919143287,0.6858423507687017,0.7457357392027631,0.7717958443568327,0.7821995899565055,0.6277166753036835,-6.578009398972912,0.1,-168.91328430892548,35.27530327772058,17.933661143312627,2.4091741564717393,-1.368669454945831,7.891544573987579,22.284087600765663,30.675281745925478,26.65033662876279,12.645375716858762,-2.461824439088206,-10.102617215369769,-7.879092451719805,-0.3454649979880031,5.356208504478895,4.722124113957668,2.007853780037837,2.219541670444096,2.3428095753988747,2.422065263639264,2.46098209799318,7.820936909437646e-05,0.00468197565970242,0.0,1865.9146073062216,-2.5426225201645707,-1.4660443918221515,-0.3982658619457311,0.10964951872762184,-0.04175475102178439,-0.46763775268483704,-0.6149691821199781,-0.18708632227359345,0.6353173230845996,1.3310028256077049,1.4230142080485493,0.8287814207190358,-0.0662193053960678,-0.6258415617366921,-0.010119987836205269,1.0605485825741638,0.8023018193360941,0.6926737236433596,0.6409582753638148,0.6191544650773713,0.28512433711946755,-0.4863433508010431,0.0,340.87249746298767,-46.42456599834952,-24.852926043559638,-4.980014351059609,1.1413548655464432,-8.323951202333788,-24.25983301166163,-33.614052157074106,-28.78631736988265,-12.53491491619602,4.831328602621591,13.38398395370732,10.453311076354275,1.508836363383142,-5.032067990149732,-4.169052365635388,-1.5296906914047188,-1.7256765270457528,-1.8461722154587763,-1.9326293880049532,-1.976425770976588,4
2022-06-08 16:23:07.725446500,1.977476026963633,-2.6599802016058423,-0.8550166404780805,0.09538800302761784,-0.024802304309964763,-0.4982899431799126,1,0,0,0,0,0.0,1.8288054958644275,45.82600299594753,4.331670931318278,0.00033914852841286256,-0.2938967179561515,-0.05836375041506271,-0.1180992275672786,-0.0040908190302198656,0.03227250207863467,0.07188591650646894,0.015514380473611188,0.4500246469831105,-0.9410405646226341,0.12435619784518735,0.4829231537120583,0.5552191676626277,0.4801038149004659,6.804741955098356e-16,-2.3148115174071706,45.29749117853217,3.5373550963939797,13.109059385764052,-0.27861575579075204,-0.06498739498143243,-0.0517331976004541,-0.04934494716256161,-0.08186189680916711,0.033186223234705235,0.05855493460279939,1.8999871340279468,0.9876359184457218,0.9289792187852596,0.6269917837031944,0.6068995083317826,0.8567513626813249,1.1235509289549365e-06,4.269312362052223,1.933548778108236,6.743383899228894,202.8403578023314,0.03928319950588698,0.07044600582276507,0.0553978855988033,0.034042881167204775,0.0944655516475767,0.10250596006753923,0.05376219609072006,1,0,0,0,0,1,0,0,0,0,0,0,0,0,1.5355494596160897,0.791651945275615,0.1,-17.079853095780475,-2.494298229073671,-2.494445864830605,-2.4947090393267195,-2.495117055280424,-2.495719447537522,-2.4965980631315943,-2.4978898581654474,-2.4998315223911733,-2.5028517981673537,-2.5077766036252367,-2.5163275534267613,-2.532478853305673,-2.5667223182252004,-2.6517319672677306,-2.8540403675699104,-2.6066389967580763,-2.525482402824082,-2.5249579374351803,-2.525276236548326,-2.5250726936854004,0.0232438483193708,-0.2536627630547641,1.5,-80.71289067916858,0.8476460248950008,0.8489457847195663,0.8512003331419669,0.8545551097354229,0.8592432276173723,0.8656245486774683,0.8742544167066444,0.8860079221661672,0.9023156486560264,0.9256409748931472,0.960529449970581,1.0161593877474036,1.1132042460088405,1.299843965499022,1.44662203250676,0.3115316984097878,0.32831607335763396,0.4229891265975188,0.4713350483100252,0.4915748584653805,0.6296766476692339,0.6353808157155797,0.0,17.878594923287523,1.3160857978298883,1.3160865442573502,1.3160908636431312,1.3161043065329423,1.316136896564852,1.3162064807627596,1.3163453335904165,1.3166136839678833,1.317129012435138,1.3181342360569472,1.320171630469495,1.3245826498110411,1.3351965724816175,1.3654650313328325,1.46159348946747,1.4097270056925832,1.3600008328506596,1.3518134926428982,1.348563821680018,1.3471524170135427,0.2646994661589875,0.5014558039121036,1.4,-4.7529454746075315,-0.20053021999478432,-0.20040414838273884,-0.2001853134921652,-0.1998593505727494,-0.19940322664312696,-0.19878138462944028,-0.1979390014749181,-0.196789919996604,-0.19519412377478776,-0.19291334070607866,-0.18951783621960666,-0.1841787922985389,-0.17521592680659542,-0.16002302984522102,-0.1661364937005159,-0.2761470961630887,-0.2552951386058134,-0.2415269672251047,-0.235557099317747,-0.23322098665976726,0.09040902345524643,0.3217074190866235,1.6,-12.127654999009607,-0.2892203389512153,-0.2893108397682113,-0.28946749016759754,-0.28969980572637866,-0.2900228811178404,-0.2904596731969861,-0.2910448800627813,-0.29183161982169264,-0.2929032419755127,-0.2943948167884249,-0.29653251466235103,-0.29969801386541123,-0.3044302346322457,-0.30975778849625674,-0.2799459034378016,-0.19960735292052745,-0.2333340683939158,-0.24839615033365656,-0.2546892165061224,-0.2571443482251233,0.03657739173598015,0.2341658783377284,1.4,-43.2756712472843,-0.5740919798687045,-0.5739444881023625,-0.5736900256495225,-0.5733145739500296,-0.5727961770871537,-0.5721020257825558,-0.5711836644808606,-0.5699690953141379,-0.5683496311147448,-0.5661580539850468,-0.5631350089942591,-0.5589021722958869,-0.5531946426087765,-0.5496173017429582,-0.6177462806226233,-0.7597490635355284,-0.6909972964262433,-0.6602818992210764,-0.6470294865567329,-0.6417782407883486,0.11641533794325958,0.25646465709404725,0.1,-223.91929066133358,9.93525542754471,9.60036292758464,9.051040972935779,8.300330059565702,7.366077927994794,6.270546502395708,5.039930089620265,3.7038043779162586,2.2945327691900177,0.8466645198617702,-0.6036424158231489,-2.019237234548632,-3.3636584970489296,-4.616200574139752,-5.923329299149323,-6.452287897880304,-6.301289379638719,-6.26916538484654,-6.262085676559765,-6.260915665770148,3.3611503937354344e-05,0.00047300680228892734,0.0,1864.3295343295956,1.1029226260839664,1.0602345711895111,0.9902017130175408,0.8944680322718739,0.7752822540405475,0.6354472067388741,0.4782583257883744,0.3074353430586143,0.1270554123310461,-0.05849188081712243,-0.2444648297778613,-0.4253991231131522,-0.5930505967558517,-0.7194117473284507,-0.479297223855049,0.3843967684365737,0.2326105537539789,0.15896994697051525,0.12921966711573066,0.1179024756996494,0.020588666467163844,0.12640381934155676,0.0,392.91657021075935,-5.424267430729699,-5.235619232050971,-4.926377580630419,-4.50419824929822,-3.9796021212807315,-3.3657963694980677,-2.6784749866174256,-1.9356312273202896,-1.1574392022982725,-0.3663121842237089,0.4126441509198049,1.150310969324691,1.810487387861976,2.3515086637121048,3.114554014804668,5.415969659536643,5.71567258171332,5.804507593267523,5.8570799926625945,5.881766591977322,0
2022-06-08 16:23:10.475446500,1.4497261356945568,-2.2109822262589205,-0.5645112109341999,0.2442228669041813,0.1374922998884098,-0.14293487999855586,1,0,0,0,0,0.0,7.477651288267503,44.684325429035404,-2.606551110803609,0.00036786079523106835,-0.2822063365215268,0.015320375411092168,-0.16077876091821974,-0.022158171312236984,-0.023433215470268283,0.052856436623497864,0.022227667348376896,0.4633484540688454,-1.007395393621134,0.11530801097686655,0.4543089444684731,0.5401560159516647,0.4576725105285317,6.804741955098356e-16,-2.108379954186189,45.421766371003955,3.7025535375736047,13.109056045425842,-0.2799383801795404,-0.06615685180723868,-0.05444116853470198,-0.04746280143906372,-0.07836876265956838,0.03252335622630528,0.05704454511136134,1.8941174886252887,0.9938787384160562,0.9174524599543694,0.5861468115602163,0.6019590871110164,0.8534524136080246,1.1235509289549365e-06,4.296306034552506,1.757089006723794,6.625103223975781,202.8403580186505,0.03865776885966105,0.06953833382633548,0.05609577657342291,0.033741091226237224,0.09372405310160282,0.10007956223831492,0.05198320409508718,1,0,0,0,0,1,0,0,0,0,0,0,0,0,0.6731980866605562,2.9174826459113454,0.0,37.148808790199354,-3.6358739900746193,-3.6346939737197,-3.632646603415525,-3.629598865305407,-3.625337305873444,-3.61953182406479,-3.611671675830689,-3.6009489196937765,-3.5860346819814537,-3.5646169870637543,-3.532345467661368,-3.4800440552164327,-3.3842424549017207,-3.1512088531279296,-1.848898622882576,0.7930150378051681,0.4795046125153328,0.33352904866952915,0.2760416290402473,0.2544546751614524,0.029176494687813463,-0.11234067333714497,1.3,-97.27801514554126,1.3092989966844577,1.3105615481489803,1.3127288087117686,1.315901102976223,1.3202311788781156,1.3259379996283025,1.3333262017609897,1.3428106335247838,1.354938661437905,1.3703759821839523,1.3897112480015503,1.4124223798613031,1.4312806223394672,1.3886587630637584,0.5693291947466124,-1.1610144766437376,-0.7564115136308385,-0.5817238024296894,-0.5088707347328434,-0.4801436799505425,1.4081518902358312,1.2484119908228088,0.1,-11.107034516889994,1.9403928851905892,1.939587840813332,1.938195879855368,1.9361349270280892,1.9332749475842317,1.9294183388339423,1.9242662403618305,1.9173592951472145,1.9079686824206783,1.8948822777873289,1.875945508733574,1.846931915853137,1.79792904974278,1.6907623875512088,1.0793872729244935,-0.3972954310631703,-0.2892777123588195,-0.2133158351958839,-0.17851562970328916,-0.16426867741492415,2.9046455509394487,1.0988572773331016,0.0,-0.16028155374612055,-0.1805275827697091,-0.180402365026212,-0.18018640245461,-0.1798679348339238,-0.17942860837461574,-0.1788411504226904,-0.17806563750125473,-0.17704358814118235,-0.17568881799881325,-0.17387447684318522,-0.17142183551723855,-0.16814021670776005,-0.16430668985849434,-0.16560511280198975,-0.248606095470503,-0.3720169393251835,-0.2923351578056501,-0.2605349666980442,-0.2472855943650834,-0.2421106627369876,0.3162446932528334,0.5214635662333591,1.5,-5.9271987321635216,-0.28662629524044536,-0.2865194259724723,-0.28633407534518895,-0.2860583225568442,-0.2856730559970809,-0.2851487570995697,-0.2844398256133288,-0.2834742699438784,-0.28213399733409633,-0.2802144098702033,-0.27733368806480274,-0.272703611277189,-0.2644591897922296,-0.24754365873998066,-0.2233428346706731,-0.3126142385015352,-0.3232821175005952,-0.31901360605980345,-0.3162088960601086,-0.31493644355405964,0.060581251899097535,0.2947156368323456,1.4,-30.872674926494568,-0.528677254755785,-0.5284239215602837,-0.5279861469546496,-0.5273385866415663,-0.5264412710213435,-0.5252338919417774,-0.523626218894643,-0.5214818628943061,-0.5185901501823562,-0.5146163874249762,-0.5090150336917038,-0.5009066532670949,-0.4892380026900734,-0.4782232378492052,-0.5785376226081782,-0.8209371209306092,-0.7135787841874823,-0.6646185617712197,-0.6436009013924021,-0.6352974343958142,1.0908893444131609,0.649818326007807,0.1,-141.86354637556772,54.90794650161234,-17.530686691224744,-2.246781127554492,18.515794590369183,-5.174819514525229,0.4122932123846184,32.12692605782561,11.453579984891356,-34.59279265607402,-33.213043792139004,-8.409228749200041,-5.8709849464037775,-10.133576161322873,-7.475196708407997,-6.982613374238199,-4.780816424662161,-4.414374084213766,-4.23352582866643,-4.122331256745625,-4.068991328300489,0.00015208042438892764,0.003683774488935694,0.0,1863.4051454739788,2.6085346497253568,-1.3551209972286813,-0.6633245571978819,0.339926977307357,-0.6661371370996251,-1.1121958110982746,-1.8342627945914811,-2.9855936476271765,-0.9922310531561322,2.1541833817472598,1.4383013392739556,-0.4289915905285966,0.11275612574016235,0.3012855763477233,0.6822839685501663,1.2969572015415451,0.8889618478817667,0.7674815500438115,0.7117217110384324,0.6885855065126325,0.3443327234689953,0.3151451997229966,0.0,314.6426982064982,-41.35245797712864,12.029091251384553,-0.5801626366553663,-15.51507556895998,4.8312201478612105,-1.0827673099210957,-31.841537388852124,-15.104888971326856,32.88673111837573,38.03193614489471,10.140286411134682,2.9821764701320803,11.891693009476581,9.481392158137725,2.972468130649574,4.398521369449545,4.218630573702974,4.087137805144407,3.9958850319806416,3.9498981881492674,0
2022-06-08 16:23:13.225446500,-1.9605502325727828,-1.0656898258763552,0.1093417631008132,0.15908204189135056,-0.4920436334066339,-0.12334767519484245,1,0,0,0,0,0.0,-7.064342371621822,45.47438571224786,12.042838348460224,0.0009487328185005027,-0.288598611042607,-0.14762323048854928,0.008643795154417025,-0.01706214398892121,-0.0461112631080294,-0.09514862017211813,0.004434876858284683,0.3927306571251261,-1.0394105285310584,0.15988581314185313,0.40788960260391455,0.5158965786890034,0.4334004021198344,6.804741955098356e-16,-2.0453461824506682,45.54262885523719,3.9748215337205286,13.109111019723427,-0.2811837544867901,-0.06864487530630295,-0.05525065354949843,-0.0456285063355831,-0.07461059600588167,0.027145104636957948,0.05424500793664548,1.878985048035998,0.9602962775375198,0.8756270087437484,0.5289902906925997,0.6011141510576443,0.8593425314415862,1.1235509289549365e-06,4.362573067406307,1.5653511448584616,6.471049409642148,202.84035446037973,0.0379517720729387,0.06831813749797729,0.05690706658806088,0.032663434639268234,0.09307183422140897,0.09766499953432067,0.05121324396254568,1,0,0,0,0,1,0,0,0,0,0,0,0,0,1.2947155129793166,0.5838329591430845,0.0,44.18850047333228,-27.74082356730762,5.4996982391756895,3.503341807008441,-8.779371026580618,-1.3388801108470476,3.607265662882142,-9.172240095960156,-12.641578182411573,2.366690453326718,8.84440863376525,1.1651617320505363,-0.6089135326174686,1.5109435464970091,-4.109928745350452,-2.3657070368306603,3.6939416908549214,2.8933067010853004,2.691368160909248,2.5927332043972404,2.5502297636543028,0.2861470564671585,0.11991498372918405,0.1,-83.62837568921896,17.90974455963491,-3.657699066354832,-6.461793909390429,1.0703022229115875,0.2610616136745465,-4.668058644763866,-3.329524545866738,-0.13491270759250273,-0.058675090437261275,0.9866985272440228,2.681999910015404,0.5800202193101778,-0.9213105368051259,2.2891719605409206,0.4067603916579832,-2.053537716743163,-1.1843609860531317,-1.116754246433198,-1.1059246645144705,-1.1043422027473702,1.3961634405104455,-1.727569116281911,0.1,-17.009614328262206,14.049063794538169,-2.1656737772545016,-1.9223841529492285,3.565946026353595,0.28449238368119234,-2.1579335640115,2.831521547035085,3.715703442138376,-2.412675949656082,-3.957612357709235,-0.4521842143876715,-0.6401306581612669,-0.9993148337913232,3.667023507918583,3.4712817178304363,-0.5325064168346463,-0.3843198047514397,-0.3684545954374192,-0.36196836449790826,-0.3593971596542476,2.2788150027162666,6.069754563826884,0.0,2.960902886352185,-1.5659866213748648,-1.3741622979542674,-1.0750347010849337,-0.6974540517904262,-0.2779684510658593,0.14257844157724886,0.5228371718406835,0.8247616217665816,1.0170522704071183,1.0778451340147497,0.9962242985482328,0.7718946006556474,0.410915605860994,-0.0957118814272279,-0.8767591883268652,-0.9018409974773388,-0.6480717445252422,-0.5737670064793484,-0.5417978535634912,-0.5289099151872053,2.338951066388921,-0.10548915212372252,1.2,-1.3700105328691723,-1.8796208563299848,-1.7398985665371942,-1.5187605701980924,-1.2327294509508668,-0.9028868684584002,-0.5530529650650247,-0.20775008250844915,0.1098585493038085,0.3798580224511529,0.5871071534365848,0.7222135120938458,0.7817327175406135,0.767039706699382,0.6772767887235699,0.3920897928851619,-0.1905031055612036,-0.2353620892159951,-0.2544849468176327,-0.26670084648026593,-0.2724938254376865,0.4071497453594085,0.30677767313617244,1.0,-20.41762870165347,-2.347571315974694,-2.104128084943162,-1.7237752547640746,-1.2421212948300109,-0.7043174385537301,-0.16089565473114065,0.3368660164163093,0.7415980036575398,1.0140363202332678,1.1262718800572653,1.0634937361894492,0.8232785314940941,0.4092758688949383,-0.20118481423024176,-1.2622374106975864,-1.5419909823766509,-1.2068475466736484,-1.1098783779800785,-1.0707906133828915,-1.0556667827902486,1.3792401235607108,0.028978458223930127,1.0,-91.84498006603631,-43.333670532476596,18.84061591747539,-18.785927510260397,10.677705525927315,-7.79729391841281,-13.514288934697616,-0.36199804632319865,-67.48498892960369,-2.670669225621612,22.939160697710072,6.6028997657783846,-0.32195404422051066,6.923652229945317,1.8250095612036932,-0.2467438236239268,3.646300655976456,2.9433059904962553,2.6007801131678674,2.4229458155622545,2.3440285932832454,0.0002390145705831267,-0.0003578888775975692,0.0,1863.0266334321566,-1.4522388544780824,1.8405499374979115,-0.2287315331018931,1.0089016947042635,-0.8675760878162748,-1.2213074011861806,-2.8129152723237354,0.6099971359261431,6.073795263972037,-1.5005253795440936,0.5803747966924604,-1.192668723549886,-0.6997023848086101,-1.5941867676084485,0.390619885871601,0.5530508389191837,0.12065091251146498,-0.00442769226054196,-0.05934803714677628,-0.08179410122652797,0.4883480094974798,-0.005367664995830671,0.0,256.7392846113653,26.43086157449095,-14.982998905407662,17.803126109098212,-1.86207664925303,8.944196162399322,15.042466342891574,6.385486284749522,72.11080439762058,10.578735494220066,-28.86091691348621,-7.426876628589063,-1.9093005535637344,-8.446219366150835,0.8926864374706653,-6.0457022304943875,-4.51502120689704,-3.9020491846177023,-3.5295952354038382,-3.336926791450958,-3.2512580404526936,4
2022-06-08 16:23:15.975446500,-1.3953141748814264,-5.003226301349867,0.1014053137978456,1.2461528728044224,-0.6214206403354845,2.2998453590202472,1,0,0,0,0,0.0,1.3431611224281508,46.05416546665944,3.3703436902504778,0.000813971422621674,-0.282412118351574,-0.059045193466196064,-0.035999663293658044,-0.07568977066350202,-0.33528514969413536,0.01811338339576777,0.0955900194772316,0.311817813562322,-1.1366009399021342,0.2032003417732596,0.38129821319458107,0.4849744125135765,0.4495085954875605,6.804741955098356e-16,-2.010517365876768,45.65593850751807,4.245612169149292,13.109386873377217,-0.28222974376906595,-0.07123268731086438,-0.05494700014793806,-0.04467530816133538,-0.07576064744962689,0.023013925841817717,0.05298722667306955,1.888191680362604,1.1585685865354929,0.8442437835382514,0.4896151324987034,0.6079667505242436,0.8987474129878998,1.1235509289549365e-06,4.439025266421363,1.38492576069381,6.289199541542269,202.84033669078048,0.03733931621594443,0.06685905463015601,0.057978760447224637,0.031959893389472166,0.09825616052496908,0.09585666470337532,0.05106349656047812,1,0,0,0,0,1,0,0,0,0,0,0,0,0,1.928060325496828,0.651926373617098,0.0,26.4345706322314,-9.173138647806622,-13.60588276212482,11.309478547731874,-1.6190160253255907,11.953445056166014,-1.1747166568706109,-6.0915100181196085,1.1711551597623018,11.421311569665615,-5.621186974504497,-2.521112699591272,4.071613122917827,6.709299218436112,1.94575203673716,-6.590128050834773,2.031560097014357,1.6569181293660753,1.5408335442566834,1.4906594967243276,1.4708723364432268,0.6879131582434531,-0.2811758899900857,0.4,-102.1779846589723,-34.965874163914336,-10.456201423446037,0.5794860129250714,19.511703680512916,10.662824943238377,7.300698189074974,-7.1064991065301175,-1.9249002746067136,-2.118924389499083,0.5771086855078561,11.536854365458762,4.493331052542028,0.023833972506562717,-2.6597067470233773,0.2931949993603548,0.7936918894833319,1.0821371455890278,1.0888057552982795,1.102532539502052,1.1091614866181303,1.6305892204265038,0.31120323642631603,1.5,-11.947161387103968,2.9425059762702657,4.544154918943779,-5.1940279198692405,1.4679838948098725,-4.2628748207388725,0.40079135631460905,0.5528682965488674,-0.6442691065489559,-0.5863484829667089,1.6396945201127595,-0.532421231694292,-1.624426861834205,-1.5451333601135064,-2.8503849826587424,5.187305834724448,-0.4824742227245218,-0.32845362120674565,-0.2961020283521844,-0.2850508456773511,-0.2811357115429267,1.4842900565179298,-1.9955851336702768,0.0,11.941378466780154,4.556847257722848,3.9149746046796654,-0.8070980963103903,-2.4321471693538954,-2.469818217431128,-2.490195323323558,1.1748690132688702,2.507734599644267,-1.913411920336304,-2.6020968979142505,0.12588805046002144,-0.9516867079171184,-0.9250288624317374,1.2797337400922024,-0.9316678218397147,-0.9026093402181152,-0.7241059913084632,-0.6931438678571943,-0.6801936342486247,-0.6751421778826675,1.8412309418222657,-1.3909121368769837,0.8,-1.8660079713181543,-4.896383706320449,-0.6173286316843904,-0.4117324629350853,0.5829184809422309,0.944545741389393,-1.0114801354217862,0.1902611756206964,2.06987380614371,-0.7895068473631472,-1.7763306254665303,1.8047008978694528,1.6815611839902689,-1.2360751577528637,-0.16082354640541266,1.0041761291838394,0.1803256648536936,0.2565557393505973,0.2600609800750732,0.2602165151985557,0.2601096895466461,2.3077998210311477,2.6642112789540944,0.1,5.18164235610308,10.843580951240856,6.145319878434014,-1.8678086329560168,-4.9074831995255765,-6.153670731949749,-5.653777473590878,1.8938860821155243,5.049594506555769,-2.8252863577423666,-6.051136913925247,-1.738042167036994,-1.4300632050550597,-1.3440747727508568,1.3121697598812028,-1.6347103391246298,-1.9816763526041667,-1.6763528226871678,-1.6283995287693478,-1.6090227735682283,-1.6015189004583603,1.7599458960277723,0.532422626810895,0.9,-36.774635680459475,-49.833246951999776,-32.810028682272936,-12.615557194226785,6.073994672108424,4.7721527045751175,7.946057593749416,-11.155474161285492,-37.86894361994768,79.98767412759163,10.803426148762968,-3.278644807947192,-8.85111817890344,-13.19515568946704,-10.821048727233903,-12.721442277570704,-5.180798750078762,-5.907193310683358,-6.044134640756086,-6.096007678106785,-6.115583301713933,0.0005576663752858964,-0.003559691829532325,0.0,1866.7448815037592,-0.35463286081886736,-2.872744029061693,0.8230630659572284,2.8312211035587613,1.3736550621314905,2.104646737487485,-1.1778570250265543,5.2972391017210905,-9.726796140097896,-1.3924054268181791,0.9083037684637104,0.6804989923156555,-0.5036773200425202,-2.3162384313464983,0.5516770061454039,0.01830878175105965,-0.133901510274832,-0.18543435155732624,-0.2078799896580037,-0.21672054952945088,0.9476638029601164,0.21967306973953502,0.0,196.36439631132149,40.33219600539671,28.14709884397296,14.130675944399107,10.191916732294699,-1.7074160997916614,-9.98209719281355,12.958376896458875,37.46666969507717,-96.87463790199246,-6.636142523513487,7.331581181266702,12.622132918997753,11.358649932377007,7.790235619484522,5.225343988162219,4.8453847310952165,5.7873758244406215,6.008958084830044,6.106024765401857,6.145078568614122,0
2022-06-08 16:23:18.725446500,2.4664477665050297,-0.2746927446764842,-0.18965904752932344,0.8418588959018779,-1.0820738119761235,0.9455143127606388,1,0,0,0,0,0.0,7.070025815509273,45.08785737270611,-1.1409886614113434,0.00028451589097886534,-0.2809857479598886,0.0014542224938985909,-0.140446680615789,-0.02771860392268851,-0.1888780959278052,0.12150555311503485,0.003829043251605518,0.2686564429683556,-1.1699243317455763,0.21776500170746535,0.3651558134641693,0.4405567337162098,0.4699803139172336,6.804741955098356e-16,-1.9538105852039351,45.757253354025366,4.5107498059509625,13.109384662862734,-0.28318464169584256,-0.07363890298969092,-0.05490581987791103,-0.04352335035618644,-0.07808197277250588,0.021050887612710657,0.0511881099216951,1.886885010008896,1.1766243687160758,0.8308823034578859,0.4562669639672694,0.6330647325168033,0.9158930669171728,1.1235509289549365e-06,4.5332654235599925,1.2166285092113855,6.086547133336045,202.8403368339403,0.03680350671836614,0.06520491267984316,0.058711529759334816,0.030913962890083763,0.1014367694383866,0.09473031777775212,0.05023684858178293,1,0,0,0,0,1,0,0,0,0,0,0,0,0,2.0099988295371456,0.15074054996891806,0.1,7.022404823065998,28.31979699712657,17.365548291785014,-2.7242304310253216,2.4109306179968595,-6.211424371667273,7.140442147196692,6.3789797677911055,19.77787582642632,-14.234612642712705,0.4369048495101149,-6.122183181855495,3.12860168553651,-11.095790047936466,6.529455437057058,-8.684153845600346,1.7072617728615225,1.618320728932586,1.5600437305389467,1.5643821822710238,1.5719896030819325,0.6334823665000375,0.2554434650718217,0.4,-91.01022493069813,6.528733276970858,12.661044207670267,-20.657182459984234,15.513080939790187,-10.957572797109783,1.1647902509778425,-4.149877024826772,-1.8197245191888825,4.236570596453416,-6.980934404054557,7.178696889147588,-7.633132749645001,-0.5441878151986441,-3.436207032957832,-3.1285297187686885,0.21828248606924736,-0.9230989787798956,-0.944723281694956,-0.9520556386793384,-0.9544421986859496,1.8578488624629848,0.3496751785978096,1.5,-9.181597393055712,-15.004324145491607,-2.801763535556693,4.33286378075442,2.51704661312638,3.51743044161507,-1.1652503347121408,-4.21648838248811,-6.480377259248173,1.2883945697190544,1.6042671863373204,-0.2969993029031861,-0.2620438630831963,2.5577603978471815,-5.458186619927738,5.4414091173105135,-1.116234357542064,-0.9966938989941831,-0.9906747357528648,-1.0010440871698254,-1.0075882422940419,0.4242526466314331,-0.6058919190659545,0.0,22.261198380317353,1.2907532781114124,-5.301736746083775,2.8654018626120097,-2.486308541356349,0.3705069945223121,-0.19412170060077005,-0.9920438301298689,0.3161105825595913,-0.6739104824279697,-0.42561116394017817,0.1413105978059407,-0.9032079967287452,0.09763914176970316,-0.2828878962240289,-0.8377077355963292,-0.35430055243297914,-0.3769739575961747,-0.35994924926334004,-0.3526580823169703,-0.3497361224443083,0.9146926259816948,-2.483059462203507,1.3,-10.705018987023633,-3.287700867374832,0.13840568090806482,-0.0734641650936397,1.1750529974140842,-0.6577803556177738,1.7192248498019889,-0.6016408554779494,1.21557807474871,0.35502322658704955,0.07316230581269513,1.4668419050786299,-0.7744908050277762,1.8828502219494656,-0.7736178484509142,1.289852872858196,0.5955975267154829,0.6246024851164862,0.610353510095186,0.6028378520646458,0.5996166238291379,0.7631093696139415,-2.7173911210337205,0.0,28.589405197724354,-2.8155949567904197,-10.162082569879047,5.105401404368369,-5.134461355969006,0.8175488461498392,-0.4994658941628231,-2.341587622822375,1.429374897048186,-2.7255388998919288,0.8514324242611944,-1.5247554811438566,-0.2996925273991111,-0.6960272438618176,-0.4667939211600904,-0.8768505975278157,-0.6523925308008716,-0.7002152123211826,-0.6900781280567839,-0.6842365149994818,-0.6816314531949939,1.2538110084768637,2.396070020568692,0.8,10.038605061131314,31.199743727502547,11.893857118255694,3.0081365775859137,13.189321256306796,7.426304919594786,10.733236726403574,20.37567580354593,59.13463800113245,-124.74567085558563,-33.53901770870058,-11.9759282472554,-16.406655180623865,-5.977948815158864,-9.850628261173851,-16.096734729784373,-6.1617638327696405,-6.0124252181200335,-5.702593767326435,-5.500305170098557,-5.402350801818862,0.0001613070360567689,0.009797198536809559,0.0,1870.6125833713654,0.9835167450726772,1.6216890759761498,-2.5180128825325028,1.4954981417106978,-0.3758230367303384,0.19949835543226868,0.7357212363567385,-0.2298954794262116,2.538461137075643,-1.3518338876150577,1.81956693102768,2.229600350483615,0.6798610815977284,0.950355017852388,1.9342571678065,0.7407413228498143,0.8314775855965593,0.8197977142578878,0.8087439902430518,0.8030527074308109,1.2105146144225465,0.6976613843362175,0.0,159.63007671298308,-2.9526233839014004,-10.369625460026391,-12.127058360025837,-0.11326942875616285,-11.211094116340812,-6.6413921896287045,-25.15682915468081,-67.46473662509034,143.66045719478657,32.704702384703175,14.522904347654435,15.288900699089892,10.945320230213538,8.781217358627233,7.817417533131117,5.917557689334176,6.092381211887325,5.887647020436482,5.726732538005978,5.644618248142973,0
2022-06-08 16:23:21.475446500,-1.5232042581861656,-0.3266220130537574,0.2157529056086112,0.1586241759957051,-0.4853646773259613,-0.15640307194961287,1,0,0,0,0,0.0,-4.986724134997017,45.50933892554351,11.41459359117923,0.0007030876730167822,-0.2906555110757601,-0.13696028538037458,-0.013942723721783174,-0.008961020808305081,-0.046300218532369014,-0.08330744023724686,0.0002449301748206305,0.22838458012267376,-1.1679800197203172,0.2413208458780303,0.3394621953777174,0.4019264948548627,0.4618742392706093,6.804741955098356e-16,-1.9381906245522251,45.84684265406901,4.814082425580002,13.109881463340399,-0.2841689790622649,-0.0763928310068967,-0.054952814231128716,-0.041794020653501116,-0.07715694580926867,0.018012959646906117,0.0487357084091821,1.8937627855867192,1.1832431544330049,0.8217974763620274,0.4282384333868376,0.6565899789741328,0.9202605298895976,1.1235509289549365e-06,4.613117119227233,1.0629191025366929,5.856368348130674,202.8403048243721,0.03636317566466951,0.06330620965741933,0.05965927497590143,0.02993603420056405,0.10192825245347054,0.0945309363662344,0.05026658673824013,1,0,0,0,0,1,0,0,0,0,0,0,0,0,1.9772904407134289,1.3780547821043372,1.0,-14.826453985496432,11.902309433960738,0.4463521943395881,-3.62631275007869,4.378392498429378,-0.6868230282578498,-6.008057439776507,0.4611220024311291,0.9762300270413662,9.49838261591084,17.18088835703641,-1.7776602301678959,-2.8568015535064104,16.842496386805525,1.5288284365205025,-8.035777366590354,2.3558168791662384,1.570768888701781,1.6032616933064423,1.6267280548953928,1.6371692501263695,1.0170047673386744,-0.3132800317679951,0.1,-71.59634552023435,39.27720758951139,-11.0459708557715,-10.676534328254084,11.027065791124382,-0.4449747737306868,-11.467604527342507,2.932036252310148,3.4320861980584314,-2.377156085279258,9.63612169004383,8.859485575096151,-3.4141572702892113,1.4141315581535396,3.8283876111042816,-3.654487153295309,-0.6834254931879058,-0.4975563181719922,-0.4090111620982864,-0.35889614084839905,-0.3365872258032821,2.0397338626697423,0.823868050268405,1.5,2.18939009700409,2.6453027707077448,-5.69644199787788,1.916800380344088,-0.22877650523171425,-3.0527663559620564,1.818240874168713,1.6209967246323207,0.3524855488066999,-3.2102162291677487,-7.933934444397655,-0.5618143809782102,2.3253937427746503,-5.6323900887790455,0.7298634326398865,5.873352151425572,-0.07944393035823173,0.08581354167258297,0.005725309318704075,-0.03771693503113327,-0.0566248775862192,0.8459386235756469,-0.11914186825199273,0.0,24.306423517263703,-12.351948353958647,1.4501096014266768,0.955743665026718,-2.5582710117217764,1.011055602084979,2.1550126473075326,-1.7688067976818385,-1.146432195503824,3.149604635059859,3.2762903301681803,1.1736878244551234,0.8723552960516843,-0.10096981530236616,-1.9001626498937985,-1.1813958704796388,-0.4236668981494727,-0.43204082742877215,-0.4077283362965176,-0.39374890595836265,-0.3874610602618111,1.2308775777363703,-1.142908302778694,0.1,-18.648905791205927,8.061511418396869,3.660131715952737,0.6242474432241258,-1.3803280275249261,-3.0412477274961445,-3.5351340991929017,-2.488454958675393,0.2553028006830318,4.0200974172873725,5.422600222307304,2.5569728632908024,-0.8877791845075325,-1.361043214273613,-0.3201488207829487,0.4512950096178646,0.28861055984173056,0.15763142320714166,0.12855330339935214,0.11536058756540245,0.10982686642197306,1.1001378213683968,-0.3154673647894826,0.0,33.961936354227696,-25.810160342331514,4.525631460317749,2.5988795879052056,-5.880327239703474,1.3637562487801942,3.1634185650867703,-5.129339330641384,-2.487802962657216,6.7006840454029915,5.03382412120241,-0.20880181621079646,0.6935918824164156,0.22670811962839774,-2.7599999832681816,-0.7036108063827049,-0.29552066031115176,-0.5544343649012162,-0.5828651456564107,-0.5936702989125774,-0.5978743394979525,1.730396842224567,1.1192070010788948,0.9,3.3141246285285884,10.290540038566274,2.8986390718384736,0.7379033073319374,1.9594667724686372,5.223156597600658,1.517947072490406,-3.3055164811746742,-8.301250693142336,41.183576733139034,13.9427202503204,17.083816835004374,6.702738154857356,7.935705186453139,15.366175567525715,-1.1314677424898167,6.97977781837112,7.076784714787187,7.067764947880133,7.067280416682662,7.066915808164334,0.0004981536331550631,0.004153504070048864,0.0,1872.2769576248984,-1.8396486063930981,-2.0238683269318187,-3.8963524851684497,-0.38370627112678335,-0.8728989664728601,-3.9983743453047116,0.13333697006478928,-4.876124780394306,7.86755508638165,2.576490249006433,0.6584275383030231,0.3367645779716071,0.6864770160415645,1.3937340486591268,0.9743888516956218,-0.05408687838102821,0.15921300009635075,0.1812287959536647,0.18436223568387788,0.1841533641586004,0.5493790593902284,19.416751625438653,0.0,174.28572322380498,-10.101969311945933,-5.108118990793193,-11.956797869093547,3.5877127476380015,-4.169774374437741,-4.557955835387143,-0.7918406378182574,8.148543592676024,-46.14524336575453,-11.465333185163367,-14.934770170251902,-9.35233059455044,-13.147936462801097,-11.69417453146235,-10.124053100775267,-9.181103186574786,-8.721413915452214,-8.532776405766706,-8.446321780389827,-8.4095079653104,4
2022-06-08 16:23:24.225446500,-0.6101840103061098,-1.8692934758258104,0.26902636112035805,0.4607986799418078,0.4115808442698968,1.1451240373840086,1,0,0,0,0,0.0,-6.119947070150361,46.44649018552683,9.612464121439102,0.01122783325095519,-0.2901916127979738,-0.12894575068830338,0.0038378176172218633,-0.04829666716740432,-0.14308271941441664,0.011536782943487915,0.07187095983472895,0.19206176564633656,-1.1807703263958642,0.2577765727337047,0.3220046786938822,0.38794674377056537,0.478828072022469,6.804741955098356e-16,-2.1026105702826596,45.93683586790825,5.215586604671602,13.110039589578788,-0.2850601619144288,-0.08045978725855922,-0.052953481188705874,-0.04075568507546316,-0.07790652838377105,0.016594779521374198,0.04808187199799965,1.894664877087532,1.1883517177724567,0.8145133744540309,0.4050681243430267,0.6491345199677715,0.9276128387409556,1.1235509289549365e-06,4.635637332492341,0.9275907718286462,5.559684467257167,202.84029458710685,0.03599638315480352,0.060784043607224975,0.06024096118331292,0.02881650399378524,0.10238874643461994,0.0941024280455881,0.04973466472395509,1,0,0,0,0,1,0,0,0,0,0,0,0,0,1.6734925582278086,0.3437528457639669,0.9,-24.744022813981903,-15.673426175189269,-2.5305036403650734,4.535653516016044,-1.336131583881668,1.035624010045488,2.9705531112991888,1.151343274556773,-5.986632940724009,10.981866564688218,-9.991388362695863,1.8784470237268898,2.6747232220267243,-7.898233271415359,2.7330236886671604,-5.9966445794094865,-0.5993585552538769,-0.4491436057002987,-0.3215716326004989,-0.2738077825194659,-0.2564953295604549,0.9593328072815964,-1.2387619151109277,0.3,-86.12756460747332,-39.810817417995054,3.3070903528420383,18.57229773517064,8.099562270074149,10.272928636201996,13.440769836394711,7.457601779010409,9.60491967417584,6.496053491379316,3.1590437673839435,7.416317315965466,1.0852116807183183,-4.317357507137087,5.543637761551371,-2.809513611832581,-1.2295407840914665,0.07821432838271125,0.2566188881963533,0.3436605942351887,0.38083518096544733,2.15654344626948,0.74642802650224,0.2,4.4817111296630046,5.131088568758766,6.641094886331544,-4.5944988951532695,-0.10090938488031154,1.5721441738300377,-3.7100545779141982,1.549352658568331,0.3242786862976923,-1.7534716946724205,2.623714691709916,0.1614878146220623,0.2870017668990801,3.5947662268485487,-0.1680235228754039,3.5794912056501103,0.830923440429109,0.5851709486966523,0.5095548488356689,0.4792038524977151,0.467419748667752,0.4422495420402672,-4.904334906730939,0.0,28.47996546336995,1.1792518382666533,-1.131084198804566,-4.7155797896731135,-1.6613003115679843,-0.8927732791492322,-3.99217745337064,-1.9752620177803752,-0.369188047955336,-2.9936295732528664,-2.0195507088843128,0.1253271282688022,-1.9234325160793229,-1.8860456764723283,0.497682011960867,-0.6966450038038466,-0.3115676152532778,-0.3661214673969786,-0.41111317307603595,-0.4307249484911329,-0.4386268131302927,1.4136120858696462,0.6103366971706917,0.1,-14.689504015620846,10.222323605085293,-3.663347601966327,2.169419657580627,-2.50806048744148,2.410373620071742,0.122102535055014,-3.6497915641144223,3.706958148560157,-1.4268421387205816,-2.243170950218436,2.1107605457380823,-1.6049117538474231,-0.5601345163329012,-0.14720520493434994,-0.7316683496475155,-0.4114854270912445,-0.5031438082249995,-0.4985071904328418,-0.4918063868235957,-0.4881326761760735,0.8047959888513592,11.395484223129678,0.0,48.17204142467926,10.645453652601391,-6.074540544695747,-8.909736431417398,-4.82013560115908,-2.5598278818913016,-7.874316566918196,-6.009006701120255,-1.1138515897787291,-5.862855790910553,-5.071027221384611,-1.1013924338153485,-3.1853706263271078,-3.6114463695741272,-1.2329943902604044,-0.4888844539021026,-0.7986496696333604,-0.9764527778368526,-1.0688745161387774,-1.1098438370726376,-1.12649304900104,1.8444684993976632,-1.5587104559665932,0.9,-67.82504299017896,-59.53278422117877,6.950504038212742,12.612636121620955,-19.26932217619455,-8.127621629951001,10.750232385636313,-12.313620228234864,-68.25764328666641,54.50950396912005,10.50463250022156,23.2096489433757,17.958362279002422,7.281249909495398,10.41548232954155,-2.2709417555612514,3.94390941500412,4.270103865805812,4.385661545491623,4.408247640436769,4.410532810876576,0.00034465938205293723,-0.00803448257408099,0.0,1881.6965919558493,2.4005519531491477,-0.8571920857417865,-1.2373665050862428,0.8690784716509086,1.6761526645025242,2.3228185998769675,0.11779354351959626,2.9794517832112883,-7.056712359512211,1.5526470120850675,-2.0550603500610194,-1.6654312604485142,0.0662040009957181,-0.2778052663477837,-0.9927157412311658,-1.2329097681714811,-1.0506258558923278,-0.9514760355427008,-0.9034897435480644,-0.8830896847248441,0.7335027184990279,-0.4260519003629727,0.0,247.4064087673912,25.80086364028524,-7.241510313993121,-10.560235534838956,18.301120950159444,12.633964704195561,-7.363093008217199,15.918948464923982,81.44370141145527,-60.61618498752102,-8.251964251897856,-21.020132704973047,-20.58300673277956,-2.925400213468894,-5.0642586181127385,-8.187955304159793,-5.027218728863309,-5.098869137774452,-5.0692989377967965,-5.013832697754767,-4.9821390614172545,4
2022-06-08 16:23:26.975446500,-0.5032864802092754,-2.10125095490304,0.2446893008167577,0.3867728609975436,0.32799033530485106,1.0092963766102558,1,0,0,0,0,0.0,-6.044436222569269,46.54315754825368,9.598614078877388,0.01735628623943353,-0.2911982149624941,-0.12854581956318414,-0.0006813192679259879,-0.04537176950302906,-0.12640018328418673,0.01089113013436092,0.06466551321281475,0.16864768489300758,-1.1892360479894797,0.2664048432931348,0.3076268225375504,0.3727151692654402,0.4941954889887626,6.804741955098356e-16,-2.2899528477812257,46.01703893526907,5.6195091085546816,13.110332930900324,-0.28587583511239706,-0.08455812284715188,-0.05081895824752431,-0.03970547211069491,-0.07856555585368769,0.01586072353401748,0.04745007932659382,1.8966121681968848,1.1929160629113182,0.8121003100277301,0.38992186543480495,0.6416200387493706,0.9319061781236004,1.1235509289549365e-06,4.627121099614465,0.8136868311978839,5.206029656739392,202.8402755999971,0.035707479813071964,0.05774223800306502,0.06045976502432071,0.02771424443402929,0.1026547866879826,0.09398298830345657,0.04930368738293248,1,0,0,0,0,1,0,0,0,0,0,0,0,0,1.9926335421604613,-0.2475804120186471,1.2,-12.452241945303221,2.7711654832779207,-0.5604462799350607,2.1981013949560837,-2.905449839444436,1.88860501495312,-1.3705209345124163,4.2227134130387975,5.074650288754086,-15.700698295146577,-5.386841544535128,5.2887651348820475,7.892337761597504,6.103722543288843,3.7556722269104816,-2.774263992049649,-2.988647052520873,-1.01322706862765,-0.6767482647197762,-0.5371237524472628,-0.4822857893092119,0.2900299890239049,0.20660197117240575,1.3,-53.84080083917611,-2.0254852044848968,-3.5630972936206677,-1.2273580928066865,-5.711643616568828,-1.0745110943364793,-4.024801403099714,-1.8718053038206173,0.5866840719600344,-1.5199763098296497,-2.4892792693748347,3.0628473179873508,-4.4516581608995605,4.411778078013592,-1.9202048093497557,-2.208461280694513,-0.2449865302193388,-0.38828655162027625,-0.3448071617807097,-0.3344640436056551,-0.33107038219851803,2.3923744201056967,0.6261163232385758,0.6,3.0242341043081904,-4.8726160568405685,-4.571851570420744,-2.951985043543898,-0.4714574749397698,0.4052287873120225,3.5294596540395595,-0.6532233662139227,-2.5208524808099093,3.1935088517231454,2.4477830138996897,-2.361210676125107,-4.1358220906429315,-2.274355947100553,-1.4724505845724924,0.9752104881930944,0.9010852092228738,0.06650258580692181,-0.07812036208663092,-0.136406007751799,-0.1590921488942937,0.4190874922280716,0.24771418142917534,0.0,21.689586012889432,4.337791854740376,0.09031133740378428,-0.12602729965290993,1.9956754436581583,-1.568940806703406,2.1979580640400203,-0.8135948855740798,0.6887530723889561,0.8985354427950951,-0.8313206459179764,1.835760661268108,-1.048027953209532,1.2796333229780767,0.04611085724849018,0.008858209533314176,0.5365518073590172,0.4392486674756277,0.41726699990639293,0.4074673114456447,0.4035608918259373,2.0413720832414897,0.5974882248879234,0.2,-5.23540749826738,-6.987058266045962,3.6454632498372566,0.3603350758301178,-2.8422389529103036,0.21458792002117089,1.8845777724767143,-4.700528993117751,2.9203422754833714,-1.3785612616452594,-2.104769786745711,1.8860280242025655,-2.0807646938733924,-0.35863134663770424,0.07372894166226468,-0.7782744950089404,-0.5450577471477143,-0.536009134132289,-0.5374075018720639,-0.5373941760110489,-0.5373187872139829,0.3775784614889341,0.2074630036572043,0.0,38.98736963235864,5.713772142775094,3.740740230305572,-0.8754081195525423,2.8018468335935864,-2.3002191156946625,4.095517445593142,-2.654145184912914,2.190757408807824,0.6368108997220641,-1.0876329720511797,2.4167060050941402,-1.282208481539198,1.6642509307907614,-0.5896520890841843,0.962376753582166,0.6371165343025229,0.5919010223183301,0.5562155720635265,0.5394063551512577,0.5325243807693663,1.0611980984961062,0.5118869861677267,0.7,-121.3622317219001,13.501779695198708,-14.238961276343586,18.476429946030056,-14.989597504310039,17.50986005500971,-10.222026468881737,24.102647967375173,7.185817224129636,-63.589757447507935,-14.673389618965981,-2.386034117595953,-5.2697945515532885,0.5385124259454734,-2.492091720186125,-7.323872679322418,-4.014137364699163,-2.9984535399359884,-2.6498310160788563,-2.4788105486601872,-2.4052739929253804,0.0001917496599225136,-0.0037835754420901704,0.0,1891.8492384082654,0.5649242891573181,0.8596849355004109,0.4577259986431557,1.3755375629948787,0.12881146024258786,1.3795924630879597,-1.2214111601095965,4.945005362118579,1.9839384191431648,-2.110692132271865,-1.6353805076021288,-0.6428581266050983,-1.2720468519423918,0.58639420338001,-0.9777699854338948,-0.9697671896206472,-0.8148427898777584,-0.7271717395561126,-0.6835985923858843,-0.6648755093674978,0.3458994333085052,0.3042763735543895,0.0,301.20569693156057,-11.453853572593074,5.9213553524915845,-14.434817643034215,10.021975100150401,-14.171194721683474,10.799547780512588,-24.860369271949807,-4.8538765269827016,73.33840905513703,12.835263419252765,7.413675834020822,8.127411606962237,-0.7599961553960437,4.8470894537166105,0.9378847972008176,5.245950097865464,3.9902002957532847,3.6651894285709714,3.5023323214582955,3.4314897861019102,4
2022-06-08 16:23:29.725446500,-0.3930006279501189,-2.3682375128572133,0.22211080603491465,0.306326251283757,0.2478838903557238,0.8566710499235237,1,0,0,0,0,0.0,-5.9225859233474685,46.65706411594015,9.605029330371039,0.023484739227911867,-0.2924636408160439,-0.12822567622777506,-0.005986516021436779,-0.041966212524044116,-0.10769193548504832,0.009724088560032129,0.0574624515857203,0.15757373218848728,-1.1919684268243975,0.2672482729156428,0.2965599611413845,0.3560633234494982,0.5080329725141326,6.804741955098356e-16,-2.501385979510756,46.086699895848646,6.027273003511281,13.110761487305016,-0.2866113256559249,-0.08870097534909767,-0.04852670315384577,-0.03864105184526481,-0.07916714308522063,0.01578813920959619,0.04683889660355283,1.8984764039577997,1.1950849062484246,0.8119066827428474,0.3818161604785013,0.634190484564369,0.933738717504962,1.1235509289549365e-06,4.5787314237526,0.7256865639671235,4.784851922622384,202.8402478666986,0.035491578941293116,0.05410812795100016,0.060291154155148075,0.02663364012346709,0.1027932262893348,0.09397497924640964,0.04896932466551912,1,0,0,0,0,1,0,0,0,0,0,0,0,0,1.7162877490324602,1.3012483699692488,0.8,-15.894151193819516,4.762893301001634,3.1647183038612354,0.9085756638648372,-0.9230548192113652,-0.9324978330930552,1.4708603550255115,5.200184633187296,7.952588981468568,7.915603713177988,5.3106157495791,2.295023948238047,1.1516388998971707,2.2800457409808703,3.6357563306191416,1.0197197879435194,-1.2564777009675605,0.14697598719406618,0.5035444132035691,0.6362257422684504,0.6861663183301043,0.1918003567347462,-0.203495413615546,0.1,-70.77481328455076,7.1297810138157915,2.5169009892844443,-1.2462043593300065,-2.0499570120467867,-0.5897392736691591,0.935967324915132,1.3396487109430284,1.4006033637735902,2.354121659177156,3.823220889801093,3.779980350222134,0.8626090927705503,-3.4062394485201386,-5.115068488919245,-0.5659837080414443,1.8507024483131709,1.0653640584047583,0.9411169732360064,0.8982462523269847,0.8824302891272152,1.2499914941495278,2.158402394965913,0.0,8.566086186294635,-0.858782838481234,-0.1316676602986495,0.4785085393052602,0.5213906692559211,-0.08359531340278048,-1.0281776156308975,-1.8511828319798005,-2.2309457492225504,-2.1357234314065567,-1.7759276043138916,-1.4416158124939142,-1.3391434061195795,-1.4784846417090038,-1.5771592775991643,-0.6395246405916192,0.19109133171437756,-0.2870783192026263,-0.4052167779269583,-0.4452019449417803,-0.4592551505149454,0.5167472939856128,0.12359250927557132,0.0,15.719442987009716,-1.4458530179703204,0.5348454759713421,2.1590246123325967,2.279691178529537,0.912634195913993,-0.8284090006128053,-1.6296364483294392,-0.9803820081436956,0.4949173656685465,1.5927169831283905,1.492671227797942,0.3611035579467088,-0.8429040487593036,-1.1457819765245905,-0.1865261412699356,0.3047251667773231,0.18785211411650754,0.1657399205527741,0.15783340239056248,0.15494236204033918,2.03263245846856,0.8285156972612567,0.0,8.632341165649574,-6.270911484787611,-3.776551750875029,-2.068592119178451,-2.352017345932638,-3.8370366660030752,-4.5493170133316285,-3.2193557126368777,-0.4389184490697763,1.9452765170777369,2.513250380020713,1.393611513204461,-0.12816020302227002,-0.9427020754612564,-1.0057139748999435,-1.0232704134513673,-0.8971884807028122,-0.7940144023442409,-0.7660503705730828,-0.7533850519146708,-0.7481456027411333,0.41866249157058494,-0.1628608034283408,0.0,36.219372096211075,-7.585105317610935,-2.1344950258712494,2.3266573031339304,2.9461060414821536,0.18417714906692065,-2.9336791033116536,-3.6065500577382275,-1.5238023979588755,1.2600505249314191,2.4265256686223995,1.3878898603040106,-0.5258392753051977,-1.5473227990804217,-1.0335804631759942,0.21419162748339549,0.04681842376125589,-0.08313186245894323,-0.11351662985492228,-0.12721180833836446,-0.13280814957947518,0.8130765991890568,2.7899455331252554,0.1,-186.67492667890042,53.54686203923528,28.554376503650328,3.627565495764081,-7.6326602011114915,-1.0217596192414966,16.498225793181135,32.348216928542136,36.909012542981344,29.106183390439558,15.597405850937154,4.948399774658338,1.5367887451035247,3.5185035652312244,5.6322113150951525,3.82468523588149,4.235233215777666,5.195631717991871,5.440213280991154,5.550210766580518,5.59620938930668,0.00014106900067545835,-0.0020691590739617413,0.0,1899.9008953161836,-3.8983494171434927,-1.4308193051994067,0.26335732690589003,-0.017808237237403546,-1.5738769421261196,-2.6327999938106217,-2.1150568307328115,-0.5473490488726611,0.6887293359090805,0.8487555620670122,0.4449662919872708,0.4146182404777044,0.8661843538074052,0.8726861059440408,-0.4061843369064349,-0.5528480876597471,-0.3538685390130779,-0.3153652749762301,-0.3005901007869767,-0.29524848590139463,0.29636592452807714,-1.5330251547805842,0.0,346.82415520665086,-36.85081257172516,-21.181892240602764,-4.630933186493124,3.4361015680927918,-1.9115679638596497,-17.619885954702625,-33.80358109518296,-39.840806472944095,-31.67387559912318,-14.789219443107099,-0.11256478899780653,4.277622159690237,-1.0099829139255403,-7.981415102857174,-7.307978635883717,-3.350214844566853,-4.231187692065294,-4.494812587842657,-4.615048597352648,-4.666089472977246,4
2022-06-08 16:23:32.475446500,-0.3054285251201663,-2.621925517930857,0.20777514076921225,0.22794769064217946,0.1675782837124365,0.701835348550397,1,0,0,0,0,0.0,-5.802727472234308,46.7708948568744,9.639881976877037,0.029613192216390208,-0.2937605220248901,-0.1281659271882635,-0.011060328466187788,-0.03850760662393543,-0.08924199864920858,0.007358094605324536,0.05037305092995538,0.1589248364203462,-1.1886942884805518,0.2602429351400333,0.28880984897711665,0.33798818879988435,0.5203546225179765,6.804741955098356e-16,-2.610857590769252,46.10343459507353,6.166779199034767,13.111325258792851,-0.2867388095121228,-0.09018844827073454,-0.0473546710036814,-0.038353279392801504,-0.07990609853991179,0.01630610708313884,0.045802587524820096,1.8979043040503003,1.1908823224510932,0.8108345392905809,0.378880269661151,0.6269636737114905,0.933597668060299,1.1235509289549365e-06,4.526923918886529,0.712737942148438,4.627192646632589,202.84021139059533,0.035456699535802993,0.052765201791975885,0.05996925239334215,0.026282592121669654,0.10279401541967537,0.0938532592562618,0.04830612365500263,1,0,0,0,0,1,0,0,0,0,0,0,0,0,0.09329726617064127,0.3314994609653593,1.4,-18.175487252398145,-0.1093339302123415,-0.10771332607018637,-0.10491140116027477,-0.10076341937369747,-0.09500890280839223,-0.08725332664271224,-0.07690319567803218,-0.06305432891787965,-0.044293495927600346,-0.01833216200903986,0.01869374896381737,0.07354410783763454,0.1574805385788754,0.2712756969810549,-0.03499355329808518,-1.3428249081350323,-0.981549109388932,-0.7863228844048408,-0.6992095556277237,-0.6640488384705131,0.01634115247498829,-0.2365556173705863,1.6,-89.4251394042144,0.5064478030695749,0.5051775101885667,0.5029911885456357,0.4997775773468902,0.4953645942340552,0.4894997268285151,0.4818194489303296,0.471802700604222,0.4587029706483792,0.44146164777666463,0.41866184871241385,0.3889198368202409,0.3544717897025356,0.3549362791525084,0.9218539676657572,1.9112196748678247,1.4227642300578591,1.2127496645943647,1.1199180173901822,1.082263008608789,0.0350204216753756,0.15602657544264514,0.0,9.305126384104973,0.0034818402336704857,0.0029526919505386,0.002036430543492118,0.0006767603745877483,-0.0012158617201808444,-0.003778175066454448,-0.007218109592278976,-0.01185687694012444,-0.01820560782178876,-0.027111752911559817,-0.040053619430167185,-0.05975195224196661,-0.09126491944256564,-0.13925720862001925,-0.06839503634503605,0.3815185578656389,0.2757754868375562,0.21321865917856184,0.18527778873161846,0.17405165302420236,0.034862262833412185,0.2430370198252253,0.0,15.061701414031475,0.15913735002079266,0.15897477748245814,0.1586954441713473,0.15828595089543684,0.1577257582934246,0.15698511687374314,0.15602198190932715,0.15477766899156864,0.15317143195835142,0.15109644984720805,0.1484306671596467,0.14513282353397328,0.14187049567547694,0.1454724798610842,0.2412285105277797,0.3961548189619487,0.31306070712669165,0.27641551553863025,0.2599315313170833,0.2532143377006681,0.02326650554270945,0.17238790847533494,0.0,12.908603187096592,0.1493747157597043,0.14946381991445734,0.14961649433261726,0.14983931802113148,0.1501421723822176,0.1505389257086921,0.1510482447806003,0.15169419446594434,0.15250540386904493,0.15350857419593644,0.15470103091035206,0.15594016283845508,0.15643959171330568,0.1516588872121658,0.10621453913958123,0.0687788208263001,0.10093544150045787,0.11102256697162337,0.115038804311895,0.11662126931128575,0.01756915945543026,0.16873237715180098,0.0,40.26593171477501,0.33342552259675706,0.3335737471029292,0.3338318406663454,0.3342181715447849,0.33476255453947923,0.3355118110317461,0.3365398113470872,0.3379662505649181,0.3399938195477714,0.3429877997684936,0.3476654849883568,0.3556187664132417,0.37111441384233546,0.40985065166248336,0.5442796232738472,0.49869538807492503,0.3939091332154433,0.3649050269506061,0.3536986322725898,0.3494624088229112,0.0011716103373566474,0.04543835036009847,1.2,-246.3172148798844,-0.2997626815556629,-0.2992532651870761,-0.2983822440556594,-0.2971153677121592,-0.29540235259411673,-0.29317528376316204,-0.29034872009165896,-0.2868264697881564,-0.2825298433332062,-0.27749389247459355,-0.27219207989510696,-0.2687315629087781,-0.27617664253439145,-0.34433675642343786,-0.8705403810718675,-1.2687608545885585,-0.8539098173779074,-0.7102447285104834,-0.6503525108379948,-0.6265852180426316,1.0081197474294934e-05,-0.0037372979904962337,0.0,1909.2860545471674,-0.2443794453163264,-0.24423048169768435,-0.2439777384377351,-0.24361470285700196,-0.24313290666397336,-0.2425233855616824,-0.24178039571911825,-0.24091066641615555,-0.23995669736680725,-0.23905794219156465,-0.238624209446094,-0.23989159333712706,-0.24710988473425746,-0.2799235839085483,-0.4734300611815954,-0.5838464737574469,-0.439969570404962,-0.3907946723863347,-0.369887337452802,-0.3615058604966572,0.00044884853808264843,0.007082028109444178,0.0,391.72237341734046,-0.16759062872579733,-0.16979698347181227,-0.17360536473756127,-0.17922892406900104,-0.18700266945772626,-0.19742990470407307,-0.2112600118063117,-0.22962050296584025,-0.2542483079104354,-0.2879122357747885,-0.3352210419492003,-0.4042105502128299,-0.5089665135185301,-0.6603582375026154,-0.4245609959817358,1.163721956643073,0.9080767921780152,0.7213623609692751,0.6298466406983092,0.5911167607070542,4
2022-06-08 16:23:35.225446500,-0.22738755378832376,-2.866931545367971,0.1965553222001536,0.15097391891426018,0.08683878494019075,0.5475041253431017,1,0,0,0,0,0.0,-5.6870233746084144,46.882865229294005,9.68416368172545,0.035741645204868534,-0.2950461473514777,-0.12819933358269786,-0.015977786027530066,-0.035065642451040026,-0.07107151620117548,0.004548128121219278,0.04332486642163829,0.15636227022410276,-1.2307732905135298,0.25784913989709873,0.2843851849119529,0.3184280957311744,0.5312669283116855,6.804741955098356e-16,-2.7577622198585896,46.132846100513476,6.291772157899739,13.111893954759944,-0.2868697451970797,-0.0916770978150792,-0.04587785501141354,-0.03845831461579174,-0.08062517970661938,0.016665626558567605,0.04519946317520703,1.8827379637370905,1.1914120319573192,0.8063174468279035,0.3787608317036271,0.6199738493999769,0.9318448327841048,1.1235509289549365e-06,4.4477674515386125,0.7104250381465876,4.547373974470427,202.84017458329745,0.03547101105929842,0.051927536323803584,0.059151550066927426,0.02622212163298597,0.10264953422052987,0.09312626559471973,0.0480385988336417,1,0,0,0,0,1,0,0,0,0,0,0,0,0,0.01752302880737256,0.13441160577651368,1.5,-15.025288289432723,-0.0978858369691471,-0.0974490394096641,-0.09669099276410707,-0.09556208086832417,-0.09398250649141172,-0.0918284612344823,-0.08890749419756228,-0.0849132100100628,-0.0793372800999056,-0.07128539040633475,-0.05905333130381096,-0.03902198966587611,-0.0023049344732341552,0.07635895900392747,0.19895348440159769,-0.2154146431669377,-0.2636415367308773,-0.24022846134252496,-0.22561859736531986,-0.21918215418758996,0.004756924835156304,-0.10610138852553253,1.6,-99.45470532094356,0.4228143445898134,0.4223787117430362,0.4216234035841886,0.4205002530978508,0.41893210994602015,0.4167999605940853,0.4139202429043825,0.41000373201316975,0.4045772189195933,0.3968239077756568,0.3852291731747495,0.36670865004953207,0.3342337935376949,0.2714140550243917,0.23017975565671644,0.6440337552197093,0.6265983353173192,0.5866545408783552,0.5664677629110821,0.5580602998293962,0.0033609721610571275,0.011904851377525116,0.0,8.863186144188127,0.004184633877432287,0.004044276153950532,0.003800621000827231,0.003437597622884203,0.002929328424999156,0.0022355955155611285,0.001293741110614477,3.709277723695781e-06,-0.0018011628252841696,-0.004415675249672957,-0.00840585540502517,-0.014987262037218313,-0.0272005223085266,-0.054054790026316135,-0.10160522130250793,0.03171494108641476,0.05378489743893641,0.047879656717644485,0.0437203005400198,0.04183937395768371,0.0277895484774582,0.20602432557888167,0.0,11.899628273260554,0.13831872998126338,0.1382484190342279,0.1381265266744005,0.13794530435877772,0.1376923468776695,0.13734853020041282,0.13688438352122972,0.1362535235435639,0.13538016913186446,0.13413375429051067,0.1322727347858088,0.12930678234539605,0.12412384304106296,0.11416251236162585,0.10816386779310228,0.17483121994292222,0.17161849811089222,0.16506500616385195,0.16175885298107984,0.16038165564471876,0.045341655067057104,0.2470948949067184,0.0,9.593034639952869,0.15152346388563998,0.15154792221631394,0.15159029493275133,0.15165322454194366,0.15174092801589034,0.15185987626084518,0.15201997728891542,0.15223668713777774,0.15253494428230058,0.15295693791500853,0.15357852187940746,0.154546215868762,0.1561586472032127,0.15885697283385222,0.15665701119054348,0.1332359406442334,0.13797986251272915,0.14118082068982518,0.14263136086137013,0.14321345052792403,0.016121927330530843,0.15944881843802886,0.0,33.91542126878106,0.29014980182094696,0.29011261587401593,0.29004840601715154,0.28995354393812844,0.2898223344590383,0.28964624521538296,0.28941264415485657,0.2891027387547278,0.2886882270273292,0.28812608399573025,0.2873521971510732,0.2862866079771833,0.2849658520201669,0.2850595931322644,0.3104260093403977,0.34805171254659084,0.3227726680743344,0.31297500110990684,0.30901099263213194,0.30748820360088963,0.0002774516616394328,0.02075865214173889,1.4,-241.60232058550739,-0.2020006547859623,-0.20171423434042168,-0.2012181078402122,-0.20048147645692185,-0.1994552208025997,-0.19806403040259826,-0.19619271615650116,-0.193661827658584,-0.19018228830585213,-0.18526600304519025,-0.17803740367896648,-0.16680989374698152,-0.14816086810371146,-0.11716317361710883,-0.14527107155196806,-0.4214683216737143,-0.3642421157372082,-0.3258397638439172,-0.3083740674147708,-0.3013540257647165,4.851160847808631e-06,-0.0024315309542953523,0.0,1913.8945090112934,-0.20630212412754645,-0.2062129439015905,-0.2060585328525804,-0.2058294181327085,-0.205510521810254,-0.2050787916161028,-0.20449910664011384,-0.2037170476577046,-0.20264561106893808,-0.20113949931331376,-0.19894247869308399,-0.19557551744337687,-0.19013118494915915,-0.1818086877851215,-0.19704804149809266,-0.28248482910883865,-0.2596509779094234,-0.24650086146436226,-0.2406645612357749,-0.2383371859125436,7.390292583905211e-05,-0.007758539965590065,0.0,393.6301254524028,-0.14086676591914934,-0.14133188156434784,-0.14213942103738475,-0.14334285179689132,-0.14502830771273525,-0.1473297354967933,-0.15045597584068027,-0.1547408206892147,-0.16074085936359414,-0.16944185723257554,-0.18273955627673288,-0.20471501782175405,-0.24562961931713545,-0.33641134898185143,-0.5075375756440329,-0.07661272645259487,0.010222616230342041,-0.004143575342141936,-0.015843961231505332,-0.0212985564214494,4
2022-06-08 16:23:37.975446500,-0.151045597066799,-3.1090592422767966,0.18572496485758624,0.07434784992057568,0.0060213040080911604,0.3935833226701063,1,0,0,0,0,0.0,-5.570441805810519,46.9930689376129,9.725675674275452,0.04187009819334688,-0.2963151711308039,-0.12820475389778746,-0.020876172548766163,-0.031641396055664836,-0.052991133239864784,0.0016714962652554415,0.0362731152912315,0.15817481597576136,-1.2890120978248278,0.2574048989678942,0.28440950310668195,0.3171081108947786,0.5403123065428382,6.804741955098356e-16,-2.8673642985647434,46.15994352114728,6.389886550537089,13.112435985429034,-0.2870323951667481,-0.09285006788569136,-0.044798828121643236,-0.0386423428217618,-0.08103952828491481,0.01724961696124581,0.04572358496338458,1.8685291207396315,1.2089291478975313,0.8040747260784323,0.3680746562199659,0.6164663795627738,0.92095129177396,1.1235509289549365e-06,4.38538868188361,0.7154126672026153,4.475284197105147,202.84013943537082,0.03549133111794256,0.051183189049760186,0.05822886189998234,0.02598581026604864,0.10119908328605133,0.09233242206393394,0.047204582381798095,1,0,0,0,0,1,0,0,0,0,0,0,0,0,0.01935789078222137,0.16134745384777527,1.5,-11.914018570542972,-0.1251034669004112,-0.12504677389570595,-0.1249479347025404,-0.12479968282875785,-0.12459013424000788,-0.12430042096505522,-0.12390031813933385,-0.12333981960281915,-0.12253180873313413,-0.12131311873561328,-0.11934621538510327,-0.11582887938235925,-0.1084293777373598,-0.0880570963589144,-0.017064136448179612,-0.06674562415940394,-0.11893700803803932,-0.12800291454871546,-0.13024206798249224,-0.130867749334207,0.0037062281360176813,-0.08886287907858037,1.8,-109.38777514348106,0.435518648790719,0.4354377334371939,0.4352970317367468,0.4350868457709023,0.43479145686801335,0.4343862121187376,0.43383223718598174,0.4330664748856217,0.43198173536083,0.43038328624678224,0.4278834758874783,0.42360576436637576,0.415171916478478,0.39428901322216303,0.3374261118119675,0.41199625601013423,0.44936131722800265,0.4524487133711968,0.4522617016752661,0.4519565654650797,0.0006941779154387592,0.020623847069924203,0.0,8.43072947466587,0.014284540686675616,0.014268927282252819,0.014241671984885462,0.01420070989113287,0.01414265051682906,0.014062082183511238,0.013950277403758815,0.013792677595193452,0.013563667816613998,0.013214700751806141,0.01264391026648376,0.011604940466211631,0.009365626310424644,0.0029783710894463744,-0.02079271492297452,-0.0074623927613994825,0.01043695223616048,0.013869697057164454,0.01480766311591181,0.015093739782653562,0.046531778768703715,0.2526081231574872,0.0,8.760254527260813,0.14018731446817512,0.1401726611163322,0.14014718646065782,0.1401091447066397,0.14005570858029193,0.13998244892499828,0.13988239205844227,0.1397442478942022,0.13954887154530896,0.1392615912398903,0.1388136679948654,0.13805053167667108,0.13655618501405606,0.13290067862700236,0.123279390885305,0.1368247301522868,0.14303176042982646,0.14344434433489672,0.14336037548531433,0.1432873747835242,0.0978197496729602,0.3420651553648841,0.0,6.275467202847004,0.1516890007333459,0.15169628898599885,0.15170894197721466,0.15172779586255586,0.1517541975055931,0.1517902411911397,0.1518391920022407,0.15190626888397754,0.15200017688516335,0.15213634433299938,0.15234448299309467,0.152688707434181,0.15333076296777218,0.15475891602686145,0.15741997338973235,0.15048771743355954,0.1491792833196526,0.14944939278469074,0.14965498706177854,0.1497494045695482,0.02178138541736124,0.18111763889435756,0.0,27.603593041758838,0.2856228139149599,0.28560386231568424,0.2855710095960653,0.2855221709802092,0.2854540094051008,0.28536138163825275,0.2852363641054392,0.2850664905161736,0.2848314022833929,0.2844960438366393,0.2839956299002187,0.2831989644761276,0.2818107526113069,0.2791759430942098,0.27806833545410103,0.2965233836286381,0.29509554928218684,0.2931165420193382,0.2921434011272767,0.29174236564149075,0.00021332393595392,0.017531686722621613,1.5,-236.9804983292636,-0.19730133897727956,-0.19721252812827214,-0.19705844754085436,-0.1968290956707257,-0.19650840630723287,-0.19607149319664247,-0.19547975637574844,-0.19467191353433927,-0.19354665788830694,-0.19192658879472813,-0.1894757734616599,-0.18548732339317373,-0.1782526858424438,-0.16310976732269644,-0.14286808956608074,-0.22826019770919626,-0.2340717503323271,-0.2280994083409391,-0.2246728123369488,-0.2231955144530282,4.37248846797312e-06,-0.0022409519566962076,0.0,1918.4659057680224,-0.20528487297045214,-0.2052641269726223,-0.2052280850746513,-0.2051743209948711,-0.2050989157238945,-0.2049957520466279,-0.2048552443479963,-0.2046619692270468,-0.20438997891296395,-0.20399276136696187,-0.20337935433187224,-0.20234907238025104,-0.20037726200381198,-0.19575695094323464,-0.1851535323675435,-0.20458240804472894,-0.21084705405812088,-0.21076174801741127,-0.21041327368757834,-0.2102286771558246,3.23949669682881e-05,-0.006541272529841084,0.0,395.54651837686964,-0.10594361052873323,-0.1060131706580094,-0.10613435865450073,-0.10631593631843116,-0.1065722006716534,-0.1069257811468276,-0.10741278628788108,-0.10809266684874076,-0.1090683786962252,-0.11053135886539067,-0.11287409032530248,-0.11701889130216435,-0.12560649072496766,-0.14869909767377187,-0.22540400278518824,-0.1635472994277869,-0.10823095587149822,-0.09942145463310048,-0.09746584882055932,-0.09697777656875496,4
2022-06-08 16:23:40.725446500,-0.07562773795902987,-3.34678392694183,0.17504744843308706,-0.002304916487532448,-0.07462756720279448,0.23984394389447525,1,0,0,0,0,0.0,-5.453712596966309,47.10083306964302,9.757501920290796,0.04799855118182522,-0.29755240240047043,-0.12812328133105344,-0.025767902643835668,-0.02826288983166656,-0.03494087605138908,-0.0012433674966184714,0.029179405395893726,0.15084667525652476,-1.3538434692873271,0.2612598389234449,0.2852811578042721,0.3148723648195111,0.5479345425304111,6.804741955098356e-16,-3.0189893936835386,46.18882847587263,6.543211862899432,6.487883334603057,-0.2883858526670923,-0.09393771661947073,-0.04263346767852521,-0.03824516145500996,-0.08142353369157511,0.01739597601094833,0.04642471448809301,1.8490288274832924,1.2283219398631708,0.7957069550877782,0.3578467304501601,0.6132736773412171,0.9107121236494066,1.1235509289549365e-06,4.2827247346060435,0.7193143261567704,4.372338306320585,141.9827355595114,0.02516924226010785,0.048825739104906084,0.05404073441237578,0.02436137074526784,0.0998318449478632,0.09140055468746176,0.046141206602343145,1,0,0,0,0,1,0,0,0,0,0,0,0,0,0.04424615963706845,0.2413178227349259,1.6,-8.790047880497928,-0.1395228430814004,-0.1395487113119498,-0.13959342799500152,-0.1396596075755746,-0.13975137831681206,-0.1398749792602969,-0.14003976297379336,-0.1402598948099525,-0.140557287831943,-0.14096672965605228,-0.14154445780581654,-0.14237779032290976,-0.14354532000881953,-0.14434101677457975,-0.1306254473927675,-0.10408130927583804,-0.11876505457152685,-0.124863257627627,-0.12736177257408374,-0.1283242271272364,0.0033748700237088355,-0.0835875851949006,1.4,-119.31924156198549,0.4497475195839869,0.4497803165388028,0.4498369913461673,0.44992082369124375,0.4500369829166786,0.4501932607562047,0.4504012930760517,0.450678607126604,0.451052094172903,0.4515638780223208,0.4522803744897752,0.4532983648237015,0.4546682667537119,0.4552524499130377,0.4355597014961941,0.4017121043399411,0.4222521420442065,0.4304950667190237,0.4338386775049743,0.4351212731969169,0.0013461097235531825,0.04249546287137919,0.0,7.992833997401048,0.018913235839851827,0.01892324689822611,0.018940574387210533,0.018966270529742982,0.019002007597469058,0.019050336774566527,0.01911513345940591,0.01920237856020446,0.01932158107344681,0.01948849130182656,0.01973051285957636,0.020097518256796315,0.020676791129666,0.021475395959140137,0.018831294148019092,0.008784878632984855,0.012242210206134668,0.014010398630386944,0.014773794720296081,0.0150741245781216,0.10471075418471287,0.35070830978912704,0.0,5.620924525401242,0.14208629185823962,0.14208648707629645,0.14208680106941454,0.14208721052406864,0.142087667140044,0.14208807249557276,0.1420882246763935,0.1420876994224743,0.1420855669823846,0.142079654566241,0.14206438252711268,0.14202329099011646,0.14189643528522675,0.14138012044122267,0.13844116913248855,0.13800019026708354,0.14047953497462434,0.14115547824209226,0.14139097876558532,0.14147503401810707,0.34684090361392905,0.5309171879069353,0.0,2.957348468490987,0.1513068604597143,0.15130803532191736,0.15131007416064612,0.15131311026742852,0.15131735799645735,0.15132314989808893,0.1513310028650557,0.15134173983278615,0.15135672631390146,0.15137836575924155,0.15141124275994675,0.15146511291008072,0.15156402273039388,0.1517768352833394,0.1521129652246507,0.15098839429151142,0.1508542062302025,0.15091820108631415,0.15095845399415034,0.15097621549191986,0.03450849025195149,0.22204801246442288,0.0,21.296707253734414,0.2860372025259683,0.2860332998360846,0.2860265132290012,0.2860163743729258,0.2860021240411106,0.2859825711659907,0.2859558369424626,0.2859188724118241,0.2858664915711416,0.28578926531351434,0.28566840188014003,0.28546133910211824,0.2850522890331597,0.28403550471508954,0.2812362426266383,0.2848268599581057,0.2866786431308507,0.28684039408867595,0.2868355084722597,0.2868221855689987,0.00023305437800447183,0.018273488410974557,2.0,-232.36491061268185,-0.1988099923246409,-0.19883776135464612,-0.19888614876689206,-0.1989586671628203,-0.1990610513975,-0.1992023854776086,-0.1993971782506989,-0.1996693465086308,-0.20006037046412395,-0.2006475202214295,-0.20158957855696705,-0.2032607883077553,-0.20673705456697625,-0.21614466927739076,-0.2478232631617319,-0.22325249208547326,-0.2002694828413034,-0.19651029047684695,-0.19564665182719754,-0.1954226132507615,4.420692518658895e-06,-0.0022275461553216565,0.0,1923.0317375114053,-0.2098176458256376,-0.20981953364787387,-0.20982264897921252,-0.20982691111683494,-0.20983212017064545,-0.20983781367803545,-0.20984295542861275,-0.20984522898904603,-0.2098393265331211,-0.20981242814061574,-0.20973077724569575,-0.2094928207310005,-0.20872277948563325,-0.2054899666834018,-0.18664098232643767,-0.1832096583054863,-0.19918117656438736,-0.2035866538423079,-0.2051310866382892,-0.20568420095055015,1.9593060768952906e-05,-0.004703641226763614,0.0,397.4340659379159,-0.09997297801067616,-0.09997471108249556,-0.099977425501379,-0.0999807802171091,-0.09998409890415516,-0.09998605443470154,-0.09998400511269344,-0.09997252907758993,-0.09993995913367293,-0.0998594167869129,-0.09966266588354422,-0.09915031685799124,-0.0976022844076585,-0.09140048938586533,-0.056590582934932236,-0.05203415654467847,-0.08129151182493644,-0.08920694216333569,-0.09195507470103337,-0.09293439151447468,4
2022-06-08 16:23:43.475446500,-0.005624839382094137,-3.5724759901739764,0.16678884412286812,-0.07893260686326048,-0.1553415511811446,0.08620188619507439,1,0,0,0,0,0.0,-5.366060689911642,47.21109815588128,9.795918441612331,0.05412700417030356,-0.2987679258910221,-0.12817862518676154,-0.030353510024783144,-0.025006866210912426,-0.016940319993867248,-0.004411033704860487,0.022015054432157705,0.1884097901108703,-1.4320348419998687,0.2445039423057033,0.2812767431091417,0.2973976824516232,0.5385608984475072,6.804741955098356e-16,-3.070276833141576,46.19995698361308,6.581502095589273,6.488881933183039,-0.2884861462282657,-0.0943491995217003,-0.04267208311889069,-0.037954248935756,-0.07997190510496041,0.019002353200389108,0.045861411555250906,1.8106467975182448,1.2436546255601892,0.7779252786066604,0.35348019086581783,0.5972743323906831,0.8995471255108795,1.1235509289549365e-06,4.248144014778728,0.7096526400541264,4.326206659973951,141.98268999757892,0.025189708529339945,0.04835188845967845,0.05319851338533901,0.024031738476923543,0.0988687322372596,0.08985878209300592,0.045221663576323616,1,0,0,0,0,1,0,0,0,0,0,0,0,0,0.10520004232851372,0.3427045495977254,1.6,-5.65804671349739,-0.14589150816573224,-0.14593793715924466,-0.14601835546779454,-0.14613774831340987,-0.14630406558182413,-0.14652949482797706,-0.14683267545224704,-0.14724264410984195,-0.14780617894117365,-0.14860228231243566,-0.14977273923383735,-0.15159079435377115,-0.1546099557661197,-0.15959914589811705,-0.15436321673085687,-0.10843495436872458,-0.11857257616258207,-0.12519646152082525,-0.12819423160738755,-0.1293948414805542,0.0030062388589697266,-0.07721272085769243,1.3,-129.2508336164208,0.463821869518533,0.4638798834715132,0.4639800354250099,0.4641279449535318,0.4643324203933013,0.4646066297128613,0.4649700041124562,0.4654513029270886,0.466093466324724,0.4669607171420687,0.4681451783637982,0.4697457990432405,0.4715967135738719,0.4704326712053098,0.42373393444196505,0.3629513389795536,0.4091591102550649,0.42635371727120003,0.43316610073329054,0.4357532076607664,0.001935873841621789,0.04984259407424182,0.0,7.552234482479372,0.02083376539062676,0.02085673773553809,0.020896567680428024,0.02095579559753313,0.02103849112317291,0.0211509338105082,0.021302813085970318,0.021509405987620852,0.02179573400638907,0.022205058568051158,0.02281781730265101,0.023798522479511364,0.025524657726282433,0.028886956011808074,0.031142320233498444,0.008822442046253376,0.00979338400834612,0.01199567829956144,0.013109151948627136,0.0135720972677347,0.4182664319179733,0.5612191704820948,0.0,2.4802341345331143,0.14262077991994174,0.14262327519361054,0.1426276040580463,0.1426340470463324,0.142643054690403,0.14265532462143446,0.14267193842305015,0.1426946122544181,0.14272618100619278,0.14277160406280914,0.14284026031733588,0.1429518480212253,0.14315382884625538,0.1435746999741038,0.14412032196100275,0.14171890453377028,0.1415740868866699,0.1417470871765617,0.14184530191456787,0.14188753158773335,2.8603649108755045,1.1913606221621262,2.0,-0.3602987309077937,0.15139666354400705,0.15139297129342122,0.15138654568573556,0.15137693457139992,0.15136340291773848,0.15134479321568478,0.1513192705360863,0.151283838367316,0.15123335949419806,0.1511583998181181,0.1510399148505956,0.15083402693837952,0.1504184197035225,0.14934625368205434,0.14609940776032612,0.14944556138827925,0.15169757868229106,0.15198358647426305,0.15202468304923364,0.1520282800591359,0.06461188739530987,0.2900287322059902,0.0,14.990094989021935,0.2867213898334615,0.2867211499730855,0.28672071786909514,0.2867200372296598,0.28671901061536265,0.2867174718347838,0.28671513127362946,0.2867114620960537,0.2867054457203473,0.28669494633150977,0.28667497213784743,0.286631967896627,0.2865201338628812,0.2861238909669453,0.2841402417594067,0.28420736128668633,0.28583436329863343,0.2862467256401081,0.2863848290709497,0.2864330697995481,0.0002728241202880877,0.018089814444866254,1.7,-227.75560127100638,-0.20664077902134886,-0.20691895333371946,-0.20740168994276686,-0.20812054135051028,-0.20912624333432814,-0.21049749359127468,-0.21235658033322835,-0.21489811316761376,-0.21844479780642526,-0.2235640429071548,-0.2313364045333932,-0.24405515575705386,-0.2673490425488021,-0.3172211857487817,-0.3948692811135643,-0.13146732641468528,-0.1007206407897776,-0.11561308729185747,-0.12493737826508775,-0.12905125002405882,4.490199637804533e-06,-0.0022423215381232077,0.0,1927.597280400321,-0.21461276985377253,-0.21455617695028195,-0.21445768607389934,-0.21431036292855765,-0.21410293544680314,-0.21381765468700564,-0.21342639039694689,-0.21288322270178384,-0.2121094801915433,-0.2109608562819716,-0.2091466075613724,-0.20599902667836997,-0.1996663409285304,-0.1834359539792416,-0.13486866549420995,-0.1856476750337208,-0.219164084274432,-0.22342403775576256,-0.2240546260476464,-0.22411829287424026,2.75154821243809e-05,-0.004136294302833236,0.0,399.3025452078846,-0.11302179130549204,-0.11280620041621604,-0.11243099628155306,-0.11186975750359453,-0.11107953329000253,-0.10999269052206627,-0.10850203158836537,-0.10643255521097572,-0.10348442225934916,-0.09910760802949704,-0.0921939520160251,-0.08019902487869324,-0.056071557032877806,0.005691991097695137,0.18954636314063225,-0.005139676271276983,-0.13139856102428735,-0.14710738882993368,-0.14932267233313468,-0.14950075499067286,4
2022-06-08 16:23:46.225446500,0.05122260128665704,-3.7923869617826806,0.16718574944860307,-0.15480054153639575,-0.2385591202898351,-0.06789373645076491,1,0,0,0,0,0.0,-5.437530452491782,47.36290417220606,9.979516208153576,0.0602554571587819,-0.3002304876634385,-0.12995430047311296,-0.03339056158472432,-0.0218936112740018,0.0011071371492480668,-0.008170540582740377,0.01500616000955162,0.25088616811978964,-1.5295739358490992,0.20549700696386256,0.2707214777701837,0.2529660880720975,0.4995592152614266,6.804741955098356e-16,-3.129571242021767,46.18861088613299,6.633375803398801,6.4901947615686675,-0.2885295713388801,-0.09474177921918464,-0.043236966054750935,-0.036865726375012786,-0.07570981071957875,0.0208727258362176,0.04357689357252496,1.7554977844694348,1.2518378426535033,0.7373095280472831,0.3583962815171231,0.5592107364147756,0.8849437623845219,1.1235509289549365e-06,4.259761592370666,0.6879082153903218,4.35005113367998,141.98263013479084,0.02520710638910336,0.04854151832463785,0.052944766159138915,0.023606643193805527,0.09790945115121134,0.08841751963092735,0.044018785672843036,1,0,0,0,0,1,0,0,0,0,0,0,0,0,0.4168671651903895,0.5187589177027303,1.6,-2.5328974151501007,-0.1591023407057985,-0.15913949079974218,-0.1592032970719549,-0.1592967586958866,-0.1594244131328126,-0.15959268058434767,-0.1598102547284383,-0.1600882893529431,-0.16043942736472724,-0.1608721013566951,-0.16136578062557785,-0.16176101082157768,-0.16118012436443038,-0.15380619857986752,-0.08848774764355173,-0.04562647365263165,-0.10460824609362523,-0.12370781588826404,-0.13094906006555426,-0.13364612792530886,0.002684206392523295,-0.0706376545985424,2.0,-139.17226723313158,0.4879867526900483,0.4878619883368511,0.4876440604361018,0.48731622317401596,0.4868509357182571,0.4862041460517999,0.4853046297342498,0.4840332288397953,0.4821796248774164,0.4793438886272909,0.4746841566598805,0.4661586469351287,0.44768478362024666,0.39469476850397933,0.19519839674556128,0.29966908216863297,0.4502886368455474,0.4801363089189943,0.4886132127247711,0.4912788314746612,0.0031750926181634068,0.04213489331910827,0.0,7.116079660539687,0.0272010025406354,0.02724302706870341,0.027315661859824814,0.027423135967955314,0.027572123414672637,0.0277727029284226,0.028039968058855225,0.028396751689750418,0.02887832445137656,0.029540591248271908,0.030473801367725113,0.03181809597477983,0.033701505853199504,0.035011287361077885,0.013111514056413393,-0.0301716804251872,-0.006752860333944705,0.00311641027219442,0.007195051441588329,0.00877267134310479,2.139892173124444,1.3630234107457233,1.5,-0.6606752608135161,0.14293690112280996,0.1429436400270952,0.1429553284009505,0.14297271938477685,0.14299702145014706,0.1430301035668323,0.14307485853654328,0.1431358663659906,0.1432206707067755,0.14334241640029732,0.1435258228573027,0.1438223603959088,0.14435412615198415,0.14543814920245002,0.14662320645977994,0.1401017464134436,0.13995372338787465,0.14048768355100022,0.14077636291257975,0.14089879449473705,0.24094865383824096,-4.804574732870453,1.7,-3.6787155002911387,0.15071254817857185,0.1506906929426159,0.15065277539778474,0.15059633383656956,0.15051741372011762,0.15040988927843232,0.1502642585265445,0.15006543458391647,0.14978847403451562,0.14938968982626855,0.14878632967361,0.14780416792777187,0.14602162704934554,0.14228465468475274,0.13723047304742025,0.15822315555782065,0.15972262732389514,0.15827249276981212,0.15743569261056106,0.1570743133620887,0.16707038940470084,0.4175605093248827,0.0,8.683051102504326,0.2869712016303908,0.2869661983537111,0.2869575038199861,0.2869445285481502,0.28692631941375635,0.2869013865775609,0.2868673911616548,0.2868205609724277,0.2867545306965734,0.2866578462432768,0.2865079932868614,0.2862549503845797,0.2857665337764631,0.2846034495986787,0.2817806697312272,0.2864301928845004,0.28816403763637866,0.2882055973563026,0.2881436985565785,0.2881071687461273,0.0006240553154848329,0.011905670016025044,1.6,-223.23052866428586,-0.2988443555210765,-0.2997876547382248,-0.3014184368488841,-0.3038323980358548,-0.3071808891083929,-0.3116932600021425,-0.3177148367101648,-0.3257725545252068,-0.3366923005864768,-0.3518179914430277,-0.3734384763978831,-0.40562359990259056,-0.4554033365145971,-0.524559146182364,-0.3369485424588454,0.4999267738432156,0.2725407000497304,0.14326768592402314,0.08432881783158841,0.0603604755626781,5.042929426483743e-06,-0.0024313531950754122,0.0,1932.1796938680973,-0.2024506978265208,-0.2020709120144204,-0.20141281612760054,-0.20043513284849726,-0.19907194632844494,-0.1972220086604608,-0.1947300654976516,-0.1913533760099284,-0.18669876807426533,-0.18009630064425153,-0.17032320951673086,-0.15493184322678388,-0.12839828286892185,-0.07726153835695015,-0.028412796751830168,-0.3374920790288201,-0.3488050096944661,-0.3272709679801622,-0.31505806006659753,-0.3097186577350559,0.00018134944420634776,-0.007188728668847771,0.0,401.219859553442,-0.0769034714747221,-0.0754556368265824,-0.07294611638243964,-0.06921626097127033,-0.06401239571777495,-0.05694416558722892,-0.047411551043364135,-0.03447347550897106,-0.016599543388192473,0.00883115923176625,0.04663248787240981,0.10651576068640443,0.21062745055542464,0.4143583074442408,0.6386347703724304,-0.5233803004580206,-0.5961256815667468,-0.5265570134251503,-0.4858972452662167,-0.467939515469125,4
2022-06-08 16:23:48.975446500,0.11743032264283752,-4.129394615295351,0.17724165998893948,-0.2278760338937337,-0.33229117001316394,-0.22515299826939145,1,0,0,0,0,0.0,-5.655371340468018,46.02234918621952,11.713054555235047,0.06638391014726022,-0.2961242633560367,-0.14121104501566356,-0.029416222517399844,-0.00178312417547695,0.01866401563635513,-0.01141858582504524,0.009056516450354563,0.2858593893482315,-1.6122110675042405,0.17080190727601738,0.2558182796432905,0.20963413666954572,0.4562621493511582,6.804741955098356e-16,-3.1888111118693727,46.17405744113386,6.708711302915446,6.491647371151286,-0.2885915909551892,-0.09534512178190746,-0.043644669208824254,-0.03563862103223315,-0.07107105488998146,0.021286787816545333,0.04102052500605808,1.7362755892488722,1.2901738868059744,0.7025666397372382,0.3639667629624171,0.524535669899875,0.8693980312204145,1.1235509289549365e-06,4.285973042559302,0.6749421399927449,4.406421989218622,141.98256391554423,0.02523317620876191,0.049093544801195,0.05330006155534968,0.023325852098852184,0.09693171448370766,0.08819242403788992,0.04267704702257502,1,0,0,0,0,1,0,0,0,0,0,0,0,0,2.479800438893126,1.2276363415115186,0.0,0.5795792916108302,-0.18483861990226047,-0.1844164411174542,-0.18368369411019855,-0.18259233817237525,-0.18106519324571613,-0.1789827128490974,-0.1761595291551522,-0.1723015289353953,-0.1669228606810842,-0.15917257043244626,-0.14743188767772014,-0.12822682481313652,-0.09256041738827543,-0.009032583974181295,0.23226941518228975,-0.009972071327674891,-0.19962180578801336,-0.2349416717806469,-0.2440418151310646,-0.24649863378016046,0.0031537125572804565,-0.07227147273961464,1.7,-149.12393691560138,0.4815607820527994,0.4801683479677816,0.4777530811129882,0.4741591858424492,0.4691368342603255,0.4623000512340534,0.4530523787557055,0.4404517450169436,0.4229518356681914,0.3978707361221083,0.36019230594046325,0.2995065238838679,0.19083174403456304,-0.036862560550723344,-0.4208847740380799,0.6807772626245998,0.8887774177724355,0.8586584713674159,0.8323756523669679,0.8197158165110716,0.012624911027041292,0.02506352261536725,0.0,6.693050273773798,0.046641699392028224,0.046543701039236766,0.04637308532963602,0.046117743041083965,0.045758010341872164,0.04526297826285092,0.04458379081622832,0.04364100281458494,0.04229918567188232,0.0403112446959053,0.037180665214255296,0.03175702483605239,0.020705586603575327,-0.009867633161562,-0.13544608125169494,-0.10462881334804958,0.0019406800227362853,0.02964061863859668,0.0390344315789094,0.04227856217441521,0.2083016402181322,-3.1417788490752594,1.4,-3.7999691786744254,0.14486966741231974,0.14488420445241956,0.14490935287408932,0.14494661715863089,0.14499838234776752,0.14506827378278198,0.14516177033996927,0.1452872661606151,0.14545796508348885,0.14569537437194066,0.1460358331458141,0.14654144431445454,0.14729955018846685,0.14810263659245587,0.14199257104709767,0.12679327545142366,0.13388800160030306,0.13705232493693326,0.13836642705142768,0.13887425866178466,0.08055152952657926,-0.824667678683894,1.6,-7.0031746687535525,0.14397967473088524,0.14392026750949838,0.1438174718374594,0.14366509588166487,0.14345331273491996,0.14316716058827256,0.14278397480903834,0.14226891212397685,0.1415668778305803,0.14058734806669626,0.1391748245733913,0.13705289189289996,0.1337675017746469,0.1295464251624614,0.14737330202186566,0.20623031585357576,0.18429808139101195,0.17354161190126255,0.16892719513742535,0.16711373686554598,1.2106142548663876,0.7462244878856842,0.0,2.3743284105181135,0.2855379341798009,0.28551510858287144,0.2854755653994345,0.2854168401366495,0.2853350001129793,0.2852240109041098,0.2850746325927689,0.2848724484229811,0.2845941819936773,0.2842003892194569,0.2836198413658887,0.2827133111215444,0.2811861234026606,0.2784931159445862,0.27884595361548753,0.29970474330082697,0.29709211717090905,0.294672458039279,0.2935102150764841,0.2930313740349503,0.3052616561681328,0.03771888699618864,0.1,-197.62010948183425,16.286182366641842,4.953717071755777,-8.488396646051733,-18.48487829381782,-21.18683271469373,-16.019777425997006,-5.688405615930728,5.285341249226421,12.700088892177956,14.433964563945118,11.04492041414965,5.0736919305537365,-0.4302380001948905,-3.2562589664094985,-1.9278839888609876,-0.5549780412344879,-1.6899560994981733,-2.1174260451777185,-2.3259004246468344,-2.416565475410454,0.00028060988077093294,0.004683228835244444,0.0,1931.0595859343493,-5.492344121354506,-4.378960851190499,-2.7973703068137747,-1.0870061518233456,0.40515093147907066,1.417417654851647,1.8448435503646292,1.7638999641630022,1.3968012526363578,1.0223030509799642,0.8621021729569449,0.985863701842952,1.274473179165362,1.4501687678123505,0.9173284547237444,-0.2713525356137865,-0.19409768525198245,-0.14634139182942366,-0.12400570988941695,-0.11474621952438555,0.11888812540050295,-0.02599285112476396,0.0,387.64350265101484,-11.56768458600608,-1.3689261482610888,10.7019712224943,19.541704156365547,21.489682022248,15.806959033961256,4.82423095185012,-7.225675117680835,-16.079805963958087,-19.14113020760284,-16.28224588002289,-9.525192658093626,-1.9118280369438219,3.746453003907997,4.677390203410715,1.1408449151727795,1.5970973296217492,1.8272146558901028,1.9444722360813795,1.997461244548837,4
2022-06-08 16:23:51.725446500,0.6426386743247499,0.6115900393918147,0.5461187195867352,-0.30228443349895456,-0.4531638585987654,-0.4068476617892615,1,0,0,0,0,0.0,6.606014104352053,46.310862070310925,-2.5672400848168184,0.0007252366313478724,-0.2888164752604937,0.008520390067057773,-0.1579954094069496,-0.024233065934488075,0.0030746478221238675,-0.02300495487199184,-0.04812957612074945,0.28892438426991834,-1.6421249026480125,0.1418403270038709,0.23655128307602424,0.1673738791999869,0.4086133888552347,6.804741955098356e-16,-3.195895029532574,46.147471052149974,6.765356833383312,6.492804954095044,-0.2886075481787617,-0.09565969026710433,-0.04431893820490119,-0.034237698485689916,-0.0663161033330282,0.0199174137692838,0.03789097313773874,1.7423545850626962,1.3347536656370584,0.676939519508833,0.3691841903009383,0.4938493170022268,0.8527964148164647,1.1235509289549365e-06,4.360651930303671,0.6614208248798429,4.476284918198474,141.98251115893322,0.02524416079455541,0.0499058033264922,0.05452008594660786,0.02319413696624821,0.09570355353897862,0.08882638651961226,0.041557243250762925,1,0,0,0,0,1,0,0,0,0,0,0,0,0,2.381209592995793,26.362246838867,0.5,1.4732962940217718,-1.7611006377464875,-0.02345873726619829,2.08125928135756,3.684131773053081,4.082289045617569,3.0127124115645394,0.7633070972508407,-1.922564425336972,-4.1154367368617315,-5.045276461865628,-4.395830917966649,-2.4369739799535193,0.06105046007766615,2.127983286773107,2.8682009114826696,0.6708033813662615,-0.10129362171898104,-0.3370987497401521,-0.4350910644597473,-0.4733850683219473,0.20159160719209934,0.2575146456573379,0.1,-140.8497773561876,17.083095234025663,12.699232331056617,6.807687253618018,1.0285877056183317,-3.1914171481283926,-5.040941029579091,-4.571390499352026,-2.6155435927784536,-0.4336136477996075,0.7798985093292474,0.3475898757605567,-1.6435675665187723,-4.382626327225871,-6.614036799241839,-6.117006635255297,-1.1243410487787164,-0.8453308523969847,-0.8139626393138113,-0.7955198507496349,-0.7869355296573394,1.324325302045308,-0.4192022385372941,0.0,7.003093684607926,0.6089401232260974,0.12183941501038092,-0.44399826121081465,-0.8233207877053854,-0.8113685348090536,-0.3506492982721151,0.4372555277585119,1.2886177501596534,1.891215237891736,2.0009904948574566,1.5384030936917428,0.6271551782055391,-0.4439742403610696,-1.3420178298151382,-1.8512931971852216,-0.9813435249117768,-0.5167512284225091,-0.3638025076827,-0.2961365278609266,-0.2685456327479193,0.07407368023833782,-0.7242499841435834,2.0,-6.93882714699349,0.14723315903144152,0.14723958411723026,0.1472508556649933,0.14726789081084826,0.14729212456213134,0.1473256663293293,0.14737147109420462,0.14743336114558794,0.1475152375972512,0.1476168986908402,0.1477158096304051,0.14768543677710236,0.14687472747336194,0.14134529184706116,0.10479288245608127,0.10861638253885172,0.1406641674687118,0.14731702651159312,0.14894814149801214,0.14937856196808472,0.04428985283252283,-0.4894586394458094,1.6,-10.349961601167491,0.11495222994613385,0.11495722338381187,0.11496776812205113,0.1149878331842772,0.11502450136558084,0.11509024002845734,0.11520739441134648,0.11541747436603332,0.11580161497521005,0.11652965045706487,0.11799195675922808,0.12121437606134194,0.1295102724641221,0.15795158624224406,0.3021617793180087,0.3292078747373129,0.2120477570499833,0.17700569605255656,0.16354173029449526,0.1584564573158504,0.6037922246674152,3.5083037891345845,1.6,-3.9501408914648337,0.2683590971780798,0.26832212679158146,0.2682598582116918,0.26817148137211605,0.2680562989668652,0.267914467617748,0.2677486002036714,0.26756728432915466,0.2673930528943955,0.2672813210579703,0.26736858541723124,0.26800847197231514,0.27023280039217845,0.2781130927116008,0.3211040229053392,0.3662245063116716,0.3370412390107521,0.3231439138719069,0.3161613772431916,0.313164771306232,1.0829812759453272,0.6225365840602629,0.8,-125.98878539191456,17.81927271878424,-12.75923437373113,10.11122921352674,-8.774520661642354,12.113088163531165,0.4901733377206998,9.97873271513012,50.609638703316534,-13.237068922353599,-43.2679252514423,-7.764230196740466,-11.311437938137678,-10.867817073977823,-9.308521707968424,-5.578401708419224,-4.2745948872579,-5.479570870684924,-5.626978148182922,-5.655076892104293,-5.657271942613359,0.00046781160046536466,0.004680049897593332,0.0,1919.9614776208402,-6.18531589376704,5.9722947455104824,-0.6949063644592002,0.5292504827151845,1.9504223928394708,-0.2871848854425707,3.61580382925672,1.7398506990539104,-3.965883031499701,-2.7493926640349216,0.4966880539803071,0.8724332091643492,-0.5690695444115974,2.146986885716011,2.5519670684078406,0.024849737369912358,0.24132815296398746,0.30656457320163355,0.33731805294655715,0.3502649813445986,0.3269354050377708,0.28703696404844264,0.0,338.50699420875964,-12.140570629331693,6.186689738458058,-10.191775441161038,8.730509902596161,-15.838736288903014,-3.648195933083056,-14.91642280154948,-60.55439411832962,9.665263732793354,45.04389727471792,4.168655107749661,13.868944378672305,12.062642576528615,4.939693114176783,11.107477525824764,6.199901111349102,6.9787165180608355,6.899029311685205,6.816897454071728,6.772314458224736,0
2022-06-08 16:23:54.475446500,-2.578597719947191,-1.1797125306370386,0.9631020959643944,-0.1406618170864833,-1.0589820344090717,-0.4121334427418745,1,0,0,0,0,0.0,-5.602227080149682,44.9118448453406,9.221128060138597,4.7290875006368546e-05,-0.282474733392848,-0.1188190160274525,-0.0067471491204202155,-0.017246900043424992,-0.026700334381330296,-0.15387467115232228,-0.03821591261907156,0.25901451244105794,-1.6064804403534418,0.1166733309984194,0.21623324413232628,0.1305361985047098,0.3600931278097164,6.804741955098356e-16,-3.2726707819131984,46.120349754236145,6.852840615536917,6.492985275127999,-0.2885510610946055,-0.09643236651622912,-0.044082300216663886,-0.03307154871279875,-0.061656325178849725,0.017057323361503368,0.034518383661375496,1.76239697586501,1.3470687197045648,0.6592909712948717,0.3719033949089511,0.4677309777190964,0.8370258262808179,1.1235509289549365e-06,4.347465608095337,0.657719444774725,4.484772075365964,141.9825029239518,0.025250314228273733,0.05014838915047955,0.055355833969239585,0.022800863530367702,0.0946083914084664,0.08962495036390547,0.04054345080159865,1,0,0,0,0,1,0,0,0,0,0,0,0,0,1.8338609838603819,33.24253607377057,1.5,-0.3899434468615239,-0.8649887831316452,-0.4786823732224002,-2.0400296992864586,1.4266289595873705,-4.298299724163636,1.349128066332166,1.100228375476854,-16.152437756392864,-8.658929174399491,3.764609270986172,4.2137238752327635,7.378494392355335,-2.1404475230369218,-2.633373322873957,8.011922272326771,3.3968273770639152,2.2677570831277523,1.919751213044994,1.7598894655086041,1.6929664866276264,0.33098539653933123,0.21076642218622807,0.1,-108.16565591549858,15.588326094674963,-15.016809570250398,5.004768924438056,-3.7174192843338014,-3.7239136160685518,3.0902159852261697,-7.742690173878403,-2.8324446293092578,1.3349534498368392,-0.16152493775880705,-1.3596524892378117,-6.470444978079832,3.4942007191030617,-0.2648119935485749,-8.767319081282833,0.4206107730357305,-0.11008357203786856,-0.2344033922014224,-0.29300144686928586,-0.3176056721019027,1.755807069104768,-0.9313426581052948,0.0,7.123448469905213,0.0904409779870246,0.5413363665985018,0.29587359966960786,-1.1366570541832046,1.298139415796716,0.9803742288920844,1.6258267246703662,4.201903310866981,-0.041165759040073614,-1.2505115417390271,-0.4438425141560913,-3.1077046045795695,1.0743605662246836,2.0523464662818363,-3.2028292562189726,-1.31791011762832,-0.6887060447242369,-0.5041902334310006,-0.4217436888891022,-0.3879691499830807,0.8298922668692169,-0.06791125971465188,1.0,-8.48355288970666,1.5424365684913912,0.9675523903971486,0.13400844339239049,-0.7175051880799783,-1.2558856461582355,-1.2057485492572375,-0.5319047801803386,0.4786802442857118,1.3342202664974243,1.6126211412715157,1.2200511044731488,0.4466210823797482,-0.23930986855045386,-0.5354222066208417,-0.542424431398825,-0.22744688209231945,-0.11771452252349,-0.1030864551270893,-0.10050424988361388,-0.10021139181537707,0.7625714562028866,-0.7258244400306209,0.1,-11.631844362845941,1.7779129183791924,0.7810397082396959,-0.5066335437579534,-1.6393189461458222,-2.2152636426639103,-2.0460614551968983,-1.2567155922867317,-0.24126365760557816,0.5320448388519718,0.7737117320178415,0.5344564272025496,0.1640254833271778,0.08159098411218946,0.5138964190577018,1.3839272709743908,1.0145732354960997,0.6942321161721959,0.5915307590594755,0.5412050797484261,0.5193678426374638,1.506668613246732,-1.157397597274958,1.0,-8.617865096171126,1.7758684174908286,1.2835719142317932,0.29949752515117245,-1.0316262937125793,-2.1559291236088534,-2.362756485305734,-1.2932596860294523,0.6859127859937846,2.588288650936871,3.391363386507072,2.712911633063805,1.0817420877074868,-0.4256631471555724,-0.9486772620415852,-0.4506838191105516,-0.07863690602948488,-0.040722773530141386,-0.03689132372031767,-0.039235776165082885,-0.041047882388841696,1.5887295178518859,0.10422852588484087,1.0,-66.90811274411512,-31.47117816347415,10.400885549381996,3.1264198334753543,-12.377070135736735,-2.0291802598495767,4.92430519955853,-20.683721981166908,-23.665882302919837,-56.87705608034897,18.574968956442834,8.500331805106331,-1.6937677800394564,2.66548945356966,0.4049599126625951,7.173164983996443,4.894488083516369,3.7965790805327058,3.3396812596411745,3.1207949378466058,3.0272407945060635,0.0005503149560236408,0.011925525083416362,0.0,1904.3493647731996,5.110617260441501,-6.2658166436473275,1.3055628408595226,-0.3617959184027768,-2.0603964528130234,0.541681684282878,1.4047544609527451,-2.9591883158073813,5.5717181276787215,3.564879289801972,0.9935132553638509,-0.2366757585209989,1.6950008259215323,0.34807203612376725,4.3249276734873305,0.6400106964414647,0.7963696842181491,0.8028094308232738,0.798061891947512,0.7947452506416433,0.3776846728649549,0.07273900290707705,0.0,277.7042531429179,6.5005134084259675,-7.927789154880995,-2.223793473286122,14.355498632971852,2.240637924303245,-4.879280325092448,16.984458115217464,22.366255894129143,71.04091821436606,-18.87715927708826,-14.910793212405965,6.0475046192584285,-4.218974297274084,-6.142211015855132,-1.9695478148650647,-3.635856058815836,-2.9775552893215536,-2.7627925503339714,-2.6636339521541244,-2.621389221871399,4
2022-06-08 16:23:57.225446500,-1.2639968157251562,-0.2931708474542937,0.5508034094873656,0.6884190823990047,0.4177307540634033,1.2624664775263368,1,0,0,0,0,0.0,0.4424737697112791,46.18356075773622,7.0476333317922615,0.0005392754373187566,-0.2918137764183713,-0.09160562895574616,-0.04540089516172369,-0.03982580638664019,-0.19514852428627266,-0.025594151042994732,0.07692512619732135,0.20199013825807255,-1.5467997608586583,0.09405564035997477,0.20014993318077173,0.10469548779749853,0.3197523153763893,6.804741955098356e-16,-3.2734334556361167,46.11202518048423,6.8990194034150765,6.493065574595353,-0.28859769717630496,-0.09676975709982656,-0.04423024226693624,-0.03222906911918763,-0.05821782582555576,0.013252478902742514,0.031775924064834364,1.7488209137886217,1.3463330102520024,0.6477545022815834,0.3692196482503052,0.44563004451406696,0.8155565057513776,1.1235509289549365e-06,4.345923222519039,0.6544299502935353,4.436639006904722,141.98249924776889,0.02525371579108104,0.04984837937907537,0.055829056588968334,0.022668146317431536,0.09340678269371347,0.08818374247529469,0.03851850836829816,1,0,0,0,0,1,0,0,0,0,0,0,0,0,1.4249427152534615,7.156010344478741,0.9,-2.2508380883299828,0.18515627128846868,-2.3119348557699113,-4.390880321008492,-0.5823726849661881,-2.010939218426162,-8.69568240810113,4.523367717176206,-6.866288565190295,24.96631875815511,-3.5166509824442693,3.3239538467893865,0.1343309155689223,-0.9442064072155372,-11.179047838376697,7.667056397509445,1.1985573065895359,0.8252525673907045,0.6776573834806179,0.5947579621405099,0.5579178438851928,0.7251944100428739,0.3419343719004504,0.2,-70.91409280061369,-21.121415478404263,10.758014927642083,-5.432060188559961,-6.163267272929659,4.567181928525931,-4.294740970675359,-4.56626872046255,5.301977015683024,-0.6777222230884805,-3.8267659708915622,-3.6966555746810417,0.7300897194333951,-3.044218405634793,4.5825326909852855,-12.463297705106001,-0.5529225073085109,-1.4482987158459035,-1.6315911970423256,-1.6956715728598732,-1.7195678495854263,1.8151564556537547,-0.7337188179261174,0.0,6.444670190463857,-0.22805589401639315,0.4858075489150083,1.5624437265521829,-0.5810663850383249,1.4318944020906854,0.3877921992321653,-0.2345033686620259,-0.4692205343219332,-3.6003025018790904,0.7204720061259706,0.2135045107979563,0.9119726637023976,2.183693247368906,5.097093457414644,-4.271828493548208,-1.3183343773720826,-0.8956375265237844,-0.7260493305425288,-0.6461590589273942,-0.6128968994736393,1.7409523795784885,1.0706254763302825,0.8,-5.899793754995756,2.109614916408465,-1.254588314993402,1.147200784068237,-0.1232902710668704,0.6469907185684874,0.8009603970490087,1.1195672452185643,4.299052501514392,-1.0416058465752835,-3.465420039168727,-0.1919513287430156,-0.7539119940452272,0.3938960420791842,-0.29781438158429824,-1.6168053843557098,-0.6510543533722613,-0.5272876863196116,-0.4903563511267228,-0.4700601273055831,-0.4610846088103935,1.6540832096425544,0.6173663082752567,0.8,-8.168337988554928,1.9340065602197576,-1.6065467412498144,1.169613833883521,-0.6424161557198932,0.8544231145485512,-0.6308988240604279,-0.9856982975013988,5.329200711000985,1.9208757050286005,-3.6474605517329697,-2.247012284229399,0.5486431675390212,0.7279908412141303,-1.9034380985657595,0.3856645297768764,-0.4007329457838818,-0.5172460207127938,-0.5320223813662445,-0.5362990325203979,-0.537390287309044,1.8067921753952492,1.7235902966489245,0.8,-7.2870670056145785,3.2853786348398923,-1.2354844785661858,2.0722738038564232,-0.053231144069511016,1.0667912025010082,1.7342855225678109,1.2552840560851304,8.121325385831783,-0.13744189084638694,-4.830283353140773,0.4230335083182326,-2.8939560090826633,-0.752039420239172,-1.2312242737001915,-2.0033158580799566,-0.9552717692547968,-0.7551915962724746,-0.6946469010719449,-0.6631464629094188,-0.6492092354096313,1.1533395152441566,0.6460193862553901,0.9,5.352496322107852,-5.764224981866218,-14.734515342921615,-15.544348453874214,-17.94291394096759,-20.186550535126074,-20.38675889786729,-35.33925333298074,-57.24402225058607,123.25920777647356,12.961764908014064,-1.3702633689810924,-4.4438621243969205,-6.404942356046213,-11.84450325356405,-0.3851181794218501,-4.701757128973533,-4.830786733714029,-4.98171783105531,-5.063227168333639,-5.099648698075018,0.0004142662793531861,0.007427282000471788,0.0,1888.300299229145,4.821943509926228,6.516468428558112,2.7356928211014804,1.3516339809271756,3.0955647366329515,1.0865897880617723,0.6744179520851645,0.11504852463296801,0.22092903323112975,1.120316851915888,-0.31275736471037163,-0.26871356371056976,-0.2427970198570009,-2.172156220168596,4.298702798819527,0.5056135670483073,0.5286964495693809,0.5082956233682411,0.4986872678872096,0.4949618873860047,1.0330228078642618,0.13123234963888175,0.0,223.5467706460934,16.697064387151922,13.930127591895888,11.816132589182933,19.863759390494447,18.55495069527409,15.781999892934751,33.18727896439199,69.4422502870315,-142.52310080340538,-15.420747514985646,-4.914894443511964,7.249201871251972,6.737698855597478,10.30503210959025,3.0042652978392645,4.696130590482834,4.344610984581826,4.360493603381508,4.376547324017873,4.385425361382091,4
2022-06-08 16:23:59.975446500,2.2149428006352867,0.5892981262719634,0.05683713414777707,-0.2808945873994734,2.0432914738804917,-0.615261122089203,1,0,0,0,0,6.3992,8.408630769937227,45.88634344373935,-3.1954958862005562,0.0005225917624288931,-0.2922246900774333,0.0205440363044884,-0.19202724890556955,-0.01678411270975906,0.09514617017785984,0.05877281974671154,0.05828564776098257,0.21363475560417775,-1.535770024701352,0.07832513227958503,0.1724119153390058,0.10041303819415913,0.26725922688518683,0.05999250000000068,-3.1089379106963535,46.07578462636058,6.793984242421232,6.493256206858122,-0.2885823345169582,-0.09529377431596417,-0.04680385680718447,-0.030858352887717082,-0.051957905767724334,0.011754284138099437,0.02937316898896885,1.7384888102579052,1.3408252208906672,0.6434454928263992,0.36126370763446863,0.4507405876296493,0.7878775821560645,0.5185490315770384,4.424282186968223,0.6157634976283262,4.4100178997486905,141.98249056080232,0.02524756553203517,0.0498767594600956,0.056777110035955126,0.022593705533855032,0.09247223811192176,0.0861886710855462,0.03568901862012811,1,0,0,0,0,1,0,0,0,0,0,0,0,0,2.0485429498527523,-1.0538645819698245,0.0,17.2404803706985,7.716557926566327,-7.806151376839018,-9.129728679279603,4.372956178823961,11.066408898722576,4.308815892030607,-0.4613928222819479,15.5238595411186,-21.931146726210944,4.269871570222862,1.3100043929827585,-9.218954258885736,0.3342740887296387,-3.7088706272872765,4.500537150672461,-1.899512014431048,-0.9588843105481232,-0.8330340456238833,-0.7847784644143132,-0.7659525094135979,1.274131580791305,0.4903638753017935,0.8,-40.97321644148211,-19.289982832032308,-10.608094356781624,-1.979728894245331,2.6065523780211137,-0.6147093932821082,-0.9714749380037286,0.5573953412232193,7.747406056434423,-8.081799579537867,-3.4703792696239133,-6.830979876817453,3.3956031860827403,-4.752764644938917,-1.580342167794444,-12.655679332057064,-0.8706998422052692,-1.3599644788161869,-1.3653799307865773,-1.3563194224043995,-1.3501705442577092,2.308343137425998,-0.5497356299256912,0.9,2.407660450124033,-0.1726365457236062,2.5572623047080336,3.0568789592204313,-1.891274357465064,-4.525616793949027,0.3501930554170914,0.4896656147876503,-5.091192735814593,4.7162950273195,0.4555660473593241,1.5629206158348274,4.670993559655012,-2.363410207071765,2.5069402589209684,-3.814835062240274,-0.5494339354190249,-0.42506927821813145,-0.3316850056807024,-0.28856096730295616,-0.27061774296460384,1.422458496741465,-0.01788632583542339,1.4,-6.844646972188142,-4.354068150130236,1.228583976109061,0.9657253821123122,0.0050955049051804036,-0.19211372624357187,-0.4836453568442606,0.5922705299267754,1.3038143925190946,-2.363718221896457,1.5317984340504878,0.2661289163641873,-0.2309506032935457,-0.7514421726636625,1.6357127167197258,-1.317059163147475,0.06302839528068649,-0.0013516948515822635,0.01645765485340139,0.02399061666235791,0.027008026126830648,2.29691443486958,5.549050953384457,0.1,5.131419953892734,5.159642229249871,5.145053328741805,1.0519929205851548,-1.4253395976918697,-1.7701439043375609,-0.09736482004342606,-3.090206519445728,3.135248440114823,-6.796409020537594,2.377641789251026,-2.7878600116544088,0.1096831060880994,-3.2412435795243595,-0.8039896045966568,0.530165528390252,-1.2864585203109462,-1.3147844866472378,-1.355691910755013,-1.3707920171144232,-1.3764276631420087,1.6106598796331522,-0.338442075608598,0.8,-9.735653214454633,-5.045211236581078,0.5723248821246264,0.8072685881729621,0.0456040233915252,0.4996731192396501,-0.8541737520677395,-0.012164375274786532,3.8042318911325896,-5.078206296649271,3.0233156172030986,1.4695897701764191,-2.308720835755082,0.5559641495885929,2.081539956389531,-1.4211407114864132,0.2026399908590829,0.22973826863035995,0.23871516348288635,0.2412806328547921,0.24205281357417,1.227156264754124,1.7575845254510771,0.0,48.657599909833905,-1.7177686627187363,-3.2065149352395452,4.116772947007089,0.5298569382863398,1.7843276920640658,3.1367981246595127,10.678873949262655,35.249489050508494,-105.13496270850773,-22.803658092384325,-18.969874822062565,-15.085065272424238,-10.32705856209179,-8.486696171413866,-3.3221154749660466,-8.938160228296148,-8.619104233189613,-8.395632104709005,-8.266849705270102,-8.206907795481198,0.00034121859145029815,-0.005000780526611068,0.0,1879.7767722761605,2.0074086437815595,0.04366042831074424,0.9929490500935004,0.4639966668312922,0.36255090930052347,2.10429914400639,0.13125155097056052,0.041412830631273316,-7.267619786115901,-3.035933283669216,-0.5159183606049424,-0.25116388168589765,-2.245407374349014,-1.9489493630535082,3.3657727185276367,0.2502511492245603,-0.045382312110142216,-0.13395727479043984,-0.16595131029419008,-0.17713421952304742,0.8756338296326519,0.6365787014564518,0.0,189.2925737147889,16.55960396773176,-0.409717348515894,-5.671521452237176,0.045769429078974085,-7.1011453836173954,-1.493848653406627,-10.299496177391337,-22.650616198941158,113.25292157800469,17.20337815147549,15.569207214024482,16.591260135677587,11.564610121809318,13.913461756224324,6.0990558189863435,10.128971653068088,9.53479047555525,9.239352487208313,9.088763326873556,9.021384775077962,0
2022-06-08 16:24:02.725446500,1.9492417027510087,1.7063582505377015,-0.20027256788254366,0.3830561178398088,1.314323885934697,-2.397683973837152,1,0,0,0,0,15.198099999999998,0.6867343492219954,41.367559978361136,-13.671961024935484,0.0001256096497895991,-0.23927751994832105,0.10757869321126666,-0.13782430309526744,-0.07261748875048313,0.20238708055297885,0.005222072234511563,0.02435882379465298,0.21213834696571707,-1.5389260421401565,0.07871066630038336,0.16737982775923865,0.14826435633360965,0.23916072348196185,0.3166270833333341,-3.01857895729186,46.05406076117904,6.739632903281946,6.492952710316142,-0.2885946600295211,-0.09450106250000546,-0.048084766474866966,-0.030438275057304568,-0.04814482361564108,0.010858662928237877,0.031054014713903837,1.7436489579193672,1.3490278942191367,0.6394117710791714,0.35559068157594265,0.5914044292843251,0.7918741440771907,1.7885529798965096,4.475649927453128,0.6589200318604653,4.522164643848785,141.9825043542545,0.025409317370413454,0.05091812932332821,0.05707720143253884,0.022712940754758926,0.09397512497161534,0.08623983879791207,0.03650447776017249,1,0,0,0,0,1,0,0,0,0,0,0,0,0,2.037220555559225,0.2133805612567632,0.0,21.756857090753172,-11.600354453680954,15.817411646607242,-1.5419332709866769,11.21937712093299,1.854702676471428,17.386700177662505,-3.5004060179710845,10.07257839416672,-1.888829941176544,1.5765057344333613,9.218882227412962,-0.7792243278106152,-5.552399523019815,4.963664459875725,-2.0733942271406924,-3.7228270752371366,-2.015676410049911,-1.458196579820285,-1.1938111369050701,-1.081125969368646,1.685696572822896,0.6970825867849991,0.4,-29.96738690006777,7.2934653789809145,-4.014300322373264,-1.7310370895265494,10.73768546854573,-3.3350439154876854,5.501274785574963,3.6394524342888994,-0.5287375670820995,9.88799547883848,6.625160220430704,-7.869481558650563,-3.3713485158774823,5.817527724292495,-6.447635954817548,-11.313751003988374,-1.9275078482942107,-1.0563715620767928,-0.7649495578819194,-0.6289148087809452,-0.5721880760834094,2.6162260201194907,0.9412424646109472,1.3,1.1726459018660238,3.014182205523388,-3.040233253127409,1.8372822573479368,-3.5549684849659,0.9270570782197892,-3.009094508666383,1.6602650317335943,-2.8120208563973748,-2.8841899575001966,-3.2372838554076857,-1.6683200162161256,-1.8622903493051344,3.5961326485886285,-2.0544172088451527,-2.037142182287492,0.5302464571165377,0.4252506302065694,0.35852918837959835,0.3303581855014437,0.3187646424762113,2.2407523713397874,0.8743317956672517,0.9,-3.2205257802376024,2.9254550740431338,1.3991163691162174,0.13617048994035574,-0.7026594197692939,-2.1017468165662128,-2.3293775858448567,-2.8810080737170316,-4.940551396751097,3.775772732972417,1.5601029190415598,0.44427244939107424,0.8340096200073086,1.4208804565162123,0.2258170086663085,-1.884269007073408,-0.5078370759784071,-0.4963951458729956,-0.5083407098399283,-0.5172927965853876,-0.5217838895363617,0.977238618938476,-1.2962252075087466,0.0,35.45234258616369,4.857760897623598,-13.766624770329356,-6.704084663955923,-2.8030282639194777,1.417901780369369,2.09698610317769,0.7482721713194491,0.3576411946783815,5.1888118376940815,-4.06614623584613,-6.368771119975183,-5.420086382856477,-0.6999113019821503,0.21940599596496546,2.8723188414645424,-0.0019763841203395143,-0.32792268311800243,-0.4316666192995713,-0.4819466927055012,-0.5032306249157454,1.9720611451592625,-1.6505217306986943,0.9,-14.133940598950955,-3.4125160064910487,-0.7057467259115675,-3.543763985869165,-3.1818382989339824,-4.946468755722349,-3.413131271832155,-3.9196065082579414,-4.710111105413454,9.70490896757168,4.02577975147276,3.861291045051276,3.5728614196583868,1.0109534653342906,1.6321898160921515,-1.165777555010519,1.2847634774621373,1.298924097430915,1.3168480083821024,1.3225686942272985,1.3241529863526973,0.7799192636985075,0.308850106686598,0.0,89.82342896967978,3.8197864920025015,16.809944881617895,5.840804390467616,-5.4388837797319285,-4.836304414335503,1.8614913683430565,19.7781380876172,31.14295967135368,-5.395578937938498,4.358706498023985,-2.250373482864892,-3.625250606976268,-6.082942056769364,1.3013658858198045,4.373774426016102,-0.4864036074839002,1.2590348013490964,2.0897810151987724,2.524913274889228,2.718611703819344,0.0015023937034064005,0.03220822600341356,0.0,1869.7116304116394,-5.4811222708095775,-5.722022639016416,-3.144222743871524,-3.0845498456768894,-3.7919719827707614,-2.5976486915277093,-1.3432494983238286,-4.181891421942794,10.417967715914306,4.646697680675239,3.0473886244050736,-0.4016650906239718,2.3701354489087616,3.133143515715496,7.242879923592553,4.696928384702788,4.05418063631366,3.9952310584618904,4.018037212722746,4.039037626927405,1.5252331237599317,2.158893763249751,0.0,136.44000095224084,-38.95552539573335,-32.990658362782426,-34.97075708779366,-32.974320516829145,-23.089709554969822,-25.664565698222066,-27.698307714937172,-20.573837095332717,29.563878833033552,19.219037684748567,10.148048525116863,6.590291228031928,10.680011960917152,9.228153262142698,8.186484172788163,12.840923549854065,11.97279020536348,11.816878729299713,11.773184410076153,11.760392017724321,4
2022-06-08 16:24:05.475446500,-0.4942604849921414,0.2400031500760016,-0.4575007039858748,0.054871826150198234,-0.09189898057706453,0.2294508870572047,1,0,0,0,0,102.499,0.6787349010580183,0.2770490046780338,-44.591508142459546,0.007188949794131469,0.06544301199523825,0.4880912925900912,0.005944068542410236,-0.04092827538077195,-0.05023939849034635,0.0018478307715245475,-0.09094878953444972,0.21695611255387395,-1.5416941364496275,0.0700387835977296,0.17134586990421335,0.15360793403455994,0.2299560631092778,2.616693750000001,-3.008647220307721,45.276384441173505,5.691224437978192,0.013327877724396843,-0.2832341647959448,-0.08245993453082552,-0.04650798580921673,-0.03131402134199133,-0.04709469018346241,0.011364428443619824,0.02992263301365771,1.7288691067289237,1.345364406474737,0.6369661106342696,0.3595436623393588,0.5933567637832864,0.7935771235106412,15.705803699656824,4.502905498398759,5.4442427965694975,8.508443020711391,0.02526250612981361,0.0446568086453214,0.09321118443359233,0.05427926277625898,0.02414886548652736,0.09370110583258873,0.08551632121322741,0.03797173029906346,1,0,0,0,0,1,0,0,0,0,0,0,0,0,2.2341037011785234,1.3878309590117537,0.9,16.763412451867115,-5.287845794560941,-15.328100209018956,5.220412752399446,7.699216391254968,-4.8036190669227326,-12.746302883061507,-1.4617912850636006,-14.528135422314927,21.459523501324007,-1.2709886260488306,11.034661353455608,-4.196174600932641,8.119791009993019,13.675008240931053,-2.8156089046135757,-0.15949152968353975,0.2745406991580017,0.4750323153968392,0.5659891955300067,0.6020918369105952,1.6297292130121832,0.6728401241838834,0.2,-31.65864731783871,7.098556058791827,9.156188325977755,-11.772980575109047,4.185394929272259,-0.3503790826444758,-5.7639995198953455,5.40372580858531,-8.222062550051492,-3.7421030350922178,6.206734071082031,-3.6613814488251535,-3.0071892045182413,-2.5097883846927544,6.785084048762514,-9.073411448127136,-3.1735828893694413,-1.7415338541074157,-1.4337312877976045,-1.3072466972445296,-1.2575938182013506,2.3063928246908865,0.9165875337364868,0.2,-1.651287049844795,-1.1113949211767111,4.3213940129100665,-0.8356430220215398,-4.839340050782615,2.007759568894592,2.3442525503033504,-0.35614823288788183,-0.9953152938468766,-2.2214297310364386,1.5273531054238123,-2.482554484826486,-1.4632188849517334,-2.2376091569067285,-2.623075316185981,-0.7083407970212577,1.012821057869444,0.5787222628037061,0.4447632237333332,0.37869488930786094,0.3506223142088342,2.2613907049486386,1.1349748026530893,0.1,0.20718357047610825,3.2459883428940137,-3.692302129829167,0.4736754942540264,-2.067168667771744,-1.3545462396642514,3.027122695851132,0.22651041291383245,-2.493460944596748,-5.072176488054007,-5.526575173415076,1.3707491860041159,2.8905225189303443,-1.5469956537782863,-1.7911717060133223,-2.2199028815319397,-0.6385491949841238,-0.4577573799578706,-0.4249273432712461,-0.4076684383789719,-0.4001865449701978,1.1066290769143683,-10.8662679337327,0.0,38.14529064740872,-29.678448441008648,10.053925957123758,-4.4033986609949585,1.4401889194073831,0.6182458114149512,-5.787630477507787,2.8366271191969563,-4.166558826874601,-4.478161917606816,2.358283419576999,-3.7152635114397214,0.19167117915916654,0.2561327273323042,-4.562413141445688,2.9729677754580552,-0.0904403921708412,-0.1507560541289088,-0.15683012453855527,-0.16462979754081594,-0.16871737228538375,1.7729471671262151,0.7309487423573358,0.1,-16.57179307110735,7.8431589413527645,2.10807422041819,-2.9761416249511417,-5.37649727184355,4.507756499209742,3.0340918419158047,-7.221724100982713,-3.2844091898856336,-2.3684032204224383,-5.310277930960846,-0.16074750518390168,2.0232318268704916,1.5972197919023112,-0.8059948325446007,-3.6514407729055733,-0.9046384078903132,-0.8225099023274541,-0.7870599729770813,-0.7682775800295827,-0.7602015724701113,1.8183478492601253,0.8696364740497711,0.9,68.00456304591222,-9.404637867876268,15.597196735397324,2.012882224597908,-52.01120753174759,2.6232301899602226,19.202996405689518,-18.81061387310484,-78.82382329133426,80.97346722108459,36.48779574400736,14.234241187502393,-11.971474142435813,12.179252421754606,13.451173561970869,8.259581920695586,1.1943279026770384,2.6155799659256878,2.9306916714298885,3.05075559351984,3.0942536259610853,0.17119332367463042,0.2677456062425414,0.0,1495.4412030344504,-238.3869589789754,-12.98675271847111,45.550942231458244,10.97554325748851,28.852195141844355,58.974784165534906,31.6001223794339,-9.850265307273824,-1.5988686718631941,38.54038274679987,40.49787474016464,16.087308211146016,11.143942843865291,17.448316903701325,28.05562475554462,24.710357328919603,23.571744044153327,23.282923182407146,23.15091111357428,23.096223886186362,1.2741778503351264,-2.0731748622423414,0.3,-353.01566339344663,-279.2826306390624,74.45434508152252,87.09348363298169,-20.96197080747829,29.77403677638807,60.49164472491466,18.56721241079246,79.16817226779656,-62.103932639215394,31.467964350531354,14.936805142250307,3.10793638238283,11.035663008556645,12.203961315633125,17.860641161318792,20.464936785502005,19.67225804082365,19.675329925167407,19.717102977602462,19.744338888974827,3
2022-06-08 16:24:08.225446500,0.2910326564243637,-0.07862771412153766,5.830449906767122e-05,0.022232511291902846,-0.018597211376540263,0.10512404008964736,1,0,0,0,0,99.4955,-5.425176014956376,2.9207121116298747,-45.13763510337096,0.07341183484930934,0.058528741362155766,0.4712801472037729,0.0424742004183241,-0.08100257976035194,-0.015760181877673946,0.031053440662380107,-0.08878042357946997,0.2702244627898399,-1.5271856603480076,0.04804124472365495,0.1610059495410696,0.1499439924946542,0.2043139515737413,5.097427083333334,-2.920688234667056,44.32600686413736,4.517740533714928,0.020873855639276736,-0.2757311532662146,-0.06926221831435969,-0.04660075676207761,-0.03139235959037981,-0.0435319373467876,0.013345782529184084,0.026920202958836282,1.6826639727890211,1.3573612446798229,0.6230104026803249,0.35885855044868537,0.5957097834987889,0.782530498157842,22.33750872512857,4.561500624096759,8.138423714457554,11.366872411718592,0.14360442818514732,0.06624247527979361,0.1249866203370944,0.054603411287852205,0.024554570002676825,0.09181558540225312,0.08431539489136221,0.04131427433174791,1,0,0,0,0,1,0,0,0,0,0,0,0,0,2.1847112899868626,0.4675992020591319,0.7,9.541806889220664,8.925806390375849,9.115711044171645,3.580668348454662,3.726495130918895,1.3122913026460017,-0.3062447127060181,12.0314314834556,0.4957258283361027,-7.335713530064816,7.538244579916546,6.216919209824551,-0.3900355866827776,-0.3336312183753064,3.672407782109345,-4.3435713845062915,0.9632890993130642,0.5925891061714981,0.6778781685579613,0.7293059806057969,0.7523621302449495,1.5817100840284446,0.2769841690142122,1.4,-27.34103284160193,-4.889725175199915,-11.434332112694786,-1.9032549230204443,1.2795412476640282,4.280602481653437,2.5247010412715416,7.177191607659234,-3.7057538875294154,0.20540991415103949,-10.71349020438185,1.3841647638665937,3.24379128902847,1.4676760339517905,9.842123881042273,-7.3918193990447065,-2.6718314492070574,-1.725350365937535,-1.4105179398684555,-1.2793343037291651,-1.227426395406482,2.1969484059757227,0.6155895698032229,1.2,-0.3340363909621453,0.4127168701626426,-3.254650410308013,0.1498178125436732,-2.647936490937698,-2.182973977921744,-0.3456592925870268,-1.5086337950237914,0.6334479484216388,2.5778638285730398,-1.9210566791522647,-2.9111612157338445,3.478003729404372,0.3323758529054688,-1.2927968718113436,-0.985352859169657,0.17758262925496898,-0.1350954359983791,-0.245775178721138,-0.2942580016216876,-0.31385353112462644,1.7884192943127293,0.6699967996490899,0.2,0.4639420898472065,-6.6149268354806114,3.827041100051955,-0.36357659103079054,-3.0228041516617115,3.0236845933079413,-3.478965454414224,1.282704974106267,-1.497128004025916,0.6890645296433002,-0.3098311742781645,0.2375584551755774,-1.2451583724439934,0.9319305612026229,0.410728811327924,-1.72362952526051,-0.1357152955882931,-0.21673901271496776,-0.2140919089426395,-0.2141446933442132,-0.21427173689690784,0.7158409035058874,0.0562769786338701,0.0,38.15857815436347,-2.9072052836535924,-12.09060962557168,1.203171821314343,5.489054010898212,-5.421181220227036,0.6104143534142059,0.7430122808558157,-3.3528207249512363,3.653424377646591,-0.27065317708957803,-3.9086006197710654,3.709317827589941,-0.6501147818699162,-0.9395124216624804,2.9957366105106784,-0.18199775349473746,0.11855207094346165,0.13349937634090805,0.1390109369824627,0.14106558366528246,1.3306599193845141,0.3283050481060157,0.3,-15.788260876305706,3.686372752443433,-2.1724708979003067,4.067567537515439,-3.5744197216369904,1.516798143099254,0.6971806777945555,-2.474838005141585,3.979494123209496,-4.972936781646455,1.2104312312077807,-1.274134985281374,0.08227074256633182,-1.7454748595234828,2.111426327769512,-2.3316051369858632,-0.04762981060950056,-0.07741557387513852,-0.07934015800622429,-0.08144482864246283,-0.08251454944045744,2.0488142078304485,0.8517116261201639,0.5,29.729577904094768,-17.478730257998247,-51.07226504479984,22.09739988331924,-34.98080669280346,50.86883115561815,3.0034854999825717,5.364101438415153,-36.35457167289583,-47.54004609231605,-6.838944070665884,9.751998756602312,-12.478449498634815,-6.8308971024473735,5.777731338068683,4.6509751909449815,-2.0552437472575753,-1.1558343635967598,-0.8914845829684586,-0.7773429672360432,-0.7304463820415155,0.10612594766107934,0.3078181900365304,0.0,1046.6627525841807,26.85643513133999,30.425896169734983,-1.8138661979984647,2.770528736043616,42.695832674879725,-5.592300176215963,55.894687639233275,-2.008150318478405,52.6487036837894,-5.675864145367558,41.52868047050403,10.26672765868792,33.115869468797385,11.184103633227005,24.846066111358198,21.282744060729357,21.35852011794721,21.354976959999032,21.361909996684467,21.366745719579228,0.35750472446326303,-3.031949824956744,0.1,-891.0946800516188,114.73436756254922,-50.727222553003394,91.54285641871199,-27.24252257390394,58.25392717433726,12.6739315125499,20.367507198183056,45.06143052019945,96.50579808095749,16.176189900012698,39.61129130270604,22.792654421907876,31.33662544567532,24.58011146566098,30.82376575049108,29.336296858666877,29.32044020725426,29.164573864369235,29.086178198295894,29.052060038348884,3
2022-06-08 16:24:10.975446500,-0.016417541054971632,-0.029886976496142206,-0.18321081877554207,-0.16444469122908562,0.015905457046462557,-0.2157681738887879,1,0,0,0,0,93.015,-6.6031895258098885,1.937353628023733,-44.09729926080179,0.09216686181930636,0.061392226536079175,0.4609319800067791,0.05200581507454671,-0.07031476100281718,0.025822157118097558,0.010925435487731738,-0.10559662954739436,0.31457823546194746,-1.5122855421519703,0.03030711362234392,0.15113977599689468,0.1459779424423932,0.17866514083777832,7.257925520833331,-2.951212103267504,43.27750428722746,3.3487686862202515,0.021942476638348616,-0.26761158879737723,-0.056212431527606535,-0.04532387279555821,-0.031468298053487824,-0.039911824603980184,0.015092085022037087,0.02357492728591865,1.64935348268478,1.3698581961194216,0.6117773261506484,0.3576373948722415,0.5963854259617822,0.7732874760391831,26.008839923388337,4.581184360222928,10.441138211862103,13.506630189950831,0.14385100820847516,0.08401592679429375,0.148402759097277,0.05636763769575288,0.024675386073485538,0.09035263094332376,0.08348776629499073,0.04508454991656159,1,0,0,0,0,1,0,0,0,0,0,0,0,0,2.0974761186031006,0.2687454105735717,0.8,0.7061381240830088,3.8367545307331934,1.0948947037781864,1.2798816026763498,3.594194703730635,6.646119685473382,9.17383201098698,8.72532957958804,10.429303824846537,-3.9581838514790184,-0.12438941486145615,-0.08181736950020603,4.8858374595322935,-0.517582630242319,-7.1309449172162624,-4.553083357256242,-0.15960281283131084,-0.23932532627019865,-0.17104754982800618,-0.11714684426706208,-0.09023579494476902,1.8826520367482056,0.2378114264229723,1.2,-12.770165056205087,-4.171816954750455,2.6522724027126325,1.5598548706811055,-0.17329326503500608,1.7103084339065977,3.378777215753657,1.0881855822449629,-2.475749723102996,-2.822590711534048,-1.6053494500696306,5.189299630429473,5.7869023172263105,3.5496847927635966,-1.4914189181246718,-5.416417589121371,-1.3802144221607844,-0.9521659496386,-0.7333689827727463,-0.632998298672664,-0.5922730978120698,1.784108969101142,0.7641911769513995,1.2,0.5091203231445119,0.09084505896336953,1.1511587666134837,1.0928323984351724,-0.13032129479366444,-1.2102438332326961,-2.642608069331993,-1.2247585142565791,0.7511375174765215,-5.407903417095169,-1.3595714172318152,-1.7131645357246823,2.5550326701480177,-1.6828419752989094,0.4190829436037812,-0.07475314293729672,0.6322948032275798,0.43431208213665,0.3276405842440249,0.27758743538631897,0.256546890244142,2.216905090186637,0.8905922264709197,0.0,4.192469271568417,0.17364426473856964,-4.285508530397778,-1.6278576246922032,-3.40955842482766,-1.8204536659163761,2.0435989793312754,0.7046691302601038,-1.384288160292025,1.1221655341442784,4.081071453883587,-1.0009539164859502,-3.304599501155028,-0.9042985850954312,1.3593279030894276,-1.3899182633544147,-0.020628743073134947,-0.11845492373306282,-0.13493227178246348,-0.13970253902519633,-0.14135834497129773,1.712189503755624,0.5113063953603006,0.0,20.203028969544796,17.03940805284522,8.435593020932428,3.836724038644944,6.716377928167938,4.021249191820367,4.660850021067714,-2.4910299531418927,-1.4102838608638442,-2.159852441528132,-0.5867697292706753,-1.5294449801424816,3.084310923276335,2.4332148067569657,5.436955342707711,3.866621380352065,1.7026525780382338,1.7816190515797397,1.7801703780987208,1.7728650068747764,1.7687931719280572,1.9448306002361728,0.3816217200057468,0.9,-10.170575960785287,-5.58165255046595,1.9549992633556983,3.9549543266734712,-2.0472057196990368,-6.161160968731212,-5.088523450303827,-0.3916609038830536,1.34938057780132,4.698012321960449,1.7971503704187328,-1.416066179471998,-0.7753017336852781,1.5525209381057883,-0.3895022274360767,-2.419856715994144,-0.5611103908205756,-0.5090948835011587,-0.49040662893341497,-0.4814581610903608,-0.47782146007829,1.9248166796234019,1.3545198792448945,0.2,-52.68103362216676,-20.988656304717995,67.41595836416796,9.524308187177258,-0.9959372709308631,-32.323164001304136,4.8759475038915285,37.98699409143033,29.428041436083127,-0.2977337895259655,-16.825194234848023,22.76734328033262,18.57084250893949,8.054817475854858,-5.812675972480156,7.1560344342812465,3.2848388427520336,3.688759877027527,3.9292309382768575,4.059912100730831,4.1186415457758665,0.6937696998488669,0.4070207949574495,0.0,549.3974890199048,250.15762842090342,43.505789114201534,4.60862007556446,16.872759680664778,-0.610175767710146,27.971739482024184,58.57820909491835,19.144820261834077,-12.175562559295056,27.37378437968208,42.09217745182307,22.972895746053553,10.438578554667313,29.42440158264378,26.87674153632821,22.125869061675445,22.288117497015357,22.205635711709682,22.15574917364224,22.13243488300694,0.2622405582663659,-0.6767891749042104,0.1,-1434.0328035626108,307.20882198374704,122.54584372117351,0.462663478610807,-33.088930393398236,-22.24159891798212,3.3790603331325,22.264649346769577,4.9752946713057336,3.5269483007113682,22.25188807996038,43.14960882166317,33.45453172627777,22.94903843209759,26.175432173643394,27.702890875317983,24.193125683073802,24.497335311614364,24.376683991168257,24.283374713783658,24.23664333781847,3
2022-06-08 16:24:13.725446500,-0.3873847981508112,-0.021267451080609248,-0.3343876589292095,0.12605391927960735,0.22350618496815933,0.2900168696885016,1,0,0,0,0,103.005,-8.252144628750285,1.1894341676752154,-42.85076750690956,0.06933194730270187,0.06918901765678091,0.4494959307354692,0.08353903089746245,-0.07743628342468914,-0.0323668579771502,0.02039902838415964,-0.07153920894519095,0.3448011367137802,-1.4949981217486052,0.013663641213237456,0.14248297808738986,0.1416591281590193,0.15717798980804484,9.507754166666668,-2.9966289535725648,42.269910940296114,2.1867018433685024,0.022787209848041008,-0.2596635054370319,-0.04336204663902057,-0.04382826490401079,-0.031925624554100106,-0.03684098344397118,0.016361526519499073,0.02041378473673885,1.6297384256185323,1.3841769965869677,0.6043314912251431,0.3562616561014302,0.5974541158226859,0.7645815253599868,29.330685557609577,4.622835566671854,12.098045935677952,15.231533675804277,0.1440473225981395,0.09734953330776404,0.16695936821229146,0.05838967877654134,0.025441860062314088,0.08906664771042813,0.08305130559273466,0.047982547822329885,1,0,0,0,0,1,0,0,0,0,0,0,0,0,1.3967796900664542,760.5826163138571,0.9,-4.690733161816172,-1.5547570335646952,-1.0180476156870202,-2.4218118215225153,-1.0374308379277253,-0.8560125395490205,-1.0098409914370428,-0.9844211982879552,-1.3969112398029375,8.976878894177164,0.04310089131901318,-0.7826057903800165,-0.016244904891657197,-0.13772035131107718,-0.14704151384773556,0.31242570397490066,1.6011550515676976,1.4829042712393528,1.29909429958074,1.2006655163326825,1.1570775605850636,1.8634539639335856,0.7202642876080916,1.6,-4.1299611465358605,-1.0435409194651597,-1.0825683535718498,-1.3158574741385054,-0.5811771823229084,-1.005406767923717,-1.1444552655812572,-0.8819336566177223,-0.4615646449370808,-4.227592699237544,-0.7018991653629593,-0.3792360299420177,-0.8978299427454526,-1.0920023704802135,-2.2462441752561157,-1.390971463191859,-0.032822271717512064,-0.06482543719559594,-0.09504935439069642,-0.11470960893320893,-0.12398810768474375,1.8919152949017712,2.199131931567261,0.9,0.6315074944499738,-1.3999925037083991,0.0942533070637488,-0.10287517951338464,0.2133679558828508,-1.0864893853863689,0.3630059328980342,-1.1476581269435453,0.12748551803213176,3.686855288220285,-1.363116252659486,-1.979235045803452,-1.4083859123463391,3.3497551811001927,0.04254245367397225,0.3744378508162952,0.7807217503867838,0.5184949813556112,0.4421965332715855,0.40318985526979456,0.3863388947810124,2.683579422830191,3.5872789276673047,0.2,2.1878403675091933,1.7030672045703348,2.482193306148809,1.0354378050257118,0.5114486319090465,1.221183099308108,0.54771568221666,-0.3826064694779392,0.6351649613129899,-1.0309909152098855,-1.428180904149034,-1.5631837202771184,-1.1777850929261875,-1.3269332445789654,-2.0631076791687817,-2.111704372297643,-1.0840111713389673,-0.9439767649198724,-0.8709607482462138,-0.829948727692468,-0.8112328966445126,1.9490919949673704,0.6240526711945559,0.5,-0.6653253047498698,0.5220232377393264,0.2281193786512045,-0.6554153738033466,0.9469935749197154,2.9563363992863687,-0.21559974401353646,-0.9361059016533954,0.5143950170114204,-0.9431182814463922,-0.9437348812556564,-0.7066578021260947,0.7772547590573052,1.4163513029268575,0.831234889458672,0.2486065004565716,-0.13663477018234732,-0.2175156293235982,-0.18573208039810474,-0.16760435095336368,-0.1596973461059485,2.336123834104069,1.2542551359729788,0.6,-0.5575971836346849,0.14832381527250327,-0.4821430887974114,0.286410347724982,-0.11451763636083713,0.2138608993730321,0.4040696777628008,-0.5952876425389202,-0.40967543146240504,-0.902355234469012,-1.852331735243152,-1.154864167469803,-0.5696010210883076,-1.5997715002559758,-1.3582859407683745,-1.5651416889733376,-0.4993128034378132,-0.4742124201167147,-0.4710531845168732,-0.4702722781974226,-0.4699960702403218,1.0625869764656195,4.002889105834034,0.1,-142.8735398312085,44.619361327822936,-28.1768137783338,5.4609447769697255,19.025724378269018,-16.393527402498382,-0.1294972649142654,26.93534671841558,22.419258866159634,12.328391340441947,2.6811494736252426,17.577884518540223,15.536592078854019,6.334676649755834,8.20496782684215,13.836586067689764,10.281264703160787,9.149237082402273,8.67028062688842,8.425616461788579,8.318206768244679,1.6452921432722691,0.5681238056076392,0.0,149.59887897170984,44.48346511041664,20.46208711833629,68.42727706697727,60.769159256714325,37.507705245944685,30.345348538073274,21.597094778623195,22.204860002862358,24.538794105840807,14.793444703908529,14.51783713907776,15.668625312321444,17.78648502142609,16.20085235531971,13.15182975300447,9.948681173163358,10.303005397425096,10.565803360776624,10.698847197367726,10.757416822576733,0.004798014538176879,-0.05854883153309572,0.3,-1809.0051556179653,13.227732288828122,13.162853921444965,20.651652593677824,10.591044282489946,11.340474943498096,9.390699804806305,7.334653871800286,6.911645777131966,0.7874203177718897,6.348085335944546,6.779655524733435,6.62487612225685,4.581735460303612,4.696234405593039,4.198760603867072,1.880082057181049,2.1701386217278507,2.31270601261112,2.3798758911192834,2.4087411144800805,3
2022-06-08 16:24:16.475446500,0.45230621590163395,-0.0041101522114512816,-0.07315895504326747,-0.21736115220160585,0.07896038553140082,0.0794118445080816,1,0,0,0,0,98.01,-1.6993096473626703,5.384799103120624,-45.667758595883896,0.004564795742738186,0.04019647602576335,0.4779502501352222,-0.0019240744515279496,-0.07797911920583117,-4.048498280519368e-05,0.03107660345748793,-0.09618777962201436,0.3687228252671743,-1.4785953185552492,0.0008416574654394048,0.13248691503951074,0.1373348715148929,0.13776301969114418,11.74465,-2.9631116173488015,41.26440972980381,0.9928409270298356,0.024260654796172048,-0.2517743401522893,-0.03007384259995615,-0.04299538885024457,-0.032270828359152334,-0.03409824962254195,0.017257083114862622,0.017203498896987347,1.6180156838794992,1.3969064054827145,0.599724263858774,0.35593130285261826,0.5979379557267955,0.7568923653698013,32.11812213424246,4.618084843378155,13.473511290747249,16.777049467774702,0.1444466057522877,0.10826559942400232,0.1839040882805347,0.059184359828450925,0.02587438814391372,0.08801745991580283,0.0828420844571066,0.05066684677518026,1,0,0,0,0,1,0,0,0,0,0,0,0,0,1.8756825570693725,0.5796855262977397,1.3,-3.365570042829277,-0.4624300041755249,-0.5482390764683478,-1.8611491058576897,0.2685017421486471,0.005639276286759322,-2.3190153821261417,-0.2484219354516977,1.1139378971054188,-3.3949094853984736,0.9991905887045596,-0.145652425678562,-0.4504131122329656,1.2098004058133909,0.14079608600100368,-1.3068227484798274,-0.35748330112528953,-0.2846855476409779,-0.2759475217007756,-0.2774480098819033,-0.2788578181519549,1.5105992607797687,-0.9162789523023606,0.9,-2.428792181533021,0.07034094887247355,-0.06413314182290816,-0.08460810997217005,-0.021030927315512704,-0.1662234644894986,0.9318448843803392,-0.3551069575333061,-1.5063747498258366,3.449459602184571,0.6632335322584758,0.2823926502608939,0.8313607306226766,0.01296403382420186,-1.4497810436397331,-0.08339356754322885,-0.2626673819071089,-0.13070156707817004,-0.1195252024707496,-0.1169783008969732,-0.1162733330690926,1.7484420470206776,1.021352368806443,0.0,0.07783412158914849,-0.08338904535401559,-0.8301254087061363,-0.4933232102813303,-0.3689435256063367,-0.5138878197667257,-0.6576736216005017,-1.0257837971376886,-0.5387283759083956,-2.8179301493418882,-0.3225627534748915,-2.2565008529037835,-0.4348369441012789,-3.1310282138125825,-1.1398373433867175,-0.06816773994339953,-0.09395300492651193,-0.230061293805007,-0.2850759392003507,-0.3087403316730861,-0.3182515579903489,2.1742763047752534,-0.029099215998732844,1.0,-0.2563060359825736,-0.3425030354590638,-0.6649977084570655,-0.8507879412559769,-0.5355230867261387,-1.1052347848390964,-0.5557769054731863,0.01545739570873865,0.4267934830075904,0.4782285217113804,0.6797522163886287,0.15386591364856791,-0.18706713601383607,0.1139190823800726,-0.2867340378461873,-0.056466321527486464,0.005272018271097523,0.06821845747896657,0.07285186299083019,0.07144282636008246,0.07024341831454826,2.4741550043001608,0.3704340978055323,0.9,-0.9879233113288924,-1.0536472942394708,-1.1510960082422728,-0.7354408494994236,-0.2959684842241681,-1.2986428149687343,-0.6869453304414017,0.7878655295358579,-0.7790795858967612,0.8632947511732334,-0.3205666998978894,0.3411064313477261,-0.38766551709722813,-0.8850496830172553,-0.5203413783947419,0.15362507639575232,0.22849404402005036,0.07553080919816874,0.040971816685874254,0.02630477279738312,0.02021629427792917,0.9463491212539412,1.3621608382757189,0.4,0.23971407843972584,0.31207445497272807,0.5511470480978704,-0.006509791987460212,0.6905664639256108,-0.3184421664534911,-0.14888212656308736,0.08134341579597187,0.11422103757831625,-3.14116301398055,-0.6376767845109567,-0.31545792519198884,-0.09966732257653987,-0.40069727228343066,-0.700312304153766,-0.5124830945010362,-0.0020348480444185857,0.02078857811024581,0.020889717052836085,0.020190381355072826,0.019868641774131158,0.7555732470296364,2.4789457284369325,0.1,-204.0514336677564,51.7487002532833,34.54570518005854,14.351514369103846,27.472602748688203,43.477862401301316,0.4040580147977302,12.264600755369425,15.082828991786986,-7.50481638506661,10.649715902873107,8.533181110279264,14.188841242049445,12.188479335570946,6.313417956918053,6.9511745161342455,6.445982019531725,5.788088253540887,5.633774956601678,5.563525695737928,5.534087316384226,0.8299425202668029,-0.10540204370536507,0.0,102.21792640357378,30.75356407913905,36.99386844200926,-13.511685868846815,14.012464805974446,-9.03791843512498,8.351030743561964,-2.029236885257484,0.3124476058118706,-0.15694287217277925,2.067611324433517,-1.5778852959646164,1.4616420774430576,-3.1924234161090665,-4.280605163469233,0.4654087490031778,-2.661584023343811,-2.251516064152008,-2.116467048732681,-2.0512008814871594,-2.023849312658533,0.001045937683583182,-0.0071658169894935515,0.3,-1821.852238536527,-10.270704700630032,-1.778653024850371,9.709602262794505,-3.3163740767960803,-5.1396491746776585,5.258838298763564,0.4244354735800329,-0.9806871361555808,3.9135361929922174,0.008795366345680122,0.40805033686243053,0.06641022733518298,0.9216454183527388,1.208649947635962,1.4508704472403906,0.2723116730466302,0.3613587313047546,0.4221151174453048,0.4524377014492984,0.4651609248748336,3
2022-06-08 16:24:19.225446500,-0.0468598814664827,-0.08912485345447498,-0.07148095422032312,0.18569084998817664,0.17518507278959924,-0.0124711485218467,1,0,0,0,0,97.50399999999999,0.041863292522204026,-0.07926769151777299,-45.3173430393605,0.09732793234512707,0.06700492800790182,0.4930883408439428,0.005180603276840208,-0.04447045846571936,-0.02778343780955449,0.010590497573139871,-0.07372741096959215,0.3801880839810889,-1.4601018742131653,-0.00777401448203485,0.1257447908472497,0.1318274205594604,0.11901939314886935,14.028827083333335,-2.844291344611308,40.289168776535355,-0.20905183526953994,0.02602597248370251,-0.2441245577938785,-0.016591582528681117,-0.04284922649460428,-0.032568889449461305,-0.031987768512197555,0.0174620394184948,0.014263375002001453,1.6136788052183586,1.4108775066987425,0.5974271008632576,0.35465245247041993,0.5981681942388917,0.7504897672004548,34.65278510322329,4.631797459269891,14.58174962584825,18.12518935771934,0.14481909402973478,0.11701760849908205,0.19899022557973475,0.05927689948271667,0.02628734810285983,0.08719058263347408,0.08280633833573953,0.052553565054496834,1,0,0,0,0,1,0,0,0,0,0,0,0,0,2.0663178182992064,3.0350882653937283,0.8,-1.9125636587414077,0.6889288998754317,0.2461152651933139,0.6558074021603748,1.6802058289417332,-0.5079677352637605,2.7236554514807927,0.4568181716005784,3.159956474448516,-4.181495261927291,-2.2713529278173996,0.482830142829946,0.4586303147509198,-1.941588237786144,1.0479365430158036,-1.2933457819306566,-0.2829019868635838,-0.2135242615515656,-0.16610012826943593,-0.14261607197564025,-0.13247972712266232,1.9586096884622333,-0.3341163476996466,1.4,-2.030381106772658,-0.4735267803589895,-0.3147502539937575,0.26689960213816016,-0.19169291268347405,0.11807414719575987,-1.3032331736147853,0.16038061794305808,-1.0023304254268486,-1.4957195268915275,-0.05035720513803218,0.17841511281849934,-0.20123050111512056,-0.488613755360201,1.3419001302216425,1.1568229466120652,0.09679372078755666,0.16310457378699833,0.14657057669481918,0.13387327451641426,0.12770226940485166,2.0839117055509786,0.6464761268733529,0.5,-0.1729620410735943,0.8024293221613585,0.33248471458126416,0.00024290777061561358,0.11254993377175,1.5602618356915814,0.4424105676579855,0.660634708762248,-0.17532396335989034,0.2331260534001754,1.0675176213925737,-1.7621837115864891,0.6589683606481536,0.7299613758498671,-1.1207543553904475,0.5072754007063132,0.17021543564922104,0.12940425983437528,0.10678790752284696,0.09893561459760516,0.09621253399517084,2.2274713998229907,5.140846612145403,0.5,0.08343353710373774,0.4720247230928636,0.10196593549832048,0.049695572357464086,0.4673957931951408,0.6274396948259124,-0.6488084178706053,-0.5243058322595749,-0.04531881837035297,0.27308178957314155,-0.1122381997080017,0.2550892975697649,-0.41023746456663257,-0.5481975679352191,-0.012486042943107373,0.07832480148555662,-0.1740844784776634,-0.07146294685738762,-0.062359109445553534,-0.05978962083656542,-0.05893860852294028,2.334996562177761,2.295349187573338,0.7,0.6050545719609904,-0.2283856110288832,0.06004629599720592,-0.13064274854383456,0.33252325281380163,-1.1497895696490479,-0.5777259346720562,1.0693498680530749,-0.36946334116807106,0.3492802045677297,0.6099541237705419,0.6999577191962656,-0.6803182388632852,0.6507269420017823,-1.1175549840429655,-0.28120219084942416,-0.12073527754199308,-0.1122051649304734,-0.1138560743393542,-0.11301985435501125,-0.1123773129339079,1.051042413939455,1.8820170210841227,0.9,0.312382671514713,-0.4903604678295211,-0.5279880683422831,-0.9874712925425341,-0.01119011987073648,-0.6326952359450879,-0.20038871199230499,0.14053750835496434,-1.0935966709168254,4.5479118906514255,1.2296909179868676,-0.4421648239788897,-0.8956049476658507,0.7428680467066524,-0.04723405071761,-0.29129765753589965,0.011223983548019734,0.03965485744778363,0.03745548156676026,0.035228120190365336,0.034038538908654235,0.4086375306768578,0.26064378805491434,0.1,-165.81790603391818,24.117679495274025,-8.474323127140533,-12.994587843340565,8.685173157918,-25.74901953608973,12.097500677136285,-11.07981880457856,-5.129148470773695,12.227950890098946,-4.644593640931767,-2.9519650637111194,1.8764493780632008,-7.226010179861412,0.5996395642744332,-3.107376126918103,-2.915872003412304,-3.0736302004040352,-3.132388504602292,-3.1616942443251874,-3.174597546969413,0.9394274866248508,-0.02504798313006317,0.0,94.17331714295791,-9.581184249024401,-40.522376301498134,-14.271459953762633,23.16867397266417,10.775393865295783,-19.338378638162734,-0.08416154897943162,4.714147740937305,-1.9924156171831084,1.5520609218037231,-2.2801808466322484,-4.2935252115260045,-1.1997450266592216,-0.6392369716497819,4.6201236091079005,0.9853044015914888,1.0455974889946908,0.9778273988754584,0.9427266976459634,0.9278889204660978,0.0005720602701196437,-0.0018102587433458546,0.5,-1830.6972796189925,-3.0497087202562057,3.3483105725071876,-1.4075336739718978,-6.032947824613642,5.1493812599522215,-7.0667117565093065,0.7859045568506957,-1.2750632388783671,1.4929318613030915,2.6736283293169265,0.8611499805502802,0.1896374822875444,1.0679369573340622,0.4561059091996853,0.5949174828336226,-0.08126923797058794,-0.030077667429630136,-0.009515980866680708,0.0006870325258887532,0.004948640400937343,3
2022-06-08 16:24:21.975446500,-0.227550532811312,-0.11011584355934888,-0.0956631604009944,0.02122959298932034,-0.04663861803871625,0.08734714615240231,1,0,0,0,0,98.989,3.29711330846457,-0.6842598929015818,-45.027947428903154,0.0958542945538362,0.06629441766483381,0.5001373338140932,-0.01962230194924899,-0.02379569570869971,-0.039247190979547236,-0.0004892833601058746,-0.08990250960878382,0.3800403133599939,-1.4412224734326369,-0.01345445813983653,0.117923076856185,0.12527303459782635,0.1025090134153364,16.252146874999998,-2.68138129712518,39.20826928977758,-1.4071067411111982,0.027825362894173776,-0.23596961409816425,-0.002789736472903273,-0.042675021125813783,-0.03210878648435399,-0.030282741350240436,0.01716053690861519,0.011098357630162632,1.6140980671988332,1.424414098176926,0.5968581992875843,0.3536652470681991,0.5980988467493487,0.7448382023055484,36.73605233732,4.678701398179917,15.803094252161006,19.288853676739443,0.14516957483403328,0.12582323296359746,0.2128732368354228,0.05937018206595038,0.026225011986630117,0.08656319855166708,0.08283111948252149,0.054668279267673016,1,0,0,0,0,1,0,0,0,0,0,0,0,0,1.739089051396178,1.8365794983745491,0.9,-2.303870187508167,-0.5235372641009575,-0.0215454853184468,0.7759479718052331,0.4755857871246648,-0.1092982575907997,-2.3086843001627924,-2.745961223483328,-3.135603521765832,7.316993949489938,1.6493446926439208,2.763560518326102,1.0404345742076528,2.8611133765281167,0.8499610177257382,-0.6005653575127106,0.23146727995159155,0.3078485721669961,0.3121639048985232,0.311891903945144,0.3111396994964815,2.226745976029136,-0.8621993413704366,0.8,-1.1634934761937168,0.0944134435417912,0.35438721264770884,0.3300553183528354,-0.09635756871588698,-0.39061877833516495,0.4294995851211325,0.7768433422569783,0.9439502578021016,-0.9433981138059366,-1.147534665298719,0.22664126374959226,-0.3863838904721704,0.3253699094497657,-0.3265576721205403,0.8570712296008199,-0.06051510592463494,-0.03749054957637488,-0.027094827169708586,-0.0230963732369336,-0.02148440836724521,2.258822264255488,0.7363583172791671,0.9,-1.217007952660207,-0.6076365684621688,-0.338562164641022,-0.7434037199511476,-0.6128850472035059,-1.4396021250506237,-0.6623691797880218,-0.46441252054522797,-2.362417229291045,1.9650126300816035,0.6612972873644075,-0.9162973039796614,-1.0974146404009388,-0.7289729325394241,-0.655386156135752,0.29323023795320396,-0.20574652547395975,-0.25358871527132865,-0.2556903266053651,-0.2587720803884537,-0.26030355853074194,1.8321586018559612,0.5959552709635266,0.6,0.41113132792152535,0.19620677699771755,0.29502964545443777,0.3923320451330116,0.5351627630420579,-0.3473258880630297,1.3890183924153852,-0.3497035254694665,0.050050555904054966,-0.5064368518051983,-0.10660832119408753,0.6829845243575854,-0.128850738276776,0.4534206187264501,-0.06816320932126035,0.1461920946322185,0.039328987233236,0.03618224417265081,0.03255649485232737,0.03090510564185066,0.030241020888948162,1.8978976282358124,-0.3328347598314823,0.5,0.8468228694937384,-0.1443136463475274,0.035289342425298256,-0.1738527772947815,0.015275095130674841,1.6850368599907566,1.0864690075624344,0.6018512018877815,0.06507340799633621,-1.9390457146627804,-0.5684476835931136,0.6258663664622577,-0.4426573827839645,-0.7920040777065493,0.7435219602897496,-0.1408577424135662,-0.05174724899815397,-0.007596171131431933,0.004361609474819547,0.009346231663527542,0.011422886752483236,1.075029109498737,1.190425365837194,0.5,0.4059940007250996,-0.502354678320718,-0.02812393375505837,-0.5396281816111017,-0.06288514071689298,1.2071438777255468,0.17014463324197504,0.41351323457237454,-0.21127433047550145,-3.4427568025843587,0.16129423282692462,-0.368492377128122,-0.04328157555412804,-1.0573099561384058,0.3480055931915211,-0.4695572982739196,-0.16007248366553406,-0.13542402228884176,-0.12161950721356465,-0.11549045359366746,-0.1129473415738696,1.1796166908994004,0.6556429929822928,0.4,-72.18654447922465,-17.435289335389033,2.66066790559844,1.4576370032460435,15.165286576527713,-5.468521685670952,-18.895028416533687,-17.916455052227285,-7.727904839065763,-11.518626640575707,-7.355678698659864,-6.88449644579556,-8.8287095700911,-0.5850975430800676,-4.183413118082161,-5.692228815222531,-5.4435735706369694,-5.198115609770314,-5.181410730968195,-5.174719529922398,-5.172015630838773,1.3492078647578885,0.5831071831187437,0.0,67.51355304380581,-43.74164430393995,30.508628676645547,-9.312293701039216,13.9967054633758,-9.96646704999726,19.60529458468405,-0.4708742005993809,2.97074123165433,5.639694293770238,2.4031315579030705,2.119218907056318,-1.1686512566193965,4.060466428898819,-0.2588178688645666,5.212173873376079,3.232578676482785,2.8891209573853063,2.8029602123745065,2.7643573558926104,2.7484618728394823,0.0009213538109638553,-0.002854399760242916,0.1,-1841.13503550156,10.940135059518239,-1.6164660144439722,-5.944550903680438,-4.309519794090534,0.04557260310340894,5.726282363464093,3.193550017527357,3.883612647272877,-3.384718742602459,-2.34654336672736,-0.3037499017352161,0.02000749492521336,-1.0280206217964434,1.1033170697025343,1.035479752394977,0.4356428519773488,0.3535799555036405,0.32660851728962115,0.31541463745841725,0.3110171217465645,3
2022-06-08 16:24:24.725446500,0.22442017051106508,0.08484454401815099,-0.048813356765175536,0.05424277878535092,-0.003060318916220288,-0.13988371896200485,1,0,0,0,0,95.0065,0.7375801546472343,-4.037089353041956,-44.567429315158975,0.002783038954373795,0.08535163554161075,0.498734801862367,0.005775790091505846,-0.009110442705027332,-0.01326382144358795,0.015199732230119743,-0.09618340587505424,0.3701129743387884,-1.4215129863640457,-0.014371520380929622,0.11124935637646403,0.11725323801357705,0.0867343639993247,18.4812375,-2.524334843952701,38.112771276107715,-2.607395443702597,0.0296423012354706,-0.2277113429528292,0.011046903418738737,-0.04230480267755276,-0.03166765619850244,-0.028868856764431367,0.016395145809278026,0.007944047461642241,1.6154413211880607,1.4379673564440214,0.5973953003907347,0.3526912598309997,0.5978093424266391,0.740361312661738,38.59151521107373,4.7141442313052515,16.904155897528188,20.313231909712727,0.14550230545684212,0.13374987885404804,0.22511249343429116,0.05954985644200826,0.026232712261067853,0.0861482012973304,0.08279155928632967,0.056555801235262014,1,0,0,0,0,1,0,0,0,0,0,0,0,0,1.4922401916946677,0.9295610416819972,0.6,-2.0741396133951957,-0.32340859157061763,-0.255855436249918,0.1875481567387413,-0.7169593419412708,-0.32085065131474144,0.7310167598505901,-0.4226005049702625,0.021310420342547157,-4.452585824920635,-1.4329748155435749,0.32363738204030024,-1.165876343703135,-2.0549166722586025,-0.2784718811069002,-0.7099558569454553,-0.16734626409215014,-0.2368678634612684,-0.26764147480564104,-0.2818513896971919,-0.2876527213712747,2.0175018804833247,1.0254367074801156,0.9,-0.9485468576615336,0.2971677320375602,0.08286093156728955,0.2156602783636896,-0.020730640278495,0.5277316227955471,0.7358789455825459,-0.13888582293241392,0.08239477862567496,1.6580499334933232,0.9114983630524888,0.7356537962160485,0.18596385236906535,-0.28439194787635763,-1.3179519946955591,0.7564092636252765,0.13929663812457124,0.11469108807775745,0.10806475240405408,0.10522080726424557,0.1040976284382406,1.5371021190770469,1.0874317846614656,0.6,-0.21841584689816404,0.16315519924992547,-0.0917318209741248,0.0006281001099048,0.002548938560509389,0.17386981554140346,0.6192991751540559,0.5587591365319872,-0.030953878422561382,-2.5019604338899257,-1.8642733425463158,-0.4089488199043232,-1.891806951365394,-0.4943748801226546,0.6114796588877365,0.4112642245326589,-0.1476591910063531,-0.05546716691218392,-0.0455614152181052,-0.04205525171847353,-0.04080853889978461,1.8165064154385435,1.0024309815596066,1.1,0.4536391694245418,-0.3937262698768978,-0.03816260140234755,0.6160529289544867,0.34427868055038185,-0.4423825737689469,-1.4253007773111366,0.0453700817780537,-0.13700436018058196,0.2695860451264327,-0.07154181113449345,0.7414686836993686,-0.02933279258547235,-0.7487711257463014,-0.2971966850668248,0.06912441036064085,0.1797766602858683,0.047762985508872216,0.02005597864846234,0.007806430998582914,0.0028036972963287853,1.2726929013263475,1.17340081914189,0.9,0.3005127087421233,-0.11908941977186208,-0.11666493366371875,-0.2497688294370052,-0.4666155813345833,0.11535555787138085,0.01546303858829176,-0.2296229470682973,-0.6127402370787354,2.3282992168123453,0.0722724313160599,0.7362960322379465,0.2518447416597348,0.4719379663035038,0.7977717015815433,-0.3348682933788174,-0.14111546674859488,-0.06459208627165701,-0.03803802195043055,-0.025577836678973703,-0.02036968105892852,1.9919628087602537,0.8268073926635255,0.9,0.21330917756775525,0.05966115686841165,-0.3090336730807294,-0.07757825633622825,-0.14213015567641613,-0.16514048607842927,0.4879624568629774,0.5852686592852249,0.6405427220063117,1.4508427918593234,-0.7577682282773509,0.22291778187273845,0.6366645307961216,0.8250457296883783,-0.06177820117466426,-0.5595212268693884,-0.14839114324048974,-0.057277271101679274,-0.0197515651564386,-0.0018171345169769664,0.0057340787087714505,1.453629077113625,0.8615281494694272,0.0,16.501655296403133,-33.6264687410114,-17.935716788933355,-1.9277551618470732,0.7256986173462403,5.557414970868543,4.217994013142503,-3.6221704905839904,2.7042541474724464,-5.471158638936802,2.533603840040191,-1.7519056528940673,-4.488554045352876,-4.996429584906557,-5.368015052326719,-3.6048253397521446,-2.7970598343321877,-2.6387320016655056,-2.555744997826169,-2.514574021756101,-2.4966525494466136,1.4625723287473407,0.9037941552400736,0.0,33.52001374475148,10.971350387745874,-31.2105884021408,-3.3260401205326087,3.921261329243279,14.910097340699966,-1.7632875585047878,-4.286771042923892,-1.65897657369921,2.6604157359307745,3.5461320312321942,3.6613228740674257,3.822621761323708,-0.7722615989507733,2.390373529054667,4.444340140582908,4.0001013372211895,3.5351036393809716,3.4515932829703684,3.42240143070024,3.412255623252197,0.00010880073596846904,0.0010929949366447098,0.2,-1852.3950301079667,1.1542667894580916,2.708534520904891,1.2443216903845098,2.545003540259586,-1.2743961422519303,-1.0607551816318903,-0.4050383805407592,0.01775544848494803,1.0685444368978951,-0.8374911583729272,-0.6124814510667065,0.24437456159136414,0.6539653278314006,-1.5828737108352229,0.34125488430463946,-0.040953943327579616,-0.15554822513441735,-0.18065508270091254,-0.19250737737770152,-0.1975950513859912,3
2022-06-08 16:24:27.475446500,-0.4197987165852967,0.1837104995310834,-0.1838137930477783,-0.045733197325090735,0.037196726504910266,0.20263906809645085,1,0,0,0,0,99.023,-0.2723904742723429,-2.5914622463048085,-43.812631405506906,0.09318757122940116,0.07964265113946749,0.4858422223651672,0.020725431013221884,-0.022673496962347696,-0.03783576424164952,0.0014443541439132439,-0.0949084252990242,0.3485908314049987,-1.4007063872762398,-0.012895730177095815,0.10416600046617447,0.10883577091825128,0.07334617374849993,20.627146354166666,-2.3986718276309706,36.92742391117053,-3.780373671500129,0.03140986153257352,-0.2189767564920581,0.024778040946234925,-0.04125966322325357,-0.030766883863047288,-0.027742282740836944,0.015239467352101266,0.004627595931328276,1.615047285402194,1.451745489526205,0.597631355718466,0.35221997288861817,0.5970560822383543,0.736894122654167,40.083803134758135,4.720752775657247,18.076311102358503,21.161370768444463,0.14589122107823188,0.14173269432926555,0.2356764923081105,0.060187897198114675,0.026713449668905254,0.08592037370703078,0.0825562037313989,0.058549978860461475,1,0,0,0,0,1,0,0,0,0,0,0,0,0,2.3586745334936503,1.4544977290940058,1.1,-1.413437736584156,0.4743945218796697,0.3054771968190544,0.541479928432745,-0.02980060011608102,0.5540308110878895,-0.4528676956085446,-0.053974013674437084,0.8687393968646046,-0.9453205966458478,1.0366815458673746,1.128766168436939,0.06845377676738157,0.3932767399505826,-1.3745955689642733,0.09212407066712194,0.5749475127333975,0.3755168035194851,0.3225850029038333,0.2999169599029909,0.2908673092509195,1.7768785552409068,0.6834844928109527,1.1,-1.0199244671722845,0.05387224346938591,0.17848059448946355,-0.045028607308442985,-0.3193398150971475,0.08711188686168908,-0.3060910979585825,0.4623903480539906,0.18726575920915398,-1.3555090528474063,0.3365550184991202,0.5326872062463657,-0.2943996523432037,-0.367531176817144,-0.3843283025214199,0.17227665789942398,-0.033486627817184096,-0.04486490085940404,-0.047494225279246564,-0.04703200205787581,-0.0464904704740842,1.7277499525767908,0.5866883546253956,1.3,-0.17802938816436004,-0.1317312377310888,0.10496027730575824,0.16634339073382115,-0.06868144029881977,1.0371558343623684,-0.1705486483745591,0.6289387453771015,0.4042415254308311,0.15496110965847756,-0.3053406634989735,-0.07650510100022573,0.15719683374854682,1.054638814245464,-0.08393528448230755,-0.14418712540053555,-0.3052712960733705,-0.12403239957604326,-0.07883587266481656,-0.05837935564627623,-0.04988316127812005,2.3101789912790536,0.9448869982849268,1.1,0.7474487395283079,-0.007048932981489371,-0.1921410611977076,0.23909600052590696,0.11260174725873212,0.32443505270143025,0.4070798002132938,0.7808018142161796,0.38683532993212894,0.09734699349856896,-0.04585683169107696,0.823988769203251,0.2170422971171818,0.7036922184856336,-0.3378167883789738,0.10406706407346013,0.31084567674162145,0.2327608791732039,0.21376138112203905,0.2065697093492097,0.2037917625490392,1.5615665540693424,1.0454148528863585,1.0,-0.19777334831219145,0.08961786916037293,-0.1795700287353697,-0.3156511836239163,-0.3088387543262913,-0.22201841391605245,0.5536418226295003,-0.004716050153241169,-0.27254356648566097,-1.5147795484846385,0.5640096167084574,0.00921619506443433,-0.23064434422782626,-0.09539947855157856,-0.19988000709798348,-0.4245163034416083,-0.1950225293809396,-0.14933218892355046,-0.1313605195090575,-0.12241199888710222,-0.11857665088213246,2.2526470399953267,1.2999577353335303,0.9,-0.4252621132909564,0.15725357752219613,0.2044930938772833,-0.17811652729816854,-0.1798373779099217,0.16696662956826486,0.030730201226623,-0.17750254330600174,-0.20161665966910586,0.5893972668141638,0.41697129983321735,0.15717412755516955,-0.21406274697211794,-0.024779571494581223,0.570167831916337,-0.4403732902002017,-0.1387432737316998,-0.05624393228877502,-0.04068066045248963,-0.03554270091489223,-0.03381799498376548,0.8736038357593829,0.2574234653677433,0.0,50.98938567460658,-22.272730077862114,6.006036517786113,-3.872448929130949,-7.848660985577017,-7.166068321335944,-3.992350173831216,-1.092358160423942,0.6246454964784891,11.661602646362931,1.2700436153352783,2.607451715755744,-0.05629151745290395,-0.11403904979016533,0.8158477519156944,-0.22107399299672847,0.5907268493679627,0.4284949594883485,0.40557211207912536,0.3980655086037115,0.3954899133634368,1.1133451803574628,1.6468221550391335,0.2,-72.43710536470894,-0.2412226396491341,35.87943809283692,21.398048705445994,-2.6367209091734085,5.827142755355933,6.3263569176087,12.09217013035536,6.718349173811916,3.9857635291167743,4.590636997612607,5.263005890888556,5.394244677850766,6.72127701057276,4.784337414327105,4.428463958295545,4.953979691425705,4.829833978086208,4.765091542466061,4.732023215055102,4.717196471083911,0.0003776564885540404,0.0069953920501787045,0.1,-1835.9875233290359,6.374094236559273,-4.894939967925153,-3.7946311310858505,1.1618549552258912,-0.3366782572337144,-1.9636622044959609,-0.19306294400929855,-1.5231881323938836,0.8230968136928993,0.8237703442617601,-2.0472245746723057,-0.21928292890529374,-0.7781650639683235,-1.5499769593886228,-0.18861546834435927,-0.5370735414412309,-0.5320140879646758,-0.5298889300518859,-0.5308903149106712,-0.5317272948079008,3
2022-06-08 16:24:30.225446500,0.3184324067139996,-0.2843513853114061,0.12758511091295033,0.03240433467965441,-0.13374594049082214,-0.04162669207273472,1,0,0,0,0,98.4995,-1.9550967280072544,-0.5830099727325839,-45.243084539839394,0.024616500306829187,0.0724933346042443,0.4897440804225859,0.019677696824276697,-0.044453281017220375,-0.015146246102380957,0.02122639400044521,-0.09515338157774844,0.31698220207774275,-1.3800904368720464,-0.006168253419378626,0.09759830969004353,0.09928073848098637,0.062383764725208776,22.8866796875,-2.3184237129351906,35.846009502730645,-4.981040920003678,0.033135619864265116,-0.2106559824071781,0.03837545898609508,-0.0400045750479298,-0.030892981471155805,-0.02686402866976581,0.013663978474692228,0.0014724206465101866,1.6088753781713718,1.4645360520747603,0.5970551017337901,0.35174295674304146,0.5958412048802562,0.7342182709479134,41.611461379536856,4.705957697787861,18.89025070468004,21.957395917883787,0.14614798877279978,0.14791824444881474,0.2447497756584281,0.06089566246638665,0.02677255630274363,0.08582899747560442,0.08199169567478785,0.06007919216615588,1,0,0,0,0,1,0,0,0,0,0,0,0,0,1.1038174176760795,-0.9229827010141846,0.9,-1.7897349055012604,0.06552292913195001,0.3150178620693145,-0.2398811950383429,-0.8081642140718718,-0.9907514566876808,0.2059047538662168,0.0857499850541531,-0.026437576120613704,5.028839152648937,-0.42139733003962376,0.3837203827631581,-0.6450719795463965,-0.7899669940913878,-1.8525123309144775,-0.13305204388824365,0.3280206586897775,0.1768576469729023,0.1275509313361306,0.10486373897934764,0.0955649230171473,1.8884093469193275,2.2769218647959484,1.4,-0.9841714527366504,-0.13567737881738767,-0.15291955096386636,0.09018295163522537,-0.14166132233297551,-0.21938236650994855,-0.19572661769536714,0.37467011944415496,-0.33871986098927986,0.7186944770744413,-0.7415814138050602,0.4726818373571445,-0.4830063768246237,1.0599658748325838,1.9119817355229733,0.3600302784472624,0.3219853428956398,0.19714667997318272,0.1587865119814264,0.14188587247087656,0.13486920048146242,1.8564091363769435,0.7179613279902335,0.9,0.2554529214558975,0.24415099386122466,0.0067214230419439394,-0.13668896910172867,-0.15133578294013655,-0.6795437892063689,0.29712063672492633,0.4282549755756686,0.4174917762494322,2.1838327387790963,1.3749546883503232,-1.3305230341396397,0.8933955321810556,-1.0636744627580623,0.6375136520646256,-0.1901214013574828,-0.028489931347415287,-0.06460226944735781,-0.05949616931671231,-0.05386119298919398,-0.050853381956696836,2.2979545132557275,2.7441446787814106,0.2,0.04514347528049864,-0.22569161804661916,0.36434566248027794,-0.27628284287340665,0.165496719666561,0.322160304476819,0.32436046248275896,-0.006030031824640278,-0.04285475878944574,-0.413453443815013,-0.15018405981383431,0.10422307177601556,-0.16059941902859368,-0.39384457613385604,0.2332021443726836,-0.08723411472620153,-0.014673291127192163,-0.0048302233400036474,-0.002138917890295574,-0.0007977636141535509,-0.00018639384317795668,2.02620704598634,-2.4065003433012193,0.5,-0.3617114370174985,0.20202158870532289,0.21920229687678414,-0.1699164123425805,0.11287200410596425,0.6352860072182653,-0.4842943775765021,0.1741115926163121,-0.000498517025680517,0.29952996385252084,-0.04858763144937471,-0.2442621167747788,-0.1667780682017134,-0.007866607909609032,-0.17663400343575253,-0.051826346389118136,0.06377158072911288,0.024973145626944082,0.017040819297255847,0.013695754774327284,0.012368978062918284,1.0824132551401702,2.27026805986301,0.8,-0.13255892673005054,0.4057862149202129,-0.09944624865508653,0.15848674750388111,0.3424122224080498,0.4046875214537776,0.05301286236439233,0.4344672804819673,0.4854418313710186,-2.091514556853725,-0.07838271029651278,-0.14646803385738988,-0.2037304665531291,-0.10461217496763052,0.3605276334180343,-0.4674698862439811,-0.06365806434976112,-0.0021477714053991788,0.012763986627002429,0.01950225783433822,0.022323157378295787,1.282510277097719,0.6399154257826282,0.0,26.444032884857467,-4.508672149711086,-6.261290273667753,5.120193977831984,-8.97444329776726,2.639008185383545,0.820846379117453,2.939224252742469,1.739660854555268,-9.985074157829985,-1.8727983807863429,3.9523364171294766,-0.2182606889025998,1.186391344629721,2.0789255809618084,0.6727792244489635,1.7001691530974752,1.6930840127046018,1.7048321317903838,1.713640805037075,1.7178914077898513,0.7226386597580616,0.06929614974838896,0.1,-97.43307056848863,50.61479212493517,-19.166328192091136,11.550129506374464,-4.051747898678652,-1.2572603520445185,-4.467913531914089,0.6013693865018368,-3.290824472215521,-0.6318006275815806,-1.8086803558024664,-0.9456551747171256,0.3112549365631927,1.4334953295313726,1.3243477913490738,-1.500837306397064,-0.2390862453734437,-0.06646772201109917,-0.04976059423675139,-0.04687562004045631,-0.0463462475301164,0.0006291715609152122,-0.00035914444512957755,0.4,-1830.9505155056986,-12.555345351466627,1.9503301749821558,-2.2737851078680933,2.5255638318019464,0.8695774818579309,1.5822255069067095,0.2356366618761285,-0.07739183200782662,-1.6765550704873036,1.0401941213007362,-1.3818339003951436,0.36026992037245265,-0.3008066206902953,0.9339719493750422,-0.15297199127336114,-0.16255880190132646,0.08218953155007824,0.11598505680703043,0.12470024482526297,0.12745575803001866,3
2022-06-08 16:24:32.975446500,0.013725913328415771,-0.1100350701827597,0.12356188115346355,0.07217606390813358,0.09276950568686992,0.025755716970937446,1,0,0,0,0,94.02799999999999,-1.4161099408362647,-4.8795614115369155,-43.91844252647357,0.08085118312016268,0.09180107756813463,0.489490625608844,0.03168302039930256,-0.01349113643914895,-0.024828266752265692,0.012922930259018351,-0.08969021392077016,0.2741131988893523,-1.3582007557057676,0.003847021034856917,0.09258999806121604,0.08978328182994931,0.051803858006181584,25.13200781249999,-2.212468871389994,34.75432110138745,-6.184992813906902,0.034681165893053825,-0.20230237497729514,0.05207496918866022,-0.038835429565564336,-0.03094754189359672,-0.026312364771460227,0.011547002817782577,-0.0015828796628252321,1.5929673510806883,1.477588586222487,0.5949602891102262,0.3512511196731167,0.5943414061535484,0.7325561561622331,42.943268435683386,4.715364917498597,19.633104952413692,22.661379533010866,0.14635899092958052,0.15343481640376924,0.2529270548030148,0.06148700829845793,0.02695461910663429,0.08582977910276422,0.08095454858911418,0.06130977123559984,1,0,0,0,0,1,0,0,0,0,0,0,0,0,0.5548063757162435,0.7455686360899709,0.5,-1.5966255149428348,0.10478534672234636,-0.08267474038155923,0.51909645350203,-0.28377945229078616,0.965064564033186,0.09026689040169708,0.4064181183536116,-0.07294826890946747,-6.499954867723948,0.5633623776823724,0.4215608105075894,-0.6149316131620453,-0.2356013053315209,-0.13146003062169187,-0.4943208598897574,0.15728486788445956,0.17040421091319166,0.15502342326459614,0.14946245135510527,0.14750804569264425,1.9554495493744648,-3.2282324182049753,1.2,-1.0395289720138523,-0.22468835106935106,-0.03324613907300854,0.3163135849769367,0.19170158766007656,-0.4289892747564425,-0.17551450585261555,0.051972587322063724,-0.17472093717533144,-0.1076163393578203,-0.4594318549389405,0.4137996560490596,1.1370308304026069,-0.9934644644335406,0.3675184631865749,0.3060468059004765,0.23218886252263315,0.07746151276753999,0.04829113449514468,0.035648504898613625,0.03059731075414725,1.680950871849861,2.2931575450589583,0.5,0.7642988522231043,0.3922439203754912,0.33914996127094577,-0.05135103197020927,0.28342375406767584,0.9983265485361832,0.8928768118464615,0.11162435432728528,0.18882260468117434,-2.5337872539632587,0.8146957735666678,-2.627963005921397,-1.6537792435054728,-0.4034852035433393,-0.002620430410317065,0.10340772692989696,0.2961593652304063,0.0488310601603944,0.0017925971516635773,-0.016004893320037655,-0.02278564421521756,2.0662993874002598,0.19816222088957586,0.1,0.45883323153375,1.1037139119093078,0.1283778787399846,-0.3868457235899495,0.18871170396672884,0.027853020098904262,0.16628458957372294,-0.3614062204786831,-0.8464091309507591,0.2206648583668956,0.4088137870262873,-0.0037874407202265,0.2594010645039969,0.4302319706038768,0.5958460906824957,-0.11786179745393205,-0.20107259556270207,-0.12528076583660666,-0.10400522369692856,-0.0943520461331576,-0.09034226731259952,2.023826110535424,-5.128397700025968,0.6,-0.4749027094352035,-0.19771389915328716,-0.6620539186843947,-0.5398780384098865,0.049350997621865414,-0.057503030063175885,1.1371183286511009,0.7364085763934201,-0.08319110037193586,0.4618198524884424,-0.5683909519373542,-0.17177479949781024,0.2471554463384049,-0.21057584918380454,-0.2311734789945135,0.10013320487084236,0.11717745512091696,0.06672290169684951,0.04738319255778418,0.03734907915909783,0.032970388972633435,0.9883978469419564,1.46158772686371,0.9,-0.6217464378102537,-0.5555247139988602,0.1627687294831106,0.05279440611086715,0.24070728055112406,-0.6555510511409158,0.10403365825010984,0.3754627356663924,-0.0625054098306708,2.699236155128891,-0.08543341783224784,-0.28799790138166026,0.07376029045949517,0.30546216472150595,-0.4156952105435919,-0.5488917037157721,0.031238616705532574,0.0006408987875036742,-0.003752077313522936,-0.0055574696436223175,-0.006346252314372709,1.7790714548174855,0.8173240822713701,0.1,-2.472738329143891,25.618305263258435,13.451393779346304,3.4743657789801468,-23.438409491663624,-6.570696251342916,1.6206500274034852,8.249643156523621,7.75767869524549,14.998399787479293,5.2433102976509245,3.1172465115832115,0.32280741783527034,2.994320599693105,1.7345029228401896,0.60123936017704,1.6445039897457228,1.954545835460248,2.0933771868488043,2.153720272412844,2.177019964679794,0.2503977789145824,-0.5385007345765251,0.2,-104.17161053202163,4.872706692386108,12.385800565105937,-9.022321737919926,-4.279310848455976,-3.676936635803928,5.697366939035312,-1.84544376990738,-0.3680724258495531,6.075529064658054,5.1255375640155965,1.7488865426403732,3.864339763040348,-1.0998819234996533,2.968279458357312,-0.16554373244822784,2.201515375598328,2.2523169490928567,2.2220832777582338,2.2086620897454097,2.2039177346095373,0.00025674486658281917,0.0072329695917220035,0.4,-1828.194234109875,-4.84614401219352,1.0100073551245146,2.1087787776149867,2.7714249255998316,-1.1466387862617748,-1.5081712094701911,-1.6824610370862703,-0.9422804941365824,0.7888808475502245,-2.4895679175248238,-2.1543860697962387,-1.752587498487646,-0.5375606796631516,-0.05357045184474885,-1.4836576306291676,-0.11749641602780515,-0.09918712265704954,-0.2456381294361236,-0.3212151731114048,-0.35281367528933405,3
2022-06-08 16:24:35.725446500,-0.3880447027651421,-0.16743259840572375,-0.043523090633289456,0.03094487743410894,-0.09804268982523666,0.1713280707828184,1,0,0,0,0,96.4915,3.2800618978149707,-4.47663092816379,-45.96373783293896,0.0880137076598506,0.0882679741586011,0.5169942916846503,-0.007388416927331081,-0.009345230916214932,-0.05111878749426,-0.003712413930825036,-0.09852898878060616,0.21974633439795385,-1.3355629040559385,0.015950329934987947,0.0868832157273319,0.07972209531698657,0.04537806468858938,27.291489062499995,-2.0580422254651958,33.58578760612337,-7.378913911555866,0.036128592214703006,-0.19361713765899172,0.06596879900518646,-0.03772264137244092,-0.030384414833095067,-0.026348537244286697,0.00900010114309998,-0.0047775454217891715,1.5633290933729207,1.4904361534446766,0.5896095256987248,0.3510477508086282,0.5919594875968817,0.7313907520917761,43.98448406734256,4.735853565928516,20.430046382537434,23.25970092072018,0.14650198501836362,0.15886109249547695,0.26043085766660584,0.06184808490608176,0.027357942567530973,0.0858446295770617,0.07926234034659875,0.06261130297049196,1,0,0,0,0,1,0,0,0,0,0,0,0,0,0.8640954491382645,1.4994122684739741,0.9,-1.5332802751624708,0.11299536550206155,0.11264863513696323,0.04017379393099463,-0.59393472667541,-0.25385442874403874,-0.31841008159843553,-0.21590631665593416,-0.943523565008792,6.058408067416817,0.15038674589513562,0.05151183716302998,-0.113783289206163,1.2023618351741727,2.066228654353114,-0.4826131495703357,0.2731918480140687,0.1483971418777744,0.106930737781209,0.08955575259485839,0.08266939301308583,1.8300042951778943,3.763943681116184,1.2,-0.8815423648775962,0.308752910495819,0.17327561115802034,-0.05302981986131648,0.1945551226774017,0.4041924724221999,0.3986757836832768,-0.2807620749756363,-0.2099459815145936,-1.263727826466315,0.5527342520011813,0.2220062011646213,0.8978679489009324,0.6518475252752907,-2.066526424789324,0.5606111980143511,0.18108528597438714,0.13505270245966486,0.1057545321571503,0.09332895919275663,0.0884205851140443,1.5832034129869792,1.2019537006918295,0.9,0.04217448838905341,-0.8782518845522087,-0.34185971243094104,0.08546142345292485,0.03422089234487252,-0.441605943097665,-0.8176639044551036,0.10810880117172096,-0.7007373107718553,2.7461277230355234,1.0474213939490895,0.056579550958985037,-0.12703207449374845,0.660855674542064,-2.2467563943140045,-0.22066225437774775,-0.22053856510405484,-0.2505865033968208,-0.2350547137829604,-0.2283008679512497,-0.2255111134173996,2.236098895803419,1.0672956817477954,0.3,-0.31228207214501763,-0.5560864675515081,-0.10450799900657597,0.6344395259981401,0.2407923360224261,-0.3653795971305561,-0.11842032715527595,0.14631032466900282,-0.591248632430503,0.2488014848192391,0.05421029836353414,-0.04030670054985869,0.07834366245670671,-0.5149583985384146,0.06400990633273768,-0.049079439629024085,-0.2400765918255315,-0.15950513304083086,-0.13058795788484293,-0.1168182174334038,-0.11100554363189527,1.8026876468575517,1.0454601072397272,0.4,0.21664061780137125,-0.09015930053727199,0.2837900297966241,-0.3348354327386294,1.0502655867631223,0.6231444135893401,-0.8188134337590744,0.7568000892791038,-0.6367518235007259,-2.0167078327306296,-0.23117805343696085,-0.07114948785897802,0.6068377205460751,0.3108761061188054,-0.3262079959503612,0.07996392028977692,0.1558476131281312,0.15291262141568032,0.1311660019187418,0.11922130758637205,0.11401633795713766,1.6829233404196482,1.7469103879798233,0.5,0.2699043100779312,0.4350169595023323,-0.4212652044953629,-0.19276214018772755,0.5383023211364857,0.5518964882406765,-0.3951124987880037,0.21875600241030055,0.13025071929511053,-1.8783247471546616,0.4076842006717658,-0.2646564751607464,0.4921453567388583,-0.27930844838128177,-0.3380225344604001,-0.6545355192499724,-0.0049483026313278935,-0.055221512454548934,-0.05624520753554618,-0.05581502085972129,-0.055464254651623184,1.4566048201596793,3.9083578176049074,0.1,2.6430987950962663,29.08302142967659,-0.1319524351748136,5.931187937677072,-26.753141458481025,10.728838923423659,-5.937781666117632,-1.1675321477142884,5.8088478275113085,-7.133337382022551,0.24949382366659198,-5.0628897204310634,-1.1826202267992456,-0.29903831304170136,-0.8103894556092608,-5.701495909763758,-4.0489373909035455,-2.424790149955027,-1.837913663517112,-1.6018576566322338,-1.5104812014638695,0.5480261386290783,0.1874548744163784,0.2,-125.93706798104195,-52.78560657377074,11.954043077499785,-6.068782817827481,-5.45227751656967,2.759458090910058,-4.483858859538397,-7.483254251036924,-0.34356776202487604,-5.381067943712606,1.1868833589317245,-0.2775536142343823,-3.897623044123584,-0.06142635365490207,-4.0361812920488,-3.4920591753612595,0.4019328162532224,-0.4570581104368096,-0.8040602728679782,-0.9522529053359376,-1.0108508247640693,0.0010212829798635404,-0.010602428884512821,0.1,-1824.039592529215,12.911264941994945,-7.2198549636439395,1.0046487482112525,0.31875034907309896,-2.200301139624102,0.5516594379278388,0.5315346305379052,0.28054669724770065,-2.8160693629293974,-1.4331128317427115,-1.322627987323088,-0.17377483389400794,-0.4912041560843861,-0.7723126019485278,1.7929896215169876,5.234924038243656,3.025772329630237,2.111822662236825,1.7246049111809825,1.572153744686312,3
2022-06-08 16:24:38.475446500,1.832857484472296,0.6318320389198366,0.4008803641123209,-0.6327260112734768,-0.12531455953019574,1.2912052315290732,1,0,0,0,0,60.00749999999999,-30.67242487752932,39.436299769250155,25.15056585765553,0.03878756657059674,-0.2330942291118609,-0.2847657970324012,0.2324589787924737,0.009474790860404763,-0.028088448068112577,0.1265672540918972,0.0027695196000914303,0.15848745792567878,-1.3172958767872198,0.02932629370079002,0.08027704475531336,0.05710338902803296,0.049493977084230686,29.399183854166665,-2.19996000221627,32.767768252824304,-8.231432415062239,0.03731167996685012,-0.1869775061341245,0.07534392332142574,-0.034421429819454716,-0.031240902219035388,-0.026974179489291025,0.006600707907499229,-0.00761463945146017,1.5181131529611958,1.5011684797418507,0.5816085287785601,0.3551627899845371,0.6047811262581511,0.7445618281796497,44.863363198272936,5.551751711801479,20.745624831958576,23.76031863932125,0.14661079135982194,0.16149504416005803,0.26575519908799783,0.06894450101166957,0.028975533960341807,0.08653390937416316,0.07731286579571517,0.06358688816096701,1,0,0,0,0,1,0,0,0,0,0,0,0,0,2.417050751775589,3.438842037303918,0.4,-0.1810337907859248,1.1545969150326238,1.6160996304027269,2.394692329166864,2.7892115470798684,2.327464735528295,2.4547624256591543,0.7998437252679585,-0.2112019224788521,-4.3368780376231335,-2.160673557894884,-1.801955866628734,-0.4633072998309535,-3.1643923563841163,-0.8183802682508976,-1.2411661564119882,-0.6773460925653343,-0.9569732799564604,-0.9920338062722284,-1.0027030638722974,-1.0063233332912045,2.4526106927078963,1.1990598958626624,0.6,-3.6869786500378,-1.9197044736703064,-0.6356332082526474,0.5376974667471244,1.6932538007700768,2.1799572397039206,2.223362660902008,1.8909331084079581,1.1754750372084888,2.1942767830258405,-1.2209207180063737,-1.8894952864793892,-2.791929126403028,-1.9634452021464464,-1.5655135613032711,0.5392276121826383,-0.03679232805200766,-0.11834622181757105,-0.17186045866456853,-0.19706713940707304,-0.20749092666010555,2.3904169277437406,1.1131723829949105,1.1,-1.5113908477907319,-1.2964514880040223,-0.7144308068249647,0.0788582951140886,0.4574334952999187,-0.02833973753995529,0.9998453580536514,1.5002420131441665,0.6286399118773164,-1.241011029669355,-1.3855871391783192,2.5489972735525566,0.7781957199847549,-1.8354479829956656,-0.33643784533606713,-0.4475954277245848,-0.8378976953699822,-0.5158201344265678,-0.470296601161289,-0.4541029138145381,-0.4481586616160588,2.462840203132991,-10.371512622067721,1.5,-0.6996313753850326,-0.5312829137509751,0.5262938537913503,0.9249982432616688,-0.386403195309991,-1.1262514690879253,-1.9839688370552184,-1.0740363106993522,-0.3337037578269473,-0.01545084596273899,0.17502080672166254,-0.3008272453659004,-0.7870351348628173,0.8535998113113461,0.5596374409089302,1.0162579364532285,0.6029425661140928,0.5645199203311012,0.5369710816589354,0.5206016250310849,0.5130427764664517,2.244300662576425,-39.051196445001146,0.9,-5.1480758426923945,-4.945926177670597,-3.0977006676247596,-0.9470490888722988,2.3294163583286265,1.4810086928689012,3.0221008453528224,2.7354519692634938,0.61069262245804,3.895790572059064,2.1173684744798225,1.7366258548433768,0.9535823583535852,-0.9360585180312144,-1.2645844713267784,-1.0379143117323548,-0.3940748447101943,-0.3369357976999132,-0.3167382360811816,-0.3041113933017503,-0.2982397514691687,2.1204659320910384,-3.3728531313015133,0.0,5.124902661844149,4.738792791435169,5.079760291524837,3.030978523770941,1.7152156311652766,-0.8193396494184164,-1.3571372927829162,-2.6144595350706696,-2.9055796106367673,-2.4047538888116167,-2.116606694150027,-1.06249720238925,-0.3722732354657721,-0.13199364843887365,0.23896864227500894,-0.8251665013056079,-0.34516157722629004,-0.3344309141513953,-0.3338756265202066,-0.3325053708597673,-0.33162997970848584,1.9420485538967112,-3.0031756354303907,0.6,-120.18318212373173,-145.29168533160464,-91.33524269441996,-40.6708516236606,-34.00852917270268,13.983050396145122,48.888693029645,38.91850882999599,42.73505206127633,36.21544687149309,36.68424606869197,31.91589329573463,38.11499585393765,25.66887614553902,15.151899582192733,-6.048658318237875,-0.9730726103264932,3.6279314627002286,4.991613505920125,5.604590291409434,5.8571365586516935,1.5480035415725333,16.067536666346196,0.1,35.246349160767686,159.7296605763233,52.74286337727686,40.12175849846045,1.5475131254506884,-1.7848992686392435,2.594720317706946,-3.0542227481645017,-5.297491705727669,-23.065288483318664,-42.71834247145104,-37.321747230917815,-40.06459152107522,-32.681441762233675,-27.02341153968705,-19.16122120051391,-14.052305647650574,-16.608635367041195,-17.339044879049442,-17.643934988465862,-17.765884246373204,0.23710734805675454,0.35281053227901826,0.1,-1663.5404293153229,154.66590745842325,153.3653972184644,114.0708533736463,76.23604552942774,39.86730902940404,-0.6772485109483313,-28.63291425608409,-53.557888974592025,-68.21731233689556,-76.68727548813034,-80.58055356658716,-74.4910974939583,-65.63415219520556,-48.44101087249711,-19.708278048288435,-13.704413168327674,-20.039139237881034,-21.79046914642726,-22.506513480312552,-22.787121687672702,1
2022-06-08 16:24:41.225446500,0.29666853664593834,-0.05015594208929616,0.2574918343108136,0.4954416638314363,-0.18512195265652728,-0.0499710413916615,1,0,0,0,0,15.9975,-24.357020847147666,42.27389871759088,11.35783520069889,0.0015735587592024755,-0.2443330089104611,-0.16951109069336215,0.15544894440172818,-0.07209242520775593,-0.0135148930519256,0.02732811803810977,0.024153129545554448,0.0904968553723064,-1.29137762644229,0.05517375371566797,0.07546702203029597,0.0450757031622472,0.046380334418940405,29.8116390625,-2.697170276137744,32.64534925712335,-8.156789652646914,0.03792597946043677,-0.18562503689858095,0.07387942981542994,-0.029127086304600324,-0.03239707379483635,-0.026452260801237536,0.003628682001929484,-0.00856048231534742,1.4448763023330025,1.5171024351988045,0.5663001809402017,0.3591849405852937,0.6015302340215708,0.7447125344262908,44.687194606559245,6.662598256747234,20.684057401861146,23.821188300405588,0.14672963762625915,0.16086799471343968,0.2669856957147595,0.07588071402802829,0.029462729084327517,0.08681102022706304,0.07383900708088595,0.06321075515144735,1,0,0,0,0,1,0,0,0,0,0,0,0,0,2.2177139208312777,-3.9525308587050745,0.4,3.7162025393310665,0.9630214609870876,-3.010590138993725,2.390384854058465,5.88504801730574,-2.77999584992977,-1.5372407545733258,5.230591468928334,0.3663395156543117,-3.872533547750331,-1.591282395116524,-2.566875071952462,-0.7271643172108315,1.8108823623350805,-2.7223720776130174,0.15533470647944608,-0.0994310380826562,-0.06631352059130996,-0.020659188620181814,0.0016154310680241426,0.011408724247613293,1.7913267944882596,0.0938693352038236,0.4,-2.7390355878460557,1.9130676456724869,-0.14020373358506924,-0.8857845179650439,3.6255509265346233,-0.4088849704533492,-1.5053117362577102,3.2368098343565244,-1.478715858841824,-6.658059153234834,-0.5389057315290178,-1.5710468385266367,-0.7257854382920703,1.687651332491836,0.29996278283109856,0.6558047450377976,0.504871836725213,0.4184735775553041,0.4197068962595869,0.4222035814499372,0.4235660147177797,2.4287008497564617,0.6226880105942064,1.1,1.4118411116272624,2.8333664912395946,-0.387242221707109,-1.442692437418501,1.7682918408789607,1.335068130673995,-0.7706858182747474,2.4057007822642293,1.5386137819114658,-2.2037478718559687,-2.0916584009790755,3.4109743954588514,-0.8254577244091035,1.6878599254712896,1.9046282142880584,-0.5492693536827167,-0.3430856252365297,-0.019839840464457137,0.04765785584309976,0.07670465119741045,0.08837566705164919,2.129885410622148,-6.175444053315793,0.8,-0.7633487557012839,1.3561445642704708,0.18403654920332874,0.7681569389361663,-1.11228469074505,0.534756616994669,2.3383969036939707,-0.6841555583611896,2.9128013397726,1.3355200962752325,-1.606166471378814,-2.384823290386276,0.18415905750740533,0.0450294725147973,-1.0946214194543336,0.012610436793594998,-0.2736498374045419,-0.2978912320820097,-0.300762792386268,-0.2995050236371896,-0.2984308086718077,2.2030057993956262,-0.5804257438570813,0.4,-5.0271991661954045,3.0147647960337256,1.890766470987464,-3.940577842387533,4.263230525165897,1.0282920138389542,-3.2409492866918765,0.8952980962112232,-0.2806341521608689,-3.6036034070982415,0.6468530286748323,3.6674070791691897,-2.145059111406152,0.1096077654534408,0.9916636222104768,-0.6919990084338257,0.23333383247500225,0.138737385751542,0.13921794620335035,0.14133648237400132,0.14250271340936185,1.9853418044624327,-0.2621414471002304,0.3,5.516406320171449,-2.0055283060192446,-4.411537351922019,5.5166377390294015,-0.49078929697425,-3.863938054458696,3.076947854119445,-1.19302422794326,-4.523332750787089,2.3179212126191593,0.15824048012336442,0.3081858495275465,0.7535393347690266,0.010793210608952386,0.13418434273659224,-0.4111417703805257,0.022766555514148527,0.08988909699472003,0.0978310365294926,0.0987085413737618,0.09848947372585916,0.8537910297989424,-0.7846008973032096,0.2,-393.1659116385566,-116.00032565997229,117.56092824587928,-34.80649528438479,22.97168611864391,51.471518735158064,-50.758369884458,10.411587844831985,25.20222990723424,-12.570533732150938,-2.7095319223886047,36.86832354521738,-0.16159575893957626,-9.825595461857985,45.831420459524146,1.8602142358513083,8.047976239777856,10.01672722832125,10.282814552561529,10.392008260013801,10.433551844980958,0.7444676136345828,-1.5754670664234467,0.0,489.3725751986065,197.47751948711223,-105.22406522576595,4.5792607756311305,2.538921618142134,-28.53105698407332,-32.4834041565353,1.6923281976306075,-29.90031172996575,-25.830608131390107,3.5359890715902185,-36.558495529131456,-16.209476433553107,-4.349005290854661,-34.643290478201834,-24.01700880419457,-18.909323878107198,-20.670492967440293,-20.769421558117305,-20.793752661728877,-20.800193542977592,0.6039844442271817,0.40720250448226425,0.1,-1042.9568559566164,277.39012051064765,-211.5113838869783,9.9814797682252,27.33969249127708,-128.14195480242014,8.414012021402982,20.790349063434007,-102.92064909717016,-16.685001115048884,15.869956308896024,-81.58912983999599,-24.873728939258108,19.352645237544948,-72.40146743631144,-28.228426612874657,-21.15903727498413,-25.71662725646541,-26.269587371900247,-26.48401447660089,-26.564748021155072,4
2022-06-08 16:24:43.975446500,-0.9209668876705308,-0.8854838492408402,0.1266848371906799,-0.3749700300700643,0.15575823225706598,0.3166789676520114,1,0,0,0,0,24.5025,-24.393126494994466,42.60317120436903,11.09076486253814,0.001597322273890109,-0.2437670795705477,-0.16884587835896073,0.16049856147240762,-0.07421195059475283,0.016908852332157744,-0.014886808456275791,-0.0015638227298051075,0.004412300528722839,-1.2701498196151928,0.08169807246267552,0.07181213374074824,0.031289880178244106,0.0445373311591098,30.24265625,-3.155973951835089,32.58021476659764,-8.074742637305565,0.03839650932394988,-0.1846256862191666,0.07228292353873295,-0.024141743349453,-0.03378463924251683,-0.026387280497461682,-0.00015013410640641976,-0.009338128089204858,1.3376250636859115,1.5321380862256813,0.5422996322809278,0.3636169077773817,0.5976158962808175,0.7456873983516996,44.50498175781007,7.26267337667287,20.646631912010147,23.869560846836425,0.14679711031285206,0.16033913606355246,0.26805518422042746,0.07897204782036439,0.02995405735667672,0.0868655182288612,0.06905962769689132,0.06286572778325906,1,0,0,0,0,1,0,0,0,0,0,0,0,0,2.0567893302714286,3.4267803844540947,0.9,3.4127864593802033,-4.038107107955641,2.3792309031036147,-5.5502482234418515,1.4800152846906254,-2.793363695805099,-2.588384599691542,0.020107854726955088,-8.50064098396591,6.618603162706108,5.709218595853287,0.7992540669361391,2.1026922998316517,0.2096887982398572,1.0123620678294671,1.3349603087374122,-0.03178087025041598,0.3848847604819109,0.4177308409416234,0.4170868805548842,0.41334833864630105,1.6908336723311383,6.53197672240538,0.9,-3.9722742608200887,0.2240184111841163,0.04899869079410489,-3.600541869909879,2.049520003643612,-2.7541207084238435,-1.284422902629868,-1.0511744129066414,-6.088932288839695,10.175617441022236,4.4520175355218825,0.2417537018921973,2.9506750062730225,-0.7799032699678662,1.3936228331734866,-0.15008922920939258,-0.16813776938934635,-0.09231896510804366,-0.058178850670616226,-0.047303766527012785,-0.04401897392058975,2.4682312818119403,0.39163406148793706,0.0,2.155022529290618,-0.5267413315172503,1.288987269897777,-1.937563887848229,1.7137221700826724,-0.8223014825850071,1.107642397021846,0.5531748129606969,-2.192141540484702,1.6704266973244877,0.22973112611651345,1.43854998664426,-2.07269607883576,-0.6033443566372092,1.4468007585678662,-0.96788156096493,0.2379714109468773,0.1488930587073729,0.15111214347988666,0.1490972885957229,0.14784912059662392,1.8082927209212731,143.1970507863127,1.0,-1.102173504785123,0.5014446917255095,0.10096938363494308,0.30563808040531154,-1.3372316909085964,1.2650175541071431,-0.94498604190632,-1.4930633600459806,-0.04330725262369195,-4.6777643485490765,3.1129706031092703,-0.3751870321558157,2.6039080073707215,-1.0874643503592836,0.09242849144555597,0.7606037723362216,0.5480203347100754,0.4781800177942478,0.452353111499556,0.4379692933775917,0.4315891482765339,2.3132924774112675,1.0117097012728569,0.4,-5.68274839277729,3.8326322054622994,-0.7389453087456601,-2.392844742044681,4.228583262551633,-3.139067658829698,2.5082769735572352,0.18085759044496408,1.4059422891557538,3.9480322799130314,-3.3340690914437316,2.771556237193866,-3.747537374892723,0.1521981973772364,1.0443883984613598,-1.0307543486271904,-0.3142764587841207,-0.35001870709217986,-0.329499375059351,-0.3166238261066211,-0.31080489401482925,1.9982849188253555,-4.407501139927006,0.0,5.803668628903846,-4.710180993956131,2.8256016030375872,0.35864146536036284,-2.9673427003471566,4.013899416236056,-3.818086834444196,2.887945635211393,0.9346814473730592,0.16982203280109032,0.6192726006430701,-0.6336031326944158,-0.24976152820753905,0.1097652655845065,-0.8196775626795247,-1.15400510134495,-0.5434980618162613,-0.439416584404546,-0.40608414087085776,-0.3907286161134597,-0.3841973999524816,0.5976881768243405,-0.7550083273748606,0.1,-646.0132842887717,213.07184874466685,-87.97604134719026,22.890001860854213,56.396238614732646,-58.66759834724106,54.3957925645515,-22.048005673995558,-4.394208133817305,24.790312633513857,-3.8259412899971856,42.17018053813531,-16.59242485105969,38.95168060759812,5.915520911650226,1.9146464367334024,14.657494084909056,12.526521883680367,12.24658479685364,12.110309060009527,12.052667253106101,0.3295546567479349,-1.2922575336764748,0.0,998.055938075943,-213.37183238701616,76.74044820886584,-74.48321492851565,-8.801177734062705,-34.03136242077004,-29.592539473381578,-9.591108893808595,-46.8973059853395,-7.660713613865251,-19.762788787047114,-37.83482345623258,-0.5751292983257557,-37.56698595344979,-9.546819363184802,-24.562022430855798,-27.164379596969088,-25.56347789900541,-25.092168819772528,-24.888044766269587,-24.80842851642134,1.4470779570524446,0.5175924176523534,0.2,-445.80941192269495,-289.5934936324678,164.40393520890862,-119.55218908183876,-16.66156545104296,21.978057522297238,-102.14882107616822,54.395954037377884,-82.17390524506732,1.3868844427087021,-10.106300642956382,-74.57758319733712,23.689997122220745,-78.89835598690883,-3.2493155085581433,-25.154155656997947,-30.94216217058011,-28.60381765045546,-28.32994932575755,-28.219979024632487,-28.17849535509537,4
2022-06-08 16:24:46.725446500,1.2332551641104723,1.2183184861049463,-0.0030900294179979733,0.22976666479690105,0.12315709003906547,-0.3433507936950678,1,0,0,0,0,14.496,-17.37291174095129,46.999660131912854,9.189741992153094,0.0007275977000607387,-0.27760218769611644,-0.14606793507712315,0.06423940609946971,-0.07047627091981619,0.03126152769444488,0.049155306634861465,0.015597134324839343,-0.0479556438126264,-1.2457537150270297,0.1007407864040228,0.06837505484179578,0.01868932130460415,0.04478213971757508,30.65511510416666,-3.6292238289176972,32.53618728772384,-7.947135262264418,0.03832833474472218,-0.18381951835247884,0.07023824925225736,-0.019285317452436897,-0.034960723369701435,-0.026129025587740558,-0.0022826842010730064,-0.010026905352865632,1.2342099730629632,1.5531091387833216,0.5145757300512593,0.3702422989202129,0.5936879358262842,0.7478409278343159,44.31758725920029,7.617371232559456,20.62163214463948,23.932984059270968,0.14676578885446565,0.1599019377481595,0.2692107989048914,0.07989577198372562,0.030266841359372482,0.08692271752505737,0.06465507526958204,0.0625536657784438,1,0,0,0,0,1,0,0,0,0,0,0,0,0,1.9426204256221693,-6.046230747675952,0.5,6.9340921140723335,1.2934581927955788,-2.0774156253462484,-2.8441004733166815,2.2738889661067185,7.32751394546142,5.781715309617522,2.259903326778267,1.295028391011756,-3.9551304851921563,-11.385712489867576,-4.762438560754836,0.8029200931806859,0.616639000821946,2.0945321424365217,-0.6831724241867274,-1.2381984317088452,-0.5663479507841416,-0.4276930780583782,-0.3763400126321808,-0.3565566551092373,2.1486355775208703,2.4145679595782084,0.5,-2.838660303545687,-1.1324881119917147,-0.034170978703130565,0.9468117744304598,3.719568853537412,4.324171858805525,4.14646484370489,1.3722525546623343,3.403635644548705,-7.057439145226057,-7.2336711287754145,-3.2522861525244258,1.063942489749243,2.130165517742117,1.327088634853352,-1.1436508607213678,-1.188724557688124,-0.7416556976038259,-0.6077406677059338,-0.5437107810675361,-0.5164830579745835,1.9518975498304112,-2.2157444039141065,0.0,4.602218723000751,-1.4609627986119091,-1.6392529992686782,0.5275781129090037,2.3258884841851675,0.9837026959201308,0.2395846247849096,-0.6736544558122184,-3.191607585216135,0.06409891586570443,1.9562206639370416,-0.6653643579024725,0.7672438402579456,0.4321251893478554,-1.649340633357721,-1.6522264541866023,0.3772085324218501,0.1152794923846399,0.01547679344040613,-0.026984057380475872,-0.04395017111140325,0.9858266615079052,-0.04154279695952051,0.9,-0.9071987088779814,-1.2051098575412913,-0.7106135424216576,-1.240798503137206,-1.8253773684923849,-2.3277187469454104,-1.0008791653265814,0.024958304289777744,0.5687011416704649,9.530020816016956,-1.7848765203127357,-1.5277500748796242,-1.332176091563427,1.2302026108460318,-0.4703481379432482,-0.19887874568192432,-0.0847234043897116,-0.11615772147754788,-0.15784070403093695,-0.17951241637912485,-0.1890216107958277,2.1806430794730165,1.3826565141522764,0.4,-5.137668854839981,-2.8819752525649203,0.29993997341300466,3.18403662871016,4.667219574551298,4.117294858541393,0.4275470626098395,-1.7383467154035201,-1.0710848668812694,-5.460270930918869,2.764087860693916,3.9213228685925534,2.0449375633096327,-0.09884984948790387,-0.21733048743904596,-0.6940285397653148,-0.5793479541143405,-0.2503279645066763,-0.1059125787658794,-0.03639618774260844,-0.0071111027183019815,1.9666369493047648,0.5821519503428616,0.0,6.251632386670077,3.0553701558566284,-1.2423734983987602,-5.149580450157852,-4.576646774348034,-0.6502734838024236,1.7720681876646838,2.8958830427446305,2.1874976882299517,-4.845710252714205,0.08674936009762291,0.6956356997974751,0.25970644133054904,0.1358043826775044,1.1578341705196338,-0.2881014671004487,0.3698605376805797,0.29799786193971434,0.2547843043305709,0.23511052290808104,0.22701205801601335,0.28507085479850264,-0.3756850696818085,0.2,-883.3800002825825,105.69340705251743,110.00456717273576,75.76591405942615,80.55580694860117,31.884184786103702,-7.169973650569028,-30.627432791386386,-8.122106720185968,8.531582724376026,16.344591580428325,27.67245567726708,10.517920049685976,-19.52158713276298,-24.843278912292853,0.13694373970984586,13.65612295480863,10.407392559730011,9.546886879669838,9.219954973687894,9.097985818211834,0.17589871801827064,-0.7612345544442919,0.0,1524.2964540924233,-185.6895038798412,-124.29008979431005,-72.82921613005192,-11.898349182971033,-1.9094815701724601,-2.43621224550661,-21.76660904832073,-36.395500810318055,-43.78907483786266,-53.00869095372337,-34.832275458131825,-13.959753248157067,-4.7150265146403285,-5.535999048247653,-27.614807958156945,-34.43135212455049,-27.924403800262475,-26.05225290297175,-25.28817813215231,-24.989203580456792,1.8351743744507747,0.6835854321022882,0.0,145.88735203219636,-275.55201103553145,-216.92261885422454,-126.05802340376464,-62.64814029336994,19.875633282971343,52.79709310709259,41.945788995471744,-19.136005604383453,-84.64721511132205,-76.28449424595095,-54.59141486029967,-8.202844792504957,25.317405523694354,15.3285888271421,-25.97936119980957,-35.755411065718654,-28.489048139667087,-26.980012636581634,-26.40996112235723,-26.19542770780752,4
2022-06-08 16:24:49.475446500,0.5214102557660243,-0.28633693457832826,0.1063854017920674,0.3502772697720717,-1.294370305716107,-0.28910475798013713,1,0,0,0,0,79.7515,-25.73348436889873,-3.575468984107148,-36.92458448736551,0.032789863316012184,0.10387489359988256,0.3679628396263009,0.2430511756566721,-0.08055781119853615,0.004741683930958899,0.04967517732980374,-0.14238582529539492,-0.04748177941274693,-1.2535215250342466,0.09446747571271236,0.07392539340726466,0.01430070811284471,0.0320149204360255,31.804658854166664,-4.202625184363047,32.1458858062848,-8.326944758392758,0.0705448161393447,-0.18003921578534948,0.0733525803676647,-0.013640033062053062,-0.0372642499145487,-0.02407950677737066,-0.0016345036632650172,-0.010823878253762784,1.2174635288332751,1.5528170746807015,0.5359981359132836,0.3731724995344612,0.6115142203939571,0.7622566722963451,44.43307011475053,8.183931396636076,20.826231956411547,24.165637243247524,0.7077883910217501,0.16139141218042213,0.2716082654211999,0.0823613449969214,0.03558703140473498,0.0896791270372892,0.06398843007068054,0.0634693515402104,1,0,0,0,0,1,0,0,0,0,0,0,0,0,2.085769320778317,-67.9125643108171,0.0,7.668291870508906,0.9441339112342813,-3.306981731294215,-4.664265632026398,-1.949175572536216,1.9539217323175704,6.367677087843113,5.781715634580514,-1.5927568232510867,-12.160745497841015,3.2602935208678456,-0.8373443813180259,6.587501380386798,2.0960143014118686,-0.3431475756485298,-3.793316334190112,-1.6277880267434477,-1.195257825146375,-1.0674035580448948,-1.0027938156353189,-0.9752283810209952,1.9981038013807644,0.6954476076673038,0.4,-8.702581955352775,-4.151466959594199,-0.3671689846028672,4.1704968447376585,5.565892228139282,2.9603411645628794,-0.8214252813656164,-1.6710611521121477,-1.706790804809478,-5.816433217517942,3.1892048789817125,-1.221697794086584,0.26156461553386445,-1.7452288290038038,1.3927566034395658,-0.802823843953178,-0.9748408430809704,-0.6489568575135205,-0.5573889593994973,-0.5172500012125636,-0.500778216820758,2.4536340300947583,-5.312669883369802,1.2,1.9227750298032975,-3.37253393227562,-0.023058983924485243,2.9695960747942576,4.853180709994267,2.6430330897562517,0.4765196276605881,-2.1282603694246887,-4.5350198534450366,-3.104944384858457,1.7179492693001133,3.3043381542903054,5.103476610588948,-2.2536475003616085,-4.3653887142423615,-2.84512861740366,0.3231144778198485,0.08974303004783947,0.046552382032587915,0.037141012661184164,0.03511786604748613,0.8024952323938337,1.3584133893364398,0.0,2.7886726790435428,0.9267144660432932,-0.4040169599249304,-1.744551753322292,-0.9528673539121568,0.6879814747538713,0.2540950182055685,0.3689656713134498,1.0449662837117613,-10.853460252279763,0.8415659844245675,1.9819768647484064,0.44566219456890777,-0.9320245276356742,-0.9970838824696844,-1.2483360942334647,-0.2895695967287656,-0.27758090293783594,-0.2673355501637105,-0.2616609850290078,-0.25917945021829025,2.4118706531994034,3.06692629075415,0.9,1.069013052496556,0.40257322779730603,-2.4978838804167984,-4.6721510244333295,-4.679044522701196,-2.3254925952835968,2.738664888653688,4.059267826496405,1.532863298590187,5.8407423588243965,-4.128637759906093,-3.8823566260035234,-0.1315981785200721,2.89977670550478,4.386688948066656,1.9922245405477241,0.1767377045409827,0.42698457817603896,0.4516562692991345,0.453178716131156,0.4520932251313693,2.1204866603293993,-10.880690473124698,0.9,-6.265569774574144,-4.669908304385965,0.3280284990315335,4.4491580954682375,4.166557958242892,1.2011323559000529,-1.119589548150917,-4.658734061737972,-3.1937720878269533,6.717205396525742,0.328523698431938,3.3032187492028933,0.692325322960317,-1.4492447723098725,-1.0007412440132368,-0.694832592473585,0.4276622291310258,0.24858160153680786,0.22772139985463835,0.2236697771607204,0.2229024061576509,0.09614362169394756,-0.022854920682429697,1.0,-941.5846084305288,-63.865706382944616,-10.315973462604433,30.27735668447425,26.72642216520339,-4.074048649219563,-38.26965364087033,-36.07619321696288,-19.801135663960327,-10.10576120807706,34.927877518808586,22.109190436621127,9.921548548972195,-8.937613530963045,-18.82839538750328,-2.7721183820506314,9.40997016591946,6.74803944934531,5.784269628481607,5.390935840357156,5.238285217731606,0.19199149113842406,0.2411342118764951,0.0,1592.463940637662,-174.41504747557687,-135.84100130576013,-70.06331976362503,8.165536328223638,52.54775211966577,70.26674737906184,58.771035112132225,12.892313338461316,-26.26913105980067,-26.729232159521903,-9.407411866414527,40.29140799272719,68.65921125908218,58.44658445041941,17.376386080504005,8.902991548492182,16.332276417314652,18.019527802723005,18.69215749565464,18.95346304965364,1.7984654056575693,1.5539589808666197,0.0,146.59484332367012,-206.30272411914268,-123.53936285603076,-29.086218350947128,51.016811003788824,86.94731589951851,80.89985193629897,32.80308875866754,-1.0466668871740197,-2.441110851235961,-4.968556852874387,29.588613589417292,42.11512645267656,40.14721792855649,31.89795687262948,8.757374806172997,6.81205402038194,13.034943468018428,15.000424942058089,15.822033929431589,16.145827249585313,3
2022-06-08 16:24:52.225446500,0.1127116021902313,-0.04418592832115237,0.006242696531197283,-0.02712778871840866,-0.0870530064753646,-0.2457828567395829,1,0,0,0,0,78.03,-32.340211089789705,-11.90822923782635,-28.276506090072388,0.015112145649143368,0.1405500575858593,0.29902189435255394,0.3317444583545172,-0.012456739635294421,0.061996146542459364,0.04868499825664147,-0.11730927380523914,-0.04140269387809583,-1.2429139389383248,0.0916671594683586,0.0739347211693948,0.013951097346176977,0.03291912932893864,33.59538177083333,-4.947463679142638,30.878637774267702,-9.090675225894904,0.07160930800333877,-0.17046231730264827,0.08168406240257768,-0.00430807420199284,-0.037495673746575135,-0.022473646730118216,0.0001922914673226643,-0.013412804860645422,1.191909309684286,1.5533163232429634,0.5277140452023424,0.367844331094255,0.6059431392694816,0.7546760204415852,44.68981839111102,9.154423127344943,21.650922468487874,24.287227674273588,0.7077702229969628,0.167184838465733,0.2728419082300972,0.09591663423752922,0.035544176697880084,0.08956234457843518,0.06303271053552956,0.06480837759248828,1,0,0,0,0,1,0,0,0,0,0,0,0,0,1.9268154356689908,0.7118073215539663,0.9,8.174964564395296,-3.881851495402996,4.051758531855744,-0.9689828115992982,1.441124673059595,2.8343486173600465,-5.403188832834054,7.80218114169377,-10.874956921194112,13.753516171495868,1.0902572926993883,0.2009574991065346,1.2559406585345565,-2.3230662866854987,3.4894034792019584,-2.678259820826187,1.1795459595671955,0.6863812200238186,0.6659580470281907,0.6647893189686529,0.6655408230052633,1.8289974921027103,1.818061475535372,0.9,-9.087470775238794,5.127371611681287,-1.1561038421009873,-2.7106086383369323,3.9876711023440135,-4.4613967304516216,3.3228760835075115,-0.09833568941778004,-7.183276945824591,13.008022242353695,2.677596105184035,1.4283978262122243,-0.04266351012203895,2.6130401218221544,0.990950613189474,0.9641193222539096,0.7898211856915838,0.7014279242123176,0.6773324579987083,0.6658064367064093,0.6605922237282063,2.367872887591836,0.7552361783742064,0.9,0.1078902556750137,2.540144021070026,0.099485496823017,-2.089217149224778,3.6179613039794414,-3.1054698586838936,1.99211942684389,-0.3711028830508582,-1.865091353289768,5.1120111914540525,-4.797864724677817,3.258440488691675,-3.066919017146632,2.186142544945551,2.2174431795238987,-2.1861854464466868,0.6731096634762883,0.2516018910042245,0.19136798532798927,0.1682758796048443,0.1594526131728498,1.5212886415574756,0.567457650100478,0.9,3.49818918239442,-1.4461753363871446,0.6156797390626619,0.5826234633855453,0.2840314082491195,0.5801211464083946,0.03883446779326316,1.2340058751724394,0.6048002642987707,6.309969155076373,-3.145858869303,1.9404750913330835,-0.35256253293026,0.14913691082821734,1.1530182864893637,-1.3815535712107572,0.0457338573514201,-0.0005355569125520264,0.015462944639898613,0.0256446821609182,0.03049163889495915,2.274884140797369,-0.8316775400552638,1.0,0.7706543533544115,-2.848162296219306,2.5935225518539378,-1.6949878179461797,-3.4376724041451876,5.656804509613535,-5.584598366539584,1.2910386497902229,-0.975539167736574,-2.6714682514338177,5.965156609669689,-5.023995682491545,4.0312068337429015,-2.11206098627658,-0.16332096844071398,2.184194711430816,-0.11668565551153097,0.0793674352187348,0.08134683273695509,0.07737501840223897,0.07472593609596481,2.137115222219644,0.16255327676726133,0.1,-7.6419747921842625,4.95636807396709,-2.0821264163747792,-2.130651520844141,2.221767524409436,-3.750869911865401,2.897824473902197,-4.461787293611911,-0.6089462359756588,-2.1104949064724,1.1359683486646135,3.5998268568960734,-2.5449760224442337,2.03566481440974,-0.7605074859290882,-0.4695483742843644,0.2900460818897612,0.08747489934994407,0.061330365029936475,0.049490478871957615,0.04451230480969465,0.0971641606155026,-0.153761139339875,0.6,-1009.89631133196,-57.513025148764676,5.85524170107135,30.56959860798763,-4.99267766341751,-35.03272026701365,54.58776606438345,-27.42380777751904,-2.2213712781946,50.069682784986526,-1.5987350785526682,29.95598434285688,-17.29370382882939,17.640002383135048,6.694515117958432,-3.6959456689740016,8.7216288844652,7.027231913403544,6.7150076703551616,6.576267714020648,6.520450879312082,0.5166782688910331,0.4042709402717258,0.0,1028.6538486858308,-250.00221310202,185.2085243709756,-35.093712697678484,36.46090364746439,39.058064337117465,-16.575925234165627,84.930946052999,-22.667277905006628,51.528551311257345,44.35342703357145,-16.90945878889799,75.48129400712345,-20.478705908872683,55.20377226520264,27.68912685245114,25.954324715298235,27.393704679713892,27.52078789777369,27.581407039605136,27.60497494618173,1.4140185226750772,8.706633434352195,0.2,-310.03737300612244,-79.4414453702303,149.83657782872547,-112.08848183829157,95.13365311559092,17.026731882503437,-6.3950961270167115,60.565131000701896,-14.163173045206499,41.97809411112439,-0.9718384205591396,21.168373185175987,37.728996525783344,1.76176961628153,42.66419709800701,13.382243091619726,16.37002920987628,17.609933814422284,18.143189966768514,18.38035032074589,18.47447276227598,2
2022-06-08 16:24:54.975446500,-0.012312001737371521,-0.11413416284948592,0.3815362406061553,0.032966080475165416,-0.07407011478067133,0.26349113392306905,1,0,0,0,0,76.005,-22.179575640396628,7.065400905410948,-40.35209265223027,0.08588498481800533,0.04587378861831693,0.3741646752642176,0.18565448023885647,-0.15505441517774324,-0.0019526552881789906,0.038219772514157056,-0.09707490937468764,-0.044037853083670565,-1.2357506298599676,0.09176024286166166,0.06922976462070687,0.013658001511848894,0.033481768171631364,35.36859843750001,-5.596649437260288,29.680488318233053,-9.932535831799552,0.07243443506822961,-0.16125944895922042,0.0907077972857937,0.0039255775247433395,-0.0381367931776743,-0.02075556960862152,0.0014182811036130762,-0.0162313009683512,1.1499313807114226,1.555493157400912,0.5183390680999341,0.3645080961142125,0.6022124872887363,0.7469822180962814,44.857034132233885,9.733913162658407,22.299864510024147,24.49322974901865,0.7077366098360839,0.17181674635344252,0.2746661821777717,0.1042242135722064,0.03709547126084964,0.08893986812481783,0.061511247219433525,0.06580376348154933,1,0,0,0,0,1,0,0,0,0,0,0,0,0,2.2509183389618035,1.145302000542398,0.7,4.990027091816577,-1.9959943484136105,-4.984474267887166,1.8130992820571397,1.1801353202921303,-6.540737872668147,1.8501509729755277,5.762206770458728,-8.728286775766842,-6.456747415097524,-2.2542647791270203,-1.6391334858292053,-8.773939514376286,2.4750239661496733,-0.07684609799894004,-3.853136530799698,-0.3927275137029277,-0.8709667545299887,-0.9377319254129668,-0.962683808826876,-0.9722839203849708,2.0530299572290995,0.9008633705678504,0.7,-9.40664862827984,2.786089931709752,2.1868661902614184,-5.890117660492847,2.3210110845972585,1.7678112327785582,-5.440146993902052,2.823954333983365,-1.237609540352258,-11.11620100420923,-6.300301052191777,-1.3231011054166002,-3.3817713489061663,-3.751248067371108,-2.8184180605747224,0.031025371433530093,-0.2539494093001461,-0.6011337841975437,-0.6836013410468089,-0.7191445392643327,-0.7331500082998259,2.4396801669459225,7.199626450244808,0.8,-1.3288825661707262,3.7482103853299495,1.5226037021565229,-3.182132206202125,1.5107522782086578,-0.011897462634586714,-3.6010563042384827,2.838000210169053,4.350826162623837,-3.762511912336367,3.294118970981166,3.196389250129813,-6.510907437388612,-2.828446641831957,3.5850019798963624,-1.9320696217309,-0.4068312737275505,-0.3464774550948523,-0.3024055058648898,-0.2801750750269361,-0.27070464138192324,2.1972084374664798,-10.646428364680917,1.0,1.5867115888011634,-2.3468514318293665,-1.441053207380932,1.5732509593920083,1.3304204618227782,-0.6364738670460386,-0.9423225821430892,-2.1775350092226997,-4.214888602241733,-0.5805481834903692,3.754669105940169,3.0198699245521223,-0.8454993289307836,0.3707113958655197,1.4281773826829869,-1.2184543807157115,0.22982365489424075,0.21876495021279124,0.21176057601904968,0.20810791319776845,0.20618764026684114,2.2236351941100136,16.284084131052072,0.6,2.8304346833039737,1.4235956202281201,-3.111573926110108,2.7125481630755197,-2.134832846341145,-4.6877641047149625,6.315904658315163,1.3517585152932945,2.1752938662280714,1.1476644705287051,-1.5127660942212016,-6.768386301377331,1.995883018504489,1.8704885014489367,-4.7447481250151835,1.7539605578735826,-0.06258996654267551,-0.20729272098571996,-0.22075054917643036,-0.22358559392067492,-0.2238287665693819,2.1495859842129956,4.463318061023336,0.8,-5.6559720899883175,5.528335757101342,3.8847155759714194,-5.624203853916741,0.4772426042754749,2.8260243722526592,-2.8418846179712896,1.6776382315373688,7.464404746989821,-0.7592109283537052,-2.854395574078936,0.9828850847953048,-2.702091627297248,-2.518630833192655,1.0147434801655515,-0.2381106562039807,-0.4204638201993749,-0.3049624005357236,-0.28603875451108696,-0.27453647390792313,-0.2690984088520115,0.11560562777392112,0.0287085815018438,0.1,-1078.7751324063775,91.20798458941691,29.374556322860087,11.339804935837748,-28.701245804620687,46.63732415284055,-47.58178337274406,-7.8861731806328095,34.255821151863486,-39.05005747946143,-15.021697934561546,26.429983398589197,-18.8403799796728,-13.859045015020087,21.55984770483705,-9.305371356317508,-0.9729414462030306,-0.7236213501553088,-0.7170687822885498,-0.7110346760973165,-0.7083342746593946,1.1459208066645514,0.3483322804811687,0.0,476.64736999025854,317.9236008472965,-74.46858959512949,112.83394101427288,57.03484881173247,-44.528897125511214,14.326168861330176,53.22637906690383,-29.186636812282416,38.534561959541314,65.3080380313346,-31.713893099458648,12.794764242945938,57.475373153417046,-27.15382916853744,12.75232771325118,24.295615616703223,19.19953060267205,18.638109009870764,18.43559774098506,18.36263612423613,0.6524403794453206,-2.2766140950534646,0.1,-788.8260532676437,240.37417115637768,-124.56752212917252,-43.17052602087981,127.73184711370556,-18.362044669359893,28.21007063213574,81.70416425986781,-1.4491454819362914,-6.787481220606363,53.039455847769744,14.155139893529167,15.50527189083128,49.565942837422,17.663610298451378,15.03028278735644,24.10888237256922,23.287083458058767,23.42977877686611,23.522577722519074,23.565254792499505,3
2022-06-08 16:24:57.725446500,-0.1645925125848512,0.054444343840051666,-0.19498914142846252,-0.04415667414888224,-0.17463025927335885,-0.336594800558924,1,0,0,0,0,78.03,-34.08597265159762,-5.157647226293856,-29.133247903241624,0.14686778085457658,0.10803481595554776,0.2844515835604494,0.3280120501236681,-0.06369075746860202,0.07363077611766952,0.036849018827448926,-0.11760466525873835,-0.01426306493305946,-1.2175611824808146,0.06862056237676491,0.07557689865866779,0.017540675729141343,0.0506645288911614,37.18027239583333,-6.225983635222063,28.65868565210577,-10.853219124338727,7.848787539572037,-0.15151764786474622,0.09922477303650704,0.010782847624254964,-0.04094028385083955,-0.020720973523059984,0.005025563620134119,-0.01822532643557746,1.0933845166129816,1.5616939537509629,0.4859152927287743,0.35724008271600577,0.5982472601661791,0.7206468838809416,44.989637994537226,10.299648473684574,22.57887819138237,24.64274884699895,170.34658567365557,0.1787403142188925,0.2755064444674544,0.10947412728935604,0.04136087746523452,0.08784222000424972,0.056620091462003634,0.06698805320658044,1,0,0,0,0,1,0,0,0,0,0,0,0,0,2.4156642108465745,-0.09839085860166057,0.0,6.7515141297280135,6.507386772710905,5.576263977654745,5.363349783341233,5.738440850582808,6.333251278266772,3.647282544698596,3.978101794905764,2.1635514797543047,-5.229202983920892,-0.7721182049469645,-0.4791431210831301,-2.3194875434980284,-3.2037734580164,-2.5501653057866545,-1.879909377396042,-0.21540580698239373,0.09493686691258713,0.14956925493775428,0.18601062606828705,0.20375037942826132,2.3185420050473224,1.7130487061684778,0.7,-7.648425691298847,-4.9820143114829785,-3.4554074528335716,-0.6536399008354088,0.8210548872882821,1.8254775446168123,4.985031244168022,5.3903533884511114,5.3111921869901435,4.784809972269155,5.064846211183129,1.508163387535403,0.045270582550480665,1.3697241685723416,-2.6891667003887663,1.525164403783813,1.2241583333942587,1.021550229296836,0.9444980057216146,0.9127630972680154,0.9002372571268584,2.4452755103433783,0.7558981642691429,0.8,-3.02110855678937,-3.0348996303832427,-1.8170888668631675,1.131405638698624,-0.18992749375159104,3.7466182051564543,3.8137937420570087,3.6217616384381563,6.156455965655588,2.3959733340161447,5.185858609850965,5.1491538997841175,0.3453878577458246,2.162855514107616,-2.471671033916442,-2.0532785709853347,-1.8414591155558933,-1.021358873330146,-0.7943636934253009,-0.6912207725385426,-0.6481274395447078,2.2963381898917103,-2.903251170149047,0.1,2.2995393855968063,3.2214704775321734,1.4577863511774316,-0.21547751863983727,2.105432250234677,-0.2495019296825688,1.6939027714601889,-0.6130048792240181,0.8675534862362737,-0.9453559583878588,-0.6854510158213757,0.9707235118323992,-0.8592305144403865,-0.14280886856396094,-1.1401028528292874,-2.077613668347625,-0.7339822655460804,-0.5783103219023007,-0.4983532503998164,-0.4574244332216049,-0.4394769658217704,2.3983000545622213,1.0650115242934053,0.3,0.8408289133019813,0.16745833052802822,3.8368155251426574,4.617718159144247,0.27842544144176623,0.1536201793700263,-4.654888544299796,-3.6019848367719685,-3.1842021855861318,-3.240217692354627,-3.102071382690913,-4.264595682844627,-1.9148223514551987,-1.8610648327917936,0.7397146145994067,3.2801671840699997,1.3391246522218785,0.7379938408758949,0.5285410460697537,0.4281291688930925,0.3854655449765442,1.9546320612854828,15.838386869591494,1.0,-6.984086205392582,-7.770405860672428,-4.519279590609968,-0.7561204351595943,-1.4217649917284743,0.8634887477843242,0.8400578500661587,2.6926623980520343,3.5559283115796148,1.160304824361447,4.712096487252589,2.6794319486563385,2.286079510640407,1.5366725015589662,0.519223056734659,0.7377182390638666,0.0014016714810365096,0.2476095823141343,0.2943714768891778,0.3110627788684558,0.3170460413097872,0.08590567208172473,-0.2788546006617492,0.8,-1176.004521375888,28.035235574086908,-39.04746512456808,4.942684745209206,-41.824576623507006,-24.636862675890942,21.9450826811166,35.83238609546578,65.50723051474978,33.849706444932565,31.0451260033377,38.669443474851924,23.017330878727893,17.274481436900068,3.2771942142314927,-3.2641132895341087,3.1484670237446513,5.736367746485939,6.513516242918215,6.869120193636,7.016031172622648,1.3027551296464863,0.4534783909010754,0.1,1.815284339647583,286.454566143732,76.34263095361541,148.21623771826862,59.19916763186025,52.86782397982903,59.113170380732505,15.373573947077437,22.51731710635616,-24.530006269620905,-19.267346455975822,-19.964433821491856,-28.218554308066263,-10.860275831076775,-4.691955787474477,22.60846067101703,31.197054442268048,25.64799957630654,24.102899173599443,23.47125079890107,23.22326296975461,0.2709788830826295,-1.0764062340788787,0.2,-1266.5206135742453,66.05988305407715,156.16728220652197,88.06814043142599,140.99137354715953,99.4134236379614,59.65857769264741,56.83161234052746,5.735538684771968,39.12220660338751,12.289096214363736,-3.3950856262669724,-0.662582502758454,-4.884443494161495,6.76125608196913,11.897269252612293,19.048672669113635,17.917903503134802,17.716867662363146,17.679920299234535,17.67576729567356,2
2022-06-08 16:25:00.475446500,-0.3972176875717357,-0.15258244345991726,0.25686390347483745,0.18019029028566985,0.12809349333919384,0.09182420833711913,1,0,0,0,0,78.5025,-29.93789557081253,-0.4322664157046561,-35.80222889061137,0.05202282669842983,0.08923281178302561,0.33718454614737525,0.2813541462274365,-0.12184572507139413,0.018455919670025103,0.03238540918636166,-0.08685202072892674,0.03163671715957074,-1.185424733903084,0.03915397099330588,0.08090461441138902,0.030468771115738605,0.08428434526073987,38.96804114583332,-6.823742132020089,27.538691948924388,-11.836152019104993,7.850401466683443,-0.1425095019749694,0.10934620656186887,0.01836251765878811,-0.04294071416967368,-0.021762898093191603,0.010064026088771591,-0.0201374821193802,1.044417803378136,1.5712791711982383,0.4446102481083603,0.3545276655001913,0.5942026207010709,0.6837979733380198,45.02683458735895,10.950177100178156,22.92274272592281,24.662649815106512,170.34651177025685,0.18133449933920925,0.2753476928700356,0.1173299689794364,0.04170205438244436,0.08688170472040889,0.04963433338291896,0.06825735478891501,1,0,0,0,0,1,0,0,0,0,0,0,0,0,1.4880820043244125,1.3440256756598274,0.9,-0.4449005423178799,-0.5772178643953803,0.5533118779601764,-0.2345818311060885,-0.5684096396807119,-0.8359444002123292,1.2303003494425984,0.1996826764835131,-1.0800951403894057,4.262948074498786,-0.3864705399114815,-1.6984260454483362,2.6029354260257147,0.07222531501797709,-0.7310521151636037,0.07137299174055557,-0.11139216519408532,0.032641863305998886,0.037583900016412056,0.03377931152205019,0.03134685600774525,2.095398108684811,0.12295304819891058,0.5,-1.3303433596976182,0.12341769680181848,0.6524736203196274,-0.10014606075010946,-0.6282359902848533,2.2413483120645563,0.4258677682845632,-0.6015162857486166,-0.14056266119358854,-1.4737759724686383,-1.0830198997343006,-0.4940958790303232,-0.36951112473630293,-0.9388856748076696,0.10232726807879687,0.7652090329642572,0.4319987781985839,0.2975369672042729,0.2405501765883269,0.2138256560140716,0.20275587346653065,1.6927368496920034,1.5705312018412565,1.1,0.6924703426369948,-0.20819783821623827,-0.12019793887350178,0.1827732079096535,-1.6794313783052208,0.08880120135479286,-0.2766243540237383,-0.5192594400487112,0.8376483418026093,2.6827122230764373,-3.84702346798396,4.226323691277521,0.6501612847212479,-3.2006295926201163,-0.29328036324939444,0.08405835295144504,-0.7173985445609943,-0.2074807162692005,-0.14432728531220873,-0.1251474269215237,-0.1188603635915171,2.2220041112608846,0.4599246854483491,0.8,-0.7552992674149641,0.17962513695591598,0.2810392539853901,-0.7268762374126639,1.5856296291838907,0.8421440832830559,-0.8345544895176317,-0.09007592869310826,1.8741154450380773,1.1063446487481976,-0.8454997003007136,0.6965770844457947,-0.15630007392517808,-0.3565124645352471,0.6465729147765455,-0.8542668361444113,-0.22340223501249049,-0.08855009703007373,-0.05289201377283027,-0.039078214114442816,-0.03380996134709506,2.2948461184232154,1.2334575740412503,0.3,0.4581211247493181,0.566406449489669,-1.4811080876384373,2.23000877515632,0.046980734937635334,-0.6336001955397882,0.7053030339874993,0.09100378173888217,-1.4947021341596505,0.6289448593384867,-1.4857136428614441,-0.3912912790531109,1.3556744873235655,0.8814035416262394,-0.6305557402205189,1.6454995201060882,0.4941699611349547,0.2616204737073709,0.19324773167936574,0.1666082050037755,0.15648859599311496,0.9744832705561162,0.6616610643699903,0.9,0.7670514362957449,-0.4265441056852019,-0.29120366897305744,0.8470162918728167,-0.1753278297531393,0.356171316005911,0.4823335848111645,-0.12525266472137486,-0.26876895608843443,4.009280253353473,-0.8136163656909141,-0.5626626084624867,0.4263983620000201,-0.13122522357384647,-0.5052997957843378,0.730513645980013,-0.15113626064680108,-0.05945119976426672,-0.03246264236271065,-0.023101124545046647,-0.01971354338672801,0.04039803005156538,0.012616966879864723,0.2,-1222.7534516478645,-63.90196102975301,46.22754847000893,-16.272195950401326,-19.77981965148317,19.92159468496672,-4.081066112328983,-9.854703971575276,15.959553129963922,14.074809195293195,0.2325446890289129,0.5265926527132017,-5.063701911934594,-1.2033233702548856,-1.2702160601190968,-4.426111891861822,-3.0213374750906934,-1.897451097367796,-1.6095931194240087,-1.5102005962433545,-1.4749523445253274,1.2024719238482529,0.24298035644554475,0.2,-184.9470604087766,-100.6331272646392,110.08224828122549,-25.782629727796234,-38.61425405041357,15.22338310122944,-7.43401328621802,-19.530832240428875,4.936569296842183,0.4041967746669366,-19.3549201182037,4.826804744052753,-3.622899090144799,-9.993065754936293,1.956686172593601,-3.843543399013349,-0.3422504143227405,-1.4724194386336906,-2.260730019622615,-2.6123789028070536,-2.754026358999501,0.0452885747865649,-0.02749258962771825,0.1,-1356.9243187097215,63.16889752409648,-61.34581533470197,14.473989067264654,34.14969913276533,-19.11264383898505,3.930538497570311,17.223992282703115,-22.390887994625928,-18.71783156268122,6.81223450523283,1.2298283100744032,1.4238737703654607,4.1564724292206,-0.3631581324533286,2.2363912637930237,5.0134662988316805,4.11699630522368,3.763594802459071,3.6081714047044886,3.5458798762549435,3
2022-06-08 16:25:03.225446500,0.6940191632051513,-0.2842121369870208,0.17895498534251664,-0.08255764895775962,-0.18184046579427052,-0.19230578741620127,1,0,0,0,0,88.02,-11.520121022207244,10.071905270025686,-44.38021991275414,0.00119560414129281,0.023290662758412784,0.4300357519418244,0.0672282631995575,-0.13806023200414935,0.03125145678454525,0.03960809453573738,-0.10062300653310784,0.050875640826729684,-1.1439236569337166,0.024135706455006442,0.08256002630839883,0.0414648946492965,0.1112844679674995,40.84517656249998,-7.222613929212266,26.55150502937155,-12.957018195503409,7.851630247829981,-0.13422979049561626,0.1207644666803632,0.023786040374690662,-0.04562276704709689,-0.022715662765173932,0.013139208922339355,-0.02224217291857977,1.0380386524458722,1.5770629498009754,0.43516445127026265,0.3555109865453848,0.5937284092321274,0.6579489333966071,45.07693462495579,11.272807261612305,23.073096609140197,24.775767513116985,170.34645546118787,0.1826942601679752,0.2759069005538725,0.1209026008451625,0.04298714926573419,0.08620292725673863,0.04735131247434941,0.06929240552549172,1,0,0,0,0,1,0,0,0,0,0,0,0,0,1.7020645623406658,0.6134766794866862,1.0,-0.11152231871842316,0.5150650145722266,-0.6393725231970315,0.7206883877507262,0.28956862779225995,1.6722080237815624,0.6666551111094411,1.2884766871354305,0.10202174845744756,-0.06389987786515128,1.7517467001054146,-3.2827086548225917,1.5153423446931995,0.25861558772663795,-0.22116174512525574,0.4656392255848463,-0.0900400954487377,-0.04408879433812868,0.0004092206671766907,0.01780688760831617,0.024624636158287836,2.2525267461350684,2.8413757531100963,0.9,-1.4783447240987608,-0.29104657202703604,-0.5893711346203598,-0.1941530380164584,-1.153291456359204,-1.473774474777491,-0.8563293503869035,-0.6255882087083481,-0.2462155455607655,2.330189171922813,0.07348635607280908,1.286301714371052,2.1117234526632127,0.8394246884231137,2.1228291957123164,0.3646402352493322,0.3660403759576975,0.3584176693550962,0.3586830990155956,0.3552508221305668,0.3530757361909168,1.546543275094297,2.660648670707144,1.1,0.5404479682904737,-0.2790497257928478,0.5638889469861279,0.3106678609129898,0.227820131163106,-0.915852989378394,-0.7368592647853179,-1.0121463713058665,-1.174464373860973,-3.4854204564583857,0.5136501035734318,4.3030770190917975,-0.3772487919085624,2.2263678070272523,-0.2800438195880774,-0.2662198960491342,0.3063884802020645,0.2317547766884785,0.22655491974923955,0.2235135757871099,0.2222188185142004,2.2920303572301832,2.6857089165292143,0.4,-1.9769342702833976,-1.854558241503752,-1.3224796654881337,0.32822643822641034,1.952506534294642,0.7904760185380786,0.17756946677181498,-0.17891338543192162,0.4107657479662516,-1.2605677002674052,1.7748041982968794,0.8522419117981027,1.0601974214453302,0.8400918189154756,0.7827463094877984,-0.44752513517161535,-0.08799443657513595,0.09751687706079193,0.12817452496862852,0.13914223141941884,0.14309461702236798,2.315417370410275,1.5532610297295395,0.1,2.2864026126673416,2.445491215003968,2.2813104296516027,-1.1299569690125095,-1.1144311513451428,-3.1199427200687118,-1.0884358292773322,-0.20788024549739828,-1.5607357383553542,-0.8726316168530948,0.24699571873743786,-0.9919803423217368,-1.0117233233867229,-1.4598558045794952,-0.6516650745448749,1.350125551317316,0.3178370234859317,0.19878515756648646,0.14909158948727522,0.12581969259484538,0.1161962627118194,1.61900340806881,0.8743770777818997,0.1,1.2994243136492485,1.6645706215948093,0.9940078186054128,-1.0693196777727605,-0.2987191661102451,-1.700449360259971,-0.8215566757010133,-0.8833629882555103,-0.7955327240077987,-4.087850141062071,0.22149392925114772,-0.04064357292040149,0.43687887775309203,0.10672593773385343,-0.021346302144762408,0.8220807233329948,0.16593854933450264,0.15110364664193926,0.14003430379004084,0.13392274254242298,0.1311033959974789,0.08109722160891511,0.17893282923680254,0.1,-1122.299704604375,105.6757434764878,6.7958035161536685,-12.483034583588676,-19.268725784160534,-25.91339020579005,-24.976145089511828,-30.78307159413752,-9.527290853822967,-18.9842621259448,6.0478358184313725,-4.923989653913473,-5.350124222306778,-11.150813412818382,-7.946470986749978,-13.030731116397355,-11.83656318174834,-10.958079661130716,-10.654623479075367,-10.517764606231074,-10.461686319875836,2.1898096858564595,0.7792348553363179,0.1,-34.75856791225813,36.328188372220026,-68.13708241180117,-14.536253398690373,-42.08951472590202,-38.330678037766795,-36.425116839009405,-27.63620007289461,-15.165542411146458,-5.775286725071157,-2.3308743173568063,1.98025246739118,-5.019394553966944,-7.2273089202934315,-10.637028126720876,-15.557902899577973,-12.213013552604805,-11.591933031832655,-11.570952122815864,-11.583801773265554,-11.592136915203742,0.04037428763883745,-0.14388033450071722,0.2,-1463.0890266401068,-66.03634565522036,34.91395621289587,27.99362058838557,34.22521316538166,30.17831795279477,22.821945340230585,25.629356062016374,2.7164048699769485,17.133807363533833,-8.561496511886695,2.66108485091641,1.5292659552119758,5.6251814808545495,3.6111699537250668,8.484316678870453,8.852067502819377,8.492571323848942,8.3367874044337,8.267546777690683,8.240330691395304,3
2022-06-08 16:25:05.975446500,-0.3734983916121827,0.027340630100988868,-0.20774020347599026,0.02893183200879227,0.1494277562757961,0.033816103614097,1,0,0,0,0,89.978,-14.870252375717115,5.485656534437269,-42.02945267396128,0.12492983407567335,0.04995602704168526,0.4130162097493391,0.12458433396730073,-0.1227011075011016,0.008854050523323952,0.016810526713187824,-0.08581782268691132,0.03617532574769103,-1.0913352272458652,0.024817747897711708,0.08345157987503875,0.04578203491673248,0.12951381174567225,42.843075520833324,-7.469116895296858,25.69854090069861,-14.11559830446739,7.85291622181539,-0.12677804213474084,0.13253109628263654,0.027632850089264176,-0.04864546277162405,-0.023720826449409853,0.013869940577821505,-0.02441932561423952,1.0351656540117258,1.5769670779434477,0.4361716773978558,0.35537391262558393,0.593171625650041,0.6427364640826502,45.15776811060915,11.365431701275446,23.05114802341597,24.86976921716236,170.34639642207532,0.1828335371503342,0.27624417056886746,0.12163619976985755,0.04461565960725595,0.08547615542624852,0.04717042225564184,0.0699129545531478,1,0,0,0,0,1,0,0,0,0,0,0,0,0,1.3031197827397931,0.9619658111037191,0.7,-1.0136467391224633,-0.17492072591228247,0.4667392095326465,-0.24269121129668694,0.2557978948864517,0.0069203627411189295,-0.548797427543237,1.5266827919107495,-0.5622763942323825,-5.0960677042975,-0.3660650445017767,-3.5213095407853774,-1.3852109547763063,-0.1494238294466037,0.8542205843511392,0.4982882655865246,-0.2956903241544278,-0.15740468275039246,-0.15670788841983013,-0.15886342906304396,-0.16027477635078166,2.145372891943655,-12.502057703755815,1.2,-0.6796103375288274,0.15231260134206687,-0.06475993972324565,0.3517870658087227,0.2895505161148413,0.4614364986174815,0.3201418307921036,-0.6873693616243189,0.9408006620471826,-2.120680594853521,-1.2055753747164466,0.4345353928457839,1.5695347371654662,1.3566228435055263,0.6621883290273226,-0.7239433401426574,-0.4187180962167013,-0.21741122212854114,-0.16043593222335414,-0.13353247690856002,-0.12233168427104553,1.7821199703674662,0.939017556283776,0.9,-0.0475997469590142,0.5605734192493039,-0.010310169667579222,-0.011768135305652877,0.5074297927103597,-1.058029184617526,0.08263079644217296,-1.216922163913261,-1.3357166474758513,4.555259472016559,3.4546960599248737,2.7891017006146193,-1.6900161260941533,-1.4261195691075583,-0.11867064686543782,-1.1580131092381531,0.6981076415511145,0.2045077295249516,0.13271026437146166,0.11140051488444767,0.10448520047171353,2.1290716294803587,0.4344518852741899,0.9,-0.6506296362777741,1.3069639420677532,0.7039016392157061,-1.37428187677847,1.1604018759989627,-1.0395641811696943,1.102655455951198,0.14264512696905066,-0.3881951384864071,2.1882428635181235,-0.7300952634024253,0.036160332581782216,0.6573993329391313,-0.2631182262136078,-0.1797147266103689,-0.5460093086465108,-0.04053788804167524,0.0033150039578792034,0.010727145691530745,0.013480016824414244,0.01459884369121816,2.166083643609018,0.010152209487875524,0.5,1.4812244393179974,-1.602278922166325,0.15271951692701785,0.5124941222607025,-1.4767000828140882,2.307694120777461,-0.10658107172291308,0.1061426600339879,0.1243720775442872,0.4389704179764589,0.8366042420211897,-1.1415022274549786,-1.412945067522137,1.2923477745587286,-0.66390058351169,0.6065786986529731,-0.08259296261910813,-0.06854639088785143,-0.06779218161484818,-0.06617785130046584,-0.06518574956104957,1.1218946906032918,0.9526086158680026,0.9,-0.30980453955962584,-0.8723220594416495,-0.2456595532959222,0.6952590220456285,0.4946581160530562,0.5168075625242164,-0.12693948437771815,-0.2589023864517989,1.2429389726123208,3.7697826323744237,-0.4777579816885613,-0.8795664163660555,-0.5320871054958678,0.11493985106498995,0.14874125898674026,0.34220098614232397,0.06529127170993683,0.002580780661086634,-0.010434571138969562,-0.014440061464766618,-0.015722869987348582,0.059612399686467976,0.117467277134215,0.3,-1023.6804271500212,40.08426649734852,-38.435607375017675,52.4413343324261,2.296775093599635,-30.83382538937674,5.780926792962376,-19.445231045625547,-1.6386988893340158,12.858185520441106,-13.88470853214222,-3.1100823173492262,-7.934114670012112,-5.699762881024682,-4.2112490959110325,-10.292315708063065,-8.462746662352847,-7.804145865627812,-7.573393121686102,-7.470379752261425,-7.4282509639334195,1.3254701606241217,-0.19863005748249715,0.0,74.79699552615716,41.18548036278413,-13.545761036441965,35.24047435674154,-13.180947040843586,-12.106302041031102,9.98095452536626,-17.16752402886931,1.3442636953800433,-1.1778585211959156,4.416426636716578,6.498231788619902,-2.5078617203353444,-0.6032987191419283,-2.1980308322520425,-5.0415115087438265,-1.1839091140113402,-1.3358263163370312,-1.3115068318436929,-1.2915208316931697,-1.2818111390575224,0.008317667227261736,-0.03749568709058596,0.5,-1511.840969466085,-0.2285407814765961,0.8079429004981193,-36.17528059718575,-2.200137835364117,15.088695366567832,0.6903788849087107,12.287953865547793,-1.1801644447440012,-10.54307057093461,10.352794617943763,0.5400925232254821,3.2609205821545686,1.6413854579816058,1.9469667183836488,5.532538164427521,4.172490711677668,3.809084998251791,3.6184660793664953,3.532044567974268,3.496711236459884,3
2022-06-08 16:25:08.725446500,0.19691105040790727,-0.201006633408884,0.08624014236546389,-0.21400514832356515,0.026554478370200925,0.022888555219247767,1,0,0,0,0,99.023,-10.315413361816402,5.756091912127402,-43.76446254649704,0.04362899091895224,0.04679861783739379,0.440385563253916,0.07577828756692177,-0.10709202345076996,0.019178715659155843,0.02620827269241156,-0.09727372208310928,-0.008290230646505628,-1.0301724576435418,0.043041221210971085,0.08126177211023973,0.04729180078561535,0.14224739861390112,45.01042968749998,-7.698758812277861,24.764213257352857,-15.258684991791625,7.854503220057804,-0.11889070481601535,0.14443803828828625,0.031735183454104116,-0.05104259833123921,-0.024556874265937324,0.012755920198777308,-0.02686059268617696,0.9928879860338508,1.5654656306546109,0.4169234174088909,0.3559452223480451,0.593155836468377,0.6348930096907679,45.32196935274921,11.349957986749475,23.056987409322826,24.997582359769225,170.34632360980984,0.1830186061783929,0.27733454796717066,0.12099111835241265,0.0450365292330576,0.08498273933157105,0.04623732590582879,0.07032912189102905,1,0,0,0,0,1,0,0,0,0,0,0,0,0,0.5900348299037784,1.200760038091406,0.9,-1.0548621288811948,-0.027993784071040032,-0.22800336251051884,-0.5119143446979431,0.7934680487479893,-1.3916404424566156,0.1059788663942236,0.4120791690211396,-1.9234702631509064,8.247063087116619,0.4943064112628499,0.4666008557230089,0.7209729302603258,0.21554145056582766,-0.5897405265928146,-0.016722254961056948,-0.17150805577322592,-0.029272036361898013,-0.011343161153818726,-0.006794567580618416,-0.00558292930632856,2.025799701635285,1.1712599791719245,0.9,-0.3751167693740165,-0.0051677422000033215,0.4378506860806258,-0.6621934880540185,0.031255900162805265,-0.06644036762396792,0.1817056334251896,-0.437951642809104,1.1148749651869811,1.1898571660778934,1.0745452536854083,0.13913900907934107,0.19876208715281304,-0.5006002111180472,1.0163538016744742,-0.2329128519717637,-0.0444114332652098,0.02759880829256289,0.047757119362942,0.05522304157136052,0.057870413938719126,2.4000145838294435,2.1895637810490154,0.5,-0.8445250666037463,0.5450327653524282,0.42471977960422347,-0.09008303408635236,-0.07622092726582896,1.3349644264477571,0.4183141123488111,-0.342826761413135,1.0593333733726469,-1.8337702238485518,-1.4930378582945745,0.9128196302214098,-1.319034053410551,0.4149902274486271,1.2771613245717326,-0.6291882685385973,0.3905271849911519,-0.21732714050319887,-0.3473746775541504,-0.3917017854486814,-0.4072112180317114,2.06039534473842,0.10059093670207077,0.5,-1.5761300510692675,-0.2249064881982109,-0.8842064597184671,-1.3653060730434885,0.4320774194609799,0.8212512784430054,-1.5449160375235047,0.4900699473330215,-0.5712691544119535,-1.6475465866791292,-0.07804447144555031,0.14051185357985185,-0.005812858370087798,0.5641986122781687,0.031078593429948762,-0.050637725735312736,0.4937523757608247,0.1854535607606662,0.07727774910886866,0.02701979154115495,0.0060704313090282494,2.2442975899731885,1.9995324730538864,0.0,2.109033716503176,-0.4404678778473808,-1.069837767438149,1.9691134653409657,-1.8149215606623152,0.5699249365127802,1.2259856874338055,-0.8413310948040718,-0.4078806234611669,-1.0846994804625671,-0.4797892545671064,-0.4287300947386921,0.3130966508084243,-1.6962943311198695,0.5185968596689718,0.10423716738176507,-0.2709861915384913,-0.2530136066442229,-0.2410113564501928,-0.2345589268076997,-0.23172129580522,1.1881789457386207,2.422873991282584,1.0,0.14119920332886782,0.12126006866235475,-0.2591953589703097,0.34720935710957873,-0.3750144022686957,0.30256660805732105,0.5121944055907455,-0.7392487689801195,0.6210037527225439,-2.9259928315769024,1.3772814203330213,0.09348481654939876,0.3118099677868431,-0.10293161524676836,0.2763059175482607,0.30522884673226897,0.1828345129254081,0.06970527198308846,0.04821934333603156,0.03949181371513438,0.03607109755153114,0.09737613447654887,0.2052799025424256,0.2,-827.1940268911401,-66.72198774079041,34.898690850169714,-11.046167113205575,-25.27844222898656,12.084852421619118,-24.26659029265945,-16.577657966803187,-8.211048966079854,-29.099193026764453,-10.572685114523571,-2.2512988045912583,-12.81467313958634,-7.325454250249693,-6.659445832027682,-11.883247554184544,-9.651736233096235,-9.54931380390311,-9.612635239928595,-9.664564011621646,-9.69119004977895,1.0713486791169828,4.3981103939225585,0.0,151.06139621779698,-87.44889957627139,39.377952016155305,-19.221768154909157,-31.764408741094908,10.549687494610376,-9.106456275389027,-15.751063616060845,4.562753878614855,-3.2788967148512125,-11.562587150343996,-0.2125002937428384,-10.148832130028307,-7.329385100254741,-2.1277913381832576,-6.714264692737968,-5.003840834241277,-6.291714593420164,-6.528358133484036,-6.59934831301803,-6.621181292733492,0.01055699906934754,-0.09085273318261944,0.1,-1619.5221895626519,40.66076101118381,-3.1445715078511967,6.178041247152437,14.977539264136652,-0.8632221884782894,13.046494873701818,14.164290547554073,9.526042726217037,14.049862902336912,7.517383658666134,-0.005938140013668658,7.089071949877209,3.9719036374303593,3.2304980467570843,7.477118014375242,5.607023429234303,5.121237450586044,5.056257463056763,5.050485662744912,5.0534646395749565,3
2022-06-08 16:25:11.475446500,0.13855157257223705,0.01706096702983309,-0.12449417187876635,0.05650497560402557,0.13926404107925008,0.06583291151919572,1,0,0,0,0,95.9855,-3.878544984327335,2.434554939641409,-45.611028646606464,0.09441493126814422,0.058915164547102425,0.4792689785314292,0.030329559875329006,-0.07581845244811401,-0.015394620593365473,0.025168709635099096,-0.08403115332324014,-0.04538428156659238,-0.985854610789918,0.05982386852820736,0.07805833235255108,0.04480333565363195,0.14810942914407127,47.238638020833314,-7.841690319307702,23.94536330740193,-16.308606009390175,7.856217794823156,-0.1119129111308248,0.15550507964342689,0.034691193581355986,-0.05304917993094462,-0.024877096258766027,0.0115486420088294,-0.02906124613105488,0.9119003569263784,1.5516417325058764,0.3989493542526568,0.37661443932395006,0.594389899027026,0.6332258421700402,45.458312542233465,11.259713161719803,22.983082903667025,25.17205842625857,170.3462449288796,0.18239294300040684,0.2791869636804862,0.1187525227332812,0.04594580767107313,0.08547291767216347,0.04313359552007834,0.07091095671154382,1,0,0,0,0,1,0,0,0,0,0,0,0,0,0.9956191034340108,1.084901550051219,0.7,-1.1058480396108412,-0.07913447467970078,-0.511389022778738,-0.5489419292026861,0.3881346173403341,0.5714228745698774,1.030583960730607,2.0281207474595178,0.8488286665197585,-9.971214506558557,-3.7041821831623487,1.5495688040017748,1.3135373971463422,0.4352426817280008,-0.8754622407597329,-1.3105165165768642,-0.5197342846340599,-0.5134137982140932,-0.4594036796985488,-0.430470513369873,-0.4179285262019339,2.200070393566376,-0.061498524808686575,0.8,-2.1337152218875253,-1.0219543845983707,0.4898141959995652,1.093909721547634,0.23628327814143965,-1.4445285464946251,-1.4102712171901581,0.7859125725841459,1.8547952221912092,0.4712310084437225,-0.5554009077785999,-0.7116395135807998,-0.5766628508575774,1.0989924081550346,-0.0631856933286423,-0.1895130738782356,-0.04865535949277147,-0.04119012509287786,-0.01711249494625,-0.007176403978383525,-0.0033349073859774217,2.1010418013628347,-0.6442994416902226,1.1,-0.99792525286737,0.08128177495652564,-0.5616320360055327,-1.2053178125942356,-1.6352552519081192,1.6065316461163726,3.0377044056003597,1.061624662075375,-1.3872981364357162,-3.118300470359668,2.79379662158287,4.9656621152111935,0.4654199634533058,-4.900642669100477,-2.5558230227458525,1.2508686109757576,0.32196852299597817,0.10866852168804722,0.08950062190905687,0.08488904480117182,0.0837732126501645,2.1861810711514957,1.179055271496403,0.7,-0.7235938397894613,-0.014455570314377662,0.9696048237302272,-1.2762327116460168,-3.3580204694120437,-1.5412823918432004,3.456898682188263,4.60505864944628,0.5664142375097592,-1.9836582900013708,0.00837568632258515,3.560340196773746,2.262922113281621,-2.116909838329055,-2.8510685082375407,-0.6625317938840272,0.4221474803256559,0.16523994380925158,0.12087623416026493,0.10654115986067553,0.1016379089195456,2.1522717146569117,0.5073963218937664,0.0,2.248381878059902,0.8161308730753398,0.8478925277108218,0.8550419957552331,-0.09401966393467626,-0.4323652206745167,0.3103049229715459,-0.6487037052286371,-1.6688203968824118,-0.15859576318346155,-0.9845357189862068,0.6697173557177966,1.4794038082084808,1.6655918621721015,0.8608551289482091,-0.014463764942297425,-0.15004775016478256,-0.09539356555372124,-0.058886033708713925,-0.04235380493301747,-0.035617167668183417,2.1584281665159124,-1.1367208484502584,0.9,0.4963527116092468,0.4557594402881762,0.05493039990726967,-0.6735847024323554,-0.3105193209384304,0.7931875231997949,1.0412729010010426,0.4398798613417373,0.04978929212104336,1.060761475395682,-1.3479621794603385,0.2229851088446901,-0.1327793774066166,-0.6043826213842245,-0.5994358692080146,0.16722413914933892,0.00022682894786529848,-0.042503942161038484,-0.057269572347897764,-0.06300905047292701,-0.06510674141890943,0.318854071770883,0.33416222162597553,0.1,-537.4000726586979,23.33631405501095,-43.424690215068,-78.56494836198499,-66.67121655972416,-29.137225824463354,-2.942729170687961,14.291408853421155,10.011069429819948,0.6248753541349963,-25.56041532271884,-14.533623961768706,-7.849883278208352,-11.332730478562205,-15.640743846003515,-17.591441127298342,-13.67810376658669,-13.679565682933957,-13.61884851368342,-13.574427380931153,-13.553595385085385,0.8825235689010601,-1.3350914325859349,0.0,279.0058628689038,-5.8107737224108575,-102.12443180974606,-87.06734568082753,-43.735796410042035,26.418510567407345,30.41712829852829,2.9950112584757558,-13.310279768304481,-12.791066671959202,17.250188032543598,19.530310522487,-8.719235005477163,-19.44878002677145,-11.537592717568069,0.8360058492584049,-1.0358235209981057,-2.031916682506684,-2.186052043581604,-2.242779125455556,-2.2640457689044187,0.006722110914978182,-0.06848513276168003,0.4,-1715.3557585529238,2.581677381081022,2.219504192658775,15.124310681555786,19.524758919164213,19.192174578093532,12.081606095981838,-4.037266155612073,-11.990423395774885,-3.1661710775579195,11.98727762555866,10.399995846004508,1.0251165170239034,-1.3514495832260778,3.0532315342800587,10.189605156699407,6.640713995212352,5.871086886323142,5.6659676164434565,5.568258854491056,5.5272629852521264,3
2022-06-08 16:25:14.225446500,0.10261382867224583,-0.0220952402597602,-0.08828052577418931,-0.02680240395225615,-0.1620393550307593,0.031628047481573815,1,1,0,0,0,96.99799999999999,-0.8281235404671117,0.6960110577873568,-46.33395483836863,0.09542175640396457,0.06603342706041833,0.4976407886769991,0.007216259749096622,-0.05414557804180462,-0.02134828374678849,0.01584258241440419,-0.10270974171734107,-0.045512372189654975,-0.9778899526361774,0.05480669493198979,0.07673472434967163,0.04404778994079404,0.15252529923768054,49.43759635416665,-7.893024936532138,22.926950345362343,-17.442609117882007,7.858280995876206,-0.10387760256925864,0.16804873268169246,0.03698400414047997,-0.05386360376291514,-0.02481742207392644,0.012314726588830987,-0.03134684719751118,0.8643775843351079,1.5524086955528664,0.3906004238233172,0.3717808788117801,0.5912277692964157,0.6229026948590808,45.44168550392085,11.207962487676218,22.99000968317653,25.33943311813171,170.3461505891213,0.18229464443890875,0.281290845862054,0.11715338722701198,0.045762088885003833,0.08460674553982585,0.04048774878259066,0.07103908617762357,1,1,0,0,0,1,1,0,0,0,0,0,0,0,1.3576631907592789,0.9438694811420636,0.9,-0.9004978812539075,-0.060810368742884036,0.6884722643805652,-0.12203490334686995,0.2685321430583961,1.4900607167433315,-1.1699792603049681,2.087377766616947,1.2109703258148512,6.622615247496069,0.7122868107133365,0.9969327652498376,-1.3863605839132405,-0.6396340444955435,2.8833467306534852,-0.6705441743087952,0.09907023870587653,0.06757288731220401,0.0809133722517649,0.08436609214253687,0.08536107455294974,2.250292069155167,1.4053813044692045,0.1,-2.1395457203739983,1.4212687888438549,-1.243687534470364,1.0469737267045387,-0.06312867738287531,0.7250098108672428,0.418146139630029,0.10812085014861532,0.7802432808131268,-1.240266114293625,0.5094844309245405,-0.3801456636396669,0.7702732197446607,-0.6312163708079583,-0.6021675830812716,-0.4318864667203923,-0.42640536519576144,-0.2534484596397775,-0.19952919212831502,-0.1757515668696169,-0.16616190956873866,1.9958066226030828,1.735027488678048,0.9,-1.0058654051375924,-0.6568230014434983,0.28181083010443964,-0.5550962308810921,-1.162197190343674,-0.31562361509122594,-2.779312373341821,3.368169532315339,-1.2927020992365823,7.956028538483764,-2.9858069645089302,2.9927878668217285,-4.593287329470562,5.593202281051092,-2.788345541816513,2.8809028159670627,-0.5494702759141941,-0.1195455409505266,-0.04767065511035362,-0.02551886894070421,-0.018061749172590125,2.3788998926952005,11.750054918275731,0.5,0.6429663726664385,0.362361611476008,-1.0201574451830808,1.894952818086634,-3.086598742209832,3.965404970898745,-3.8485331610498266,2.966460511548436,-2.2935415758591815,2.6260601667822936,-2.48490490751033,2.8876541903973103,-2.935019631288428,1.4843464403628532,-0.626972654251381,-0.6727954891423491,0.09436898778272897,-0.009857563000914893,-0.01846350909229788,-0.01999420021233356,-0.02009571029129871,2.22529501031533,0.9438015365856712,0.7,0.7786417833719175,-0.1761829508142259,0.5161839304457086,-0.9498417118007229,0.4677178651213768,-1.1731252986973022,-1.2043440215332142,1.015820769938917,-1.7392850836485592,-0.5048031432765409,-1.3218943309945028,-0.16625196129185996,0.06305641061037115,-0.4738866096352751,0.6680569810034456,-0.003999566217296163,-0.22615568931231944,-0.09547221755030512,-0.06919763029922173,-0.05955455233964864,-0.0559656235128562,1.7589138051059203,-0.24936569776659484,1.1,0.21458167103014825,-0.6599636513480369,0.011387082981741849,-0.8255749333864018,0.12812215994360404,-0.21111693823288372,-1.2086492842703491,0.8892968182023647,-2.453970931621416,-0.3470523287573297,0.0833687595654864,1.515679227834308,-0.07719196263527528,0.675690309603862,-0.6699175598475962,0.31264654655068275,0.13002081473663096,0.14061249426030334,0.1303932443192765,0.1257346134877344,0.12377127276615313,0.2408984752597367,0.3085292394736951,1.0,-356.6792536929073,-43.48185316291318,-2.5980739527134027,1.8876123323321568,-27.07897321643382,9.463581264237726,-34.41027512478094,-4.721719895425718,-9.428262795837675,-16.225734261196234,9.751026953279123,-14.530423853557176,-2.9553755498881955,-11.428085031849324,-5.1217340578107615,-9.927542795546504,-7.0491719112495,-7.6463951509789805,-7.6800263090947904,-7.693380664252713,-7.69852092486654,0.917631724201105,0.34235471109529514,0.0,234.70680908640574,-61.00394155076216,78.19322711787262,-31.92401832810272,11.709333783196644,8.491938544689226,-18.582759167551018,31.991429092135093,-6.66944253629884,31.400152887358608,-8.22361111992146,22.709297647990322,-16.288656868165713,23.13699351627848,-7.967710755597888,9.887082527293837,3.220786354440964,4.014575333122735,4.174120106514877,4.229808327854567,4.24991662687016,0.004633880418422226,-0.03876145805044957,0.2,-1769.4784793671936,-1.4550785539374258,21.259743375972448,-2.0713754741391317,12.00508570869863,0.9187399739704318,5.006468644529079,5.871185811562469,-5.153596998795536,10.966892901941826,-11.102170677498007,12.066970689195188,-5.608459585164296,9.85030969502946,-2.93726485340622,7.4202437260386835,3.1097486531296785,3.2647233762644987,3.2315490005715968,3.2180595970558454,3.2129702324879648,3
2022-06-08 16:25:16.975446500,-1.5821827922296596,0.8704664780534618,0.4157877787971781,-0.029602943939525818,0.5129917428304731,-0.3061879249951654,0,1,0,0,0,147.015,1.9464330597245203,12.6259558453044,-40.8083163791153,0.0006224554140807037,-0.0013704781709976198,0.4366141556133751,-0.03215503926606373,-0.08081434421155921,0.0032874080977591765,-0.08747044887401333,-0.022862770997777296,-0.016729339971443213,-0.8677428839736926,0.05745591957620076,0.047746774024981405,0.05765412549668913,0.10288773154718846,51.96737447916666,-7.897501897613977,22.027507563063928,-18.59731407799337,7.8582893052420255,-0.09661405401404433,0.1807399151902569,0.03727076253956574,-0.05411349697982442,-0.017873569705110136,0.011875880989886064,-0.03530003006301697,0.8462713627840388,1.3727540367747828,0.3876824855016698,0.3305723480863075,0.5867578902881004,0.529393675597474,45.78755026634058,11.19736566917287,22.862509287030353,25.410454538448324,170.34615014268266,0.18150029928583566,0.28209825858140464,0.11710697908586645,0.04579510804941413,0.0707089121665644,0.040860100118089965,0.06843629519352762,0,1,0,0,0,0,1,1,0,0,0,0,0,0,2.3756340638525657,-2.435997680798694,1.1,-3.2620761970259085,-1.9465068207843792,-2.2701240552451867,-1.200848304453341,-1.6448170384638463,-3.377341560270632,-0.8915020759807455,-2.9069823340526155,-4.659405438647017,-4.472342371178585,5.065121527947628,6.52302203247291,5.139275358665756,5.410863478296691,2.3750557574488034,-0.626770297746987,-0.35423484807089217,-0.28416996990502685,-0.3438307139272385,-0.37907399627341387,-0.3958049141646383,1.9741106357289544,-1.3972358695064098,0.5,-6.4719802419240855,-2.723189440274869,0.9613545219476214,1.5731908633817475,3.3889025207803427,4.119935948437801,2.6071329751818513,-0.24900949783263765,-0.964611500902508,1.903747962409453,0.604947937931198,0.272757941623591,1.025033527169896,0.5474990363978944,0.3721529570471954,-1.2135271288748266,-1.2898204239254654,-0.9958653742060256,-0.9170390156150964,-0.8807782496255745,-0.8655000241994008,2.0486214036220254,3.2846046776519304,1.1,2.890246175847016,2.7807403768127106,0.8509404571607613,1.091613493583742,-0.6176275722910417,-3.2274301320652934,-2.211034934527002,1.4623724706931107,0.3053245959346973,-8.252694882821528,2.2514992627307864,3.3796531466117887,0.38651881477633343,-4.647862544255824,2.1832547419643227,3.084202785826474,-1.401614666114344,-0.7229975270140161,-0.6464405874028845,-0.6212157406582438,-0.6123512192977645,2.1962010606657145,-2.457982447164874,0.6,-0.6969954013638419,-1.9400980939203505,0.5606840383861426,2.741126841496391,-1.6307883399270966,-1.3061068440089427,4.708520657214367,1.5488691036602311,-2.3997640190682104,-2.2116634575534926,1.8006340698033525,0.921665765168872,-4.783077843796507,-1.5849640213679042,3.1154754429242546,0.0901851839050772,0.09148026100838733,0.1972218781775626,0.19364529607119446,0.1894107784982092,0.18714961273522845,2.059639786430205,-0.16089259523603436,1.0,1.2030825662524085,1.2482165995423682,-0.016144463677420715,-0.9630914926416126,-0.4539403318619587,-0.5717723529083965,0.2387586023744786,2.5487194335585786,0.9214347159074954,2.2812603995550096,3.060143523845149,-0.00293610042440462,-0.5906768629924942,-0.31470888005928804,-1.006582668337242,-0.6953661799325621,-0.6556061230806705,-0.4865772289504699,-0.4427939159457385,-0.4196358272329942,-0.4093278553798083,2.2127432658577795,1.3683531045355632,0.9,1.273659609116603,0.4457503262115225,-0.4660153730443921,-1.0478422432738121,-1.0410612773482997,-2.4001765766083976,-0.3446385373156365,1.8086810795564623,-0.01361827981150876,2.1969356454214988,1.5067990138748215,1.1431814117858037,-1.1355078648829813,-1.115314856167388,0.3064401940709653,0.19197895407245427,0.05908174608936395,0.024520291918210563,0.02991898342064228,0.034666674693529895,0.037113831304273634,0.8685857590238847,0.5005609499811505,0.3,-194.79245786346175,-46.88927488215787,1.285436149470307,41.46147370551765,-23.47874309143325,-40.86642998035495,10.803987115640943,-28.42970162260859,-26.97367812591364,-1.4470110755940206,-1.9218101908057543,-9.375634277883401,-3.6688359650374314,-0.13525772466725172,-7.1166452764936246,-10.965631921686086,-10.87141231509134,-10.721575708250759,-10.755644845070119,-10.792209810395935,-10.81244546925765,0.9484319025947228,-0.43219183867383065,0.0,228.33214848432797,47.885173714145395,-48.31813990943796,44.59604943124471,47.13600389743187,-40.16693476263123,-15.615568580013356,11.873464635663492,-15.931921853663384,-40.02994720668904,-11.363100963794725,11.18205838089318,-0.33341965204547663,-17.014381818235446,9.287515381995886,4.721393436908457,-5.666811777776731,-4.2254189884001185,-4.1322131112188325,-4.124032898961334,-4.1267960299862345,0.005258371514085421,-0.004815232790786759,0.1,-1815.99445934392,19.8672686838882,-4.070352372808685,15.278330142372338,19.384384984474195,-3.588663527187421,-4.793115868668451,16.892723192260338,7.091046542328173,-9.326965542988075,-1.0084706337232987,6.607817988539139,-2.9243558055120715,-8.988948530135458,1.0506009370695892,3.859877794356613,-0.8201811376843722,-0.770235941004799,-0.8602063367456552,-0.911428613647388,-0.9343207168302748,3
2022-06-08 16:25:19.725446500,-0.8889750952758427,-0.8611317092631556,0.32987844361860097,0.02361101857317139,0.21107677624949167,-0.0724244489509141,0,1,0,0,0,214.988,-10.661562685616696,-2.4479422862812243,-41.99472418240322,0.0013729946468357854,0.1145412729923498,0.4713262415420736,0.12205705104818668,-0.050495113497867714,0.01232310305361301,-0.030636175717019026,-0.012138985735049537,-0.01814856429540988,-0.8460077904503938,0.061778050171120064,0.02973372116364849,0.07724552582785098,0.07141959785582046,55.81635468749999,-7.99088827903338,21.089555038939807,-19.632754864536366,7.859026219357448,-0.08889744483588778,0.19255226755525887,0.0392441123457054,-0.054307524846241566,-0.012914291052861602,0.010998932479775923,-0.036775290947692295,0.8144431989209943,1.3860326679399502,0.3675972364004056,0.3076237389568689,0.5657660176849166,0.5107440892626075,48.32613820478113,11.160714120213006,22.716904047443485,25.36997688532061,170.346116286516,0.18059241910824966,0.2823586996360621,0.11632614490853453,0.045788568161594115,0.06448645942749172,0.03905981869470875,0.06801590917977522,0,1,0,0,0,0,1,1,0,0,0,0,0,0,1.3515275973936736,0.8498837887509464,1.1,-2.4560472963235047,-0.9101724120866548,-1.0618162107679638,0.6895244031980704,1.2006469778816713,-0.28249920210559243,-1.4443903046532398,0.054062287531145385,3.867680437835512,0.970481203674284,-14.589502735841346,5.734239500600393,5.540104378244988,-6.777338750326426,-1.4610942479517637,-0.01839048172768165,0.0933826892406414,-0.03198726432169674,-0.05792485445270345,-0.06784604367550567,-0.07133011034971637,2.150854767347455,0.3623797326500321,1.1,-2.2156190165178837,2.8544303618420104,-5.309990337393943,-6.954444401845784,2.8041105813521368,-4.674328786367998,-2.464977119188874,0.7420873981443825,-2.471686679015092,-2.5064492448424285,0.809554936769568,3.197159968460692,-0.7320440036483908,-1.6830523314715315,2.009694902809766,-0.027439456280737268,-0.12604393714503567,-0.10756831111536416,-0.10670330446846983,-0.10494997078056707,-0.10412682527849647,2.1624631789196767,0.6760327915007621,0.3,4.086422999183677,-0.3415396078561407,2.474289975143102,7.520763310395014,2.441058596620389,1.716690012460628,4.909860755257663,0.677490278607196,2.732848122580139,3.9788151208294575,-1.136291483300621,3.1544271192674715,3.81370402615217,1.0736706266753602,1.1051660574107431,2.4517604479174167,-0.3025905841548309,-0.0447043777556011,0.08997096617885081,0.1578345271717332,0.1874812076649152,2.5061596480349477,-324.20395223556943,0.1,2.2591481794753063,3.641629024937484,1.8340715839157555,0.7978510270540656,1.6009327785229823,0.08145433366887722,-1.0386408641271538,-0.04086405371424615,-1.1492653654461455,0.7411003110541908,1.1639432519653707,-0.7208089854024082,1.1042979034709808,0.3593148172495104,-1.890204960573868,-1.9913940343655507,-1.8203782544510907,-1.40484372658318,-1.2327944326394376,-1.1442199572308884,-1.10521146235846,2.378752396676833,-2.7994331039746707,0.3,-1.0966877308715148,-1.2821950571684393,0.9281792843718806,2.3303261434541294,-0.2587964702513787,2.2854746957338987,1.1970882471845792,2.0690267498351163,1.6516077742564552,-3.099957488779585,0.9506022745532716,1.133307350372183,-2.1505358133112806,-1.0072884248650893,-0.5670568493265788,-0.5001512312501231,-0.1968548114573528,-0.29951919481304945,-0.30440297575441616,-0.30315115820306143,-0.30190787433160043,2.433604368268968,0.8507286649954374,0.2,-2.3295133503494974,-1.5239217855050695,2.85757399696981,2.568096298350107,-1.6002707632479165,2.200133144040711,1.2939676977148258,1.2198411622334022,2.301245156789121,-2.2689901591602317,0.4018207753389699,1.2693904802411689,-0.8950625408661612,1.1320924906087166,0.8426854427183725,0.31743448514244355,-0.011515295666834615,-0.06926851564925016,-0.0738810010860931,-0.07617097118159577,-0.07714464981806386,1.3650118976234975,0.3362461433927061,0.3,-101.17022947996678,-24.93156516530136,-63.251010353048194,23.930127590097328,-2.130461510048594,-2.6804602390613117,-27.63206391303033,-25.21525923928769,1.7451020601539398,0.23070443687554756,-32.395235986725766,6.666973892414325,7.488135357361426,-7.9427359390403005,-1.0594601682731506,-0.9901651503361952,-2.691337847207185,-1.5380533957082119,-1.3674805708788331,-1.3081206989222034,-1.2862893916060667,1.1874194159665843,0.5598270481985919,0.0,221.5334495846244,45.72278682915004,10.7726258849906,61.531243918412216,64.7448672360002,18.031279940876587,44.94057568907361,16.72729354414994,12.548482631248715,34.800665308307444,15.936086391469425,19.300527244613804,37.20534471002468,16.938251021407833,16.736909437481074,15.72244400714036,10.114612553362797,11.702077325019387,12.368743823036029,12.693123323514333,12.832187981479173,0.010739180915175138,-0.07322113951027516,0.1,-1794.5668110215122,42.98803122660797,-3.9898274660095576,9.911618465642702,27.807256021190824,9.544650598301672,3.6551964241802746,18.46345448825018,13.711991455856804,2.8305157280312234,11.353994000023027,4.4380866616564925,6.937364297953607,5.875065661580117,2.551276836924565,4.885205539609082,2.59611753813315,2.6289711711159853,2.7383369914446334,2.7977688965483267,2.8248133395602286,3
2022-06-08 16:25:22.475446500,3.5627576987833707,0.02055073741128699,-0.16094135570309248,-0.1425321150100574,-0.4661010537882546,-1.0282527309428309,0,1,0,0,0,337.028,11.330496210510724,3.9738696624391774,-41.87863098967871,0.0004627370404908144,0.07329784564763338,0.5405442487248072,-0.1288054612552689,0.05593241716234753,0.0940064753460721,0.08535697170724338,0.02566989585009928,-0.003800023552557512,-0.8373360641540568,0.06026252221029224,0.02135371697363211,0.08172686240271945,0.06543321330966383,66.1185484375,-7.970174173626919,20.14312303575367,-20.78442913052005,7.859691775112811,-0.07956494450786174,0.2070885362081523,0.040968333823668164,-0.054420185675653585,-0.010743999480769024,0.011106234720240344,-0.03459867066339161,0.829908180920233,1.3813485312643272,0.3699457036369784,0.301640611341547,0.5550367437025535,0.5080839706049252,77.21893033681405,11.173439244926973,22.530340460793294,25.27761371227012,170.3460857030199,0.1805697681531815,0.2836074424861878,0.11552723882931795,0.046014998422274286,0.06284336838697925,0.03906162696553197,0.07198683943421323,0,1,0,0,0,0,1,1,0,0,0,0,0,0,2.2679782376936366,-19.752131183723634,0.2,0.2309808449777153,4.301320607881045,6.651970151136411,3.6850713274175257,5.938220293957475,6.039947779557071,3.2324961353858312,-2.37630878667574,-0.9727633191692204,-7.997970241422832,-1.050889403594096,-1.3690737405175353,-8.52811045975485,3.286112876296396,-5.239945204796923,-0.4352725465407508,-0.5122265444574781,-0.8424433768181506,-0.9199126415098104,-0.9556458760863606,-0.9702320957091188,2.2576233974845774,-0.8098925635018669,0.2,-6.0384037443421805,-4.78100590355608,5.814771076570362,-6.369174686634432,2.7010956265369708,1.07796006552362,1.2542605707317669,3.4029039640546137,1.6632894671181613,5.013549503296722,-1.481753953087894,3.3085927370226655,-4.611004437343958,-0.011255340096970823,-2.0439045486875917,-0.1291429105589268,-0.04589425344684472,-0.19961994050650425,-0.17668928170192233,-0.15962500111980538,-0.15116064073846014,2.1350311709706324,0.4329225321438351,0.0,3.5174576198037046,-0.6926311731423503,-1.3764939130892329,1.7801131773939831,-1.1279575488975788,1.0048517454638746,-2.751040017512064,-4.858621359799442,-5.89430465650475,-2.1216779730397524,-0.25713747978324075,0.8635777859846079,-2.6610600504845765,2.495019493171604,0.6292628415062671,2.7873097321838767,0.8681483701461946,0.29046750813106964,0.1646638684004912,0.10390822620734846,0.07757853081261867,2.328257064917,-2.4465888960753834,1.2,-0.9563774580342196,0.26568203740148016,1.187188263779735,-1.0459171752470988,-0.7116074344673314,-0.7179274966225637,1.5548300072868515,0.9706743302408312,-2.5245130830582063,-1.0939944496458731,0.8720308457748187,-0.0474208854266841,1.7505384879831352,-1.3945320680105744,0.9369339168994724,0.6600841074755384,-0.0363932186596691,-0.026704567084671397,-0.02453748840132547,-0.02672648193727116,-0.028285479911726488,2.4181014739808315,-1.9879813921503324,1.1,0.7118647001935887,1.8726087449705504,-1.2859710268028843,1.91190246853716,-0.5067689528472548,-2.206591797496252,-2.7576917572702064,-1.1849136401817406,-1.2534000948138249,1.4095061767587982,-3.939783027821485,2.149165900960382,-1.731639480889693,0.5699040421733171,1.015832820592912,0.8136056256837422,0.9289777260654892,0.6375287122397202,0.5698291795241449,0.5414860796151484,0.5301861670021567,2.24251370928352,4.942989990520807,0.1,-0.2663104187389069,5.011290179775072,-1.735633561531802,3.4714869621207183,-3.6399543718318816,-2.9371871915944774,-4.545606499043293,-2.932120518608767,-0.2114623416835273,-0.25580646325120004,-1.3540805002740983,3.583313717418406,2.873344969709627,-0.20149054610153794,0.2763859116742724,1.0935072222998667,0.5388556246178462,0.6241782100869985,0.633600500619502,0.6381567919759057,0.6402552296589223,1.5512899940314202,1.0332507183355608,0.2,-82.38949068039875,-9.293801194418453,88.42211545821013,-37.920325419136255,6.906760133842074,21.69550122147017,9.53443134708725,-24.337517795712657,9.616164794119546,-28.331472024222137,-3.3892556944715224,-3.9391551940469793,-15.500812965761556,-4.648484951336355,-10.622208388216167,-7.697190746838543,-7.692306166653076,-6.894891003136608,-6.66888254955374,-6.553249626181116,-6.501523802542013,0.97179305758805,-0.5013542939759821,0.0,180.69276805203862,-60.596415688905424,38.26709313372464,-50.82209002803079,7.735702516517563,32.28473536604443,-20.435075900885113,-18.80508094258575,-13.098151193962655,-5.542445119619994,17.087785096798413,-4.113105774572745,-5.670228055501219,6.804937077278201,-0.6455575541698337,0.7864278276118721,-2.8127279714146862,-2.8486580624954296,-2.7380171261990824,-2.6987101344242124,-2.685386102944772,0.007041820898850797,0.018215582592222418,0.2,-1793.658862064874,-33.452386018817265,25.467315985582985,-8.885543675121625,16.196754405189694,-8.850530671389821,5.317229593344251,1.4494097018102394,-5.62209170335754,2.7692658375210684,-4.4324960860410565,-4.133225891426696,-1.9983525976449847,-2.8674525431022038,-2.9494615032688785,-1.2183817089369526,-1.906420705022988,-1.7827785206101725,-1.6990712146052258,-1.6494767084330633,-1.6269194766435593,3
2022-06-08 16:25:25.225446500,-0.3098677433732264,-0.3693740402459409,0.411329276025971,-0.3029211921740008,-0.01819832446187852,0.4746253540270269,0,1,0,0,0,277.52599999999995,-19.862487633690776,-11.425576899539161,-34.02991660343438,0.08318701953790486,0.17695666935947985,0.4193876063671146,0.2414352669867349,0.01497542417121254,0.004212339644976372,0.013773506750115764,-0.010497527899495351,0.011017486301843458,-0.8036475012339399,0.059063732436698935,0.010061222393868191,0.06313683285873457,0.0263692692577352,76.17394427083333,-8.173564512612911,18.835163613063813,-21.867761544734467,15.735056610878873,-0.06682380442143239,0.22068484578629236,0.04453680162618237,-0.05312774141572589,-0.0057848226409831244,0.01028377804296825,-0.03462742710260129,0.8343193454973489,1.3740450928883012,0.37409819341606015,0.2949579751856067,0.5600179236449467,0.4976902270316846,96.39337800868469,11.268721518620586,22.652189704771395,24.973488375266538,242.19681927461,0.18739794692991826,0.2820874295154921,0.11824291086448263,0.048465911868789485,0.060983908008884986,0.03973695776700451,0.07260382317078183,0,1,0,0,0,0,1,1,0,0,0,0,0,0,2.3163420235326595,2.468077411714941,1.0,2.352234338768369,1.63933487256943,-7.484128485701115,3.1099660221847536,4.978797385920453,-8.550624953145313,4.297649855933436,6.9145352702992335,-6.1886736388216965,2.265961902445703,10.87983938464477,-3.677011391114757,-6.609005562261361,-4.681116564934887,-2.9736455093614724,-0.5282329889674651,-0.06593080619559437,0.08979694023143897,0.09872470493484203,0.10368714371291997,0.10641942800373327,2.057843794053732,-0.339065332153467,0.5,-10.643333666992898,-2.0925730391101083,-6.630957817127372,0.6971566491598848,1.2159658367844792,6.149373135150312,3.1624050016203684,2.2334330830220943,0.6396048774712955,-5.853625943756441,4.141695889526996,4.196841287378138,-4.3824168143327205,-1.7218179938588871,-2.581009340330445,0.7608966444875258,0.43256700163440737,0.4038844035222381,0.35847508626403785,0.3287943275435711,0.3153358052208341,2.0800206968551884,-0.8088965473301662,0.0,6.207308205971473,1.962540311352208,0.5720883794972504,-3.3309658765958847,-0.7256421877826913,-1.8043156679594203,1.5583551682629333,0.5302093714029916,-0.7820689709223712,2.388375396641933,0.9276132726402512,2.3492635454264525,1.7684904543476008,-3.5285599600819206,-3.1458706014767506,1.102782834659501,-0.2019651227452032,-0.33532937668217383,-0.3474172404581984,-0.346127518166818,-0.34444600752103577,2.2614913639780907,-6.073532463777125,0.7,-1.0464738890662304,-0.998694318485,-1.6954341727814335,1.4645593205964444,-0.2206898635398883,1.6457090330057118,-1.4308499369290089,1.9456404146706496,-1.2312586884711774,0.624846836536682,-3.118651430523516,0.10438353029473336,-0.4551351042946827,1.5953526868083134,0.1374475729690019,1.349966487543458,0.2608812329090177,0.1752613553072605,0.14349320017953132,0.12908019455927644,0.12299495394433185,2.1993617679297253,-1.534720461079724,0.2,-3.413349920919221,-0.8953290147843482,5.536169019191346,1.5953940261927069,-2.763971847955748,-2.5092946486478858,3.2249422646293806,-2.6462078241370293,-3.1681381894950835,-0.1301046749397825,1.369695694234193,2.4262592532203544,1.5955366577183416,-0.4437677775021998,-1.1373576847164544,0.4758798823212233,0.13757468030237718,0.022596290373625618,-0.009896427284925152,-0.023176454460716117,-0.02844373161256103,2.040416330343043,2.2750227954015925,0.2,-6.218259022286959,-0.6072320072497508,9.177882218881775,6.248695781231143,-6.870868069280223,-3.2575698548559178,4.4229455744086685,-5.232260993934355,-2.3155686899647985,2.9850535282736974,-0.5350382269464646,2.6740608220921582,0.6012637834309121,0.13721247607565862,-0.7429369900175359,0.7180006708004388,-0.021238007646748547,-0.09545774160459186,-0.14947920285179597,-0.17378817484812112,-0.18377885303770414,1.0301124429582376,-0.5115028514973706,1.0,-209.52792536284943,-58.06424562786697,-83.1507902781045,15.438024963742237,30.84121783620349,-46.12134692653717,7.80419602098002,9.435102569026572,7.023538209189327,22.577251706958627,30.976641331891607,5.031628600360918,-10.912767163686256,3.274517372815968,5.1005829313383835,4.5229301601961724,7.900163158304223,7.373573087184781,7.302114650366271,7.272102352059452,7.260549471009053,1.7909677724468325,1.4401896807460246,0.0,47.71039894422637,-85.01121717633143,-51.95277779370221,2.0355187715419483,45.35281202320228,6.427422062950972,34.02161132738477,17.142588989880032,29.18947911763987,9.088717932156634,-3.549959448998922,10.04681550712382,0.08053778776717291,-0.2776271430527091,9.318436404937012,9.801734952646001,7.190030711018637,7.061124847656027,6.897030917376636,6.806818991019464,6.765805352044393,0.007822285172786509,0.06625062790984396,0.1,-1706.3387677043381,34.26742524034131,-12.153051642464813,-11.469791588618536,-3.241001575790847,1.8436842569164045,-1.848010258868058,-6.955184829632628,-19.021161860114347,-9.268743840387387,-4.184276719205975,-6.400022988628333,-7.577985134736139,-3.375925248339051,-1.7789871627798135,-5.22248415791389,-5.730292930827013,-5.717707120235474,-5.6960570895665725,-5.680956240667457,-5.6739401820701465,2
2022-06-08 16:25:27.975446500,1.6427243794176607,0.05439862595609732,-0.4548247427611863,-0.2971598257365152,-3.3174695823471416,-0.17264036023986093,0,1,0,0,0,125.5165,-16.811507442964984,36.14545321836325,-17.048756324552752,0.00025781468394817217,-0.14441572168697642,0.13176040140086204,0.06779425870636886,-0.1301341834439502,-0.008506029300297344,0.05697560112944895,-0.15268990109019231,0.01972475581504676,-0.7642102682118942,0.056997876146932414,-0.0004850918595145085,0.0415688512882837,0.02061618336539819,81.38016822916667,-8.404600571483524,18.112116010635294,-22.83232835343111,15.735567501454856,-0.059759978973939365,0.2313248051651315,0.04772153374799877,-0.05482138981310882,-0.004087325628033103,0.01059080983703705,-0.036321852821833936,0.8392774359542695,1.3622778502751574,0.3833842775956917,0.29268538974617475,0.5944945588098897,0.4967700270477163,98.39248361741652,11.334543952591254,22.351129436676093,24.56670401617005,242.19678619276516,0.18505756526892114,0.2777181452070796,0.119154464297608,0.04987131277652652,0.059890553217861874,0.04015582504194385,0.07149103415828717,0,1,0,0,0,0,1,1,0,0,0,0,0,0,2.372552689469845,1.902074716083397,0.7,1.1743549716324022,-6.084639509182129,8.23400052899248,-2.7802555021669435,2.013721686106999,6.334293196273746,-5.795464211566517,11.61594675207035,-9.794921259050673,5.043089802241113,-3.4849866432801697,-5.225744975981679,-0.2978674405892128,-2.672120172833687,-1.8708968087851252,-5.1379526027753935,-2.6553419311282576,-2.1082851595632595,-1.9380138572993209,-1.8465106855435536,-1.8052778095531024,1.873073767267912,1.0794818824933865,0.1,-12.06865366503049,6.33832271326073,4.524755595409664,4.004372684678433,1.0759430424680854,-1.2624303779764074,0.942532267148226,3.435960171791,-0.4824154854700114,5.0435232789941615,-0.9454990291718997,5.355335717170672,1.20806904532063,-1.1437878783782442,-3.3165802476691875,-0.8715175277539069,0.6592676494642392,1.1971234880275097,1.2334898712281677,1.2500829976932275,1.2574860291105456,2.1698046791972665,0.06919911046953334,0.0,4.3488503281728,-3.632816658211872,-1.1085042371636986,-2.3190555164746343,1.3106982818744122,-1.7684818213888804,-5.782711668942254,0.4262552242815582,2.9417433278071736,-2.028165102350584,-0.6639963745283661,2.129551890073724,0.8842314842802237,3.1835001954475457,0.1811211433933012,1.0935424871308024,-0.7015458402726661,-0.517496192034097,-0.4893878072402691,-0.4758596769769416,-0.470123099323368,2.132590892062558,-1.6244465354474802,1.5,-1.1905712208211627,-0.5098173281787071,1.153863174610575,1.4282171733128963,0.3597888801871506,-1.0332424256399422,0.12065871643258945,0.6329870196380603,-0.9764339173215506,-2.6096271421295802,-0.306984359629824,0.23826725172781826,-0.39696905699435536,-0.5294043048983792,-0.7388417909959387,2.0109724829062707,0.4600630251616735,0.32212548351053616,0.28548639634351425,0.2677881583258865,0.260231857142354,1.9348424301076876,-3.7016433546772216,1.2,-10.173613053246434,-4.152558729186514,-11.295068028288682,-1.8622344109807705,-5.759555168319802,3.165035631860708,-2.2553337893127097,0.5975648983740496,1.695505258441008,0.8255739781722871,2.459867160424186,2.203705075430504,3.531364789810331,2.5445593868921863,1.5749249867987312,2.9408528733929997,1.513830900867447,1.3578133176193163,1.2450881789036554,1.182605474472145,1.1544075577169428,2.345099716696048,0.951453570077361,0.1,3.2247467764730877,7.95083270419603,-7.882114778158377,5.817012678566903,-7.033900172992962,4.212373457293778,-4.879806352473918,-3.803908481337831,-0.5285161839674615,-5.867231471472099,-1.9274440721681625,-1.7943667216894967,-4.707405115575047,-1.3386281246140184,-0.07697918707401796,2.1888195595232065,1.3905310056903983,0.8932334154940689,0.7417403006975551,0.6693628533339553,0.6385722231483376,0.2334603441700646,-0.6321460649737368,0.2,-404.4279659349839,-23.279870226082696,52.243814611403295,17.37386916810202,11.575076134312148,11.800371165941216,-31.35879992099682,18.316211916582674,-2.241816692205271,22.138408265624467,3.9617691745181163,7.750527196266424,3.1888576292676305,2.0377068823376616,3.654710358889384,1.6685196566961338,10.252412617624536,10.492860528998008,10.798825294982564,10.988289943224748,11.076973176416876,1.2626833890403573,-1.0887357436026457,0.1,118.89169877296122,220.8694805730381,77.84420917471552,0.3234393205767887,50.46224187209164,-24.35704096661757,-44.15683947904761,-13.026679126967966,3.4429756851349493,-17.05404259219285,-20.955814929999804,-2.374240201230568,-12.558471477473725,-14.353996221166332,-23.798616644373755,-15.861392889930332,-13.99573477704453,-13.330602095310542,-13.120180532804664,-13.009825534519145,-12.961020350087598,0.02436123870962901,0.13290553596886218,0.1,-1587.1137461353032,52.02985682639104,23.83601645736462,35.454027824225456,2.8770181844292324,6.9274748882613,-4.48127543601278,1.1671831669321475,-15.088487472273476,-9.100449043615571,-10.630755454213258,-8.378291319851176,-7.786521341838152,-11.275242101280538,-8.953967305505103,-13.218271447711386,-15.302674658021026,-15.874657980273176,-16.111746107665272,-16.252593340738358,-16.319123365849983,4
2022-06-08 16:25:30.725446500,0.13506359700538345,0.14605224115723747,-0.23006663138368635,-0.13970547304518,0.05216041290114895,-0.0020921691626681143,0,1,0,0,0,0.0,-19.1111182746488,12.55397421950562,34.456453651531284,0.11551838089185165,-0.1346862375631728,-0.2781807311178849,0.21167959882537526,0.2622650015730039,0.003256133530003041,0.02413414615688331,-0.014812953951342987,0.026025121801880057,-0.7152168040396276,0.05242578295465487,-0.01679237066583534,0.0328288854023646,-0.0023173808262698004,81.38016822916667,-8.656804197183861,17.733106332426047,-22.6205605175243,15.736202915568487,-0.057780057667689774,0.2299687487356626,0.05069998163208758,-0.0519274756725692,-0.0008586452113680369,0.010286489694171385,-0.03847824656908638,0.8388335683366667,1.3473558780599215,0.3878685078686995,0.2975844855282121,0.5972642187947013,0.5034472291123027,98.39248361741652,11.485899519149244,22.08597532066325,24.961264359918765,242.1967450915395,0.18323976310134324,0.2799214825019664,0.1206928204880344,0.05769080266357336,0.05953258612023656,0.0408262001129116,0.07013062973116549,0,1,0,0,0,0,1,1,0,0,0,0,0,0,2.2412363610555888,-5.7802877777248405,0.7,2.4536063866180347,2.7672202406749125,-5.948695210477082,-5.247015398436913,-3.0445207387379503,3.0755323173116578,8.705194095921843,11.040590042337644,-6.7494394267988005,-6.026169343170726,3.2636539877337705,-1.4552492003232218,-1.6766308506617946,0.9307291382225921,4.439807089457961,-4.33974836231185,-0.2716212542568115,-0.4071515818368087,-0.3729365560780384,-0.3486601944974532,-0.33745243554947,1.4171273176319468,-0.034904932460667594,1.3,-15.109913752774894,2.795573365677208,2.2853802965032486,1.0022784483765432,-1.5231127275163296,0.497503125500861,2.1487179280321755,0.6860858402438056,-6.97402956348555,-2.7567363452815945,-1.1940301200165888,3.672350394707705,1.6613367488288486,3.863235047995835,1.5660543958683117,-4.585060939141814,0.25750766807279635,0.07910199136295587,0.05522737375974224,0.05010265751832727,0.04856344530864712,2.1691559147027517,0.9915413271829496,0.6,5.23939184629442,-0.5266010873908401,-1.2886843088202358,-2.0888071707321667,0.034609609252659324,1.3746086179282997,5.8412781483790885,-0.6444736749855164,3.2154703011577452,-0.6327767986717701,-1.2163341994992027,1.943009569517724,-1.5336414712736497,-2.8677546944550447,4.6549478041350705,2.9674560566239645,0.7706031302927399,0.8267517470692821,0.8072151594070031,0.7880268686191009,0.7783558448702317,1.9278416151063804,1.1066254622403942,0.3,-4.663828450832682,-0.14374272470836658,1.7396287618037964,2.7799312252231383,2.525039799878869,-0.2922709233789651,1.4228134036229192,-0.7336649928364816,-0.500743023440688,1.9209888959304984,0.9310401422009348,-0.976235660114152,0.4241676637717798,-0.4382035891751536,-1.0663108198924334,1.9140135353868768,0.07122110702965799,0.12876232478793048,0.1485847038398669,0.15780034241432636,0.16194277645078362,1.8907102810898493,-0.2112168912807227,0.2,-11.610678495967235,1.485345895443397,8.961450776470189,-6.4035527106626295,-2.5292121603997675,3.3460413955614725,-3.1831091672466365,-1.3766734639221396,5.813230963793499,0.7266671087024288,-5.1500841807721365,0.5233941456091344,3.6072559539831937,-1.0629061792285734,-1.3522350674441128,1.252677935925768,-0.06823703087625327,-0.0016938333936247776,0.014393785077593119,0.02085201451479265,0.023385091470774427,2.2232563032482164,1.7036620221660783,0.9,3.3149744553515514,-7.644265900442732,6.419277110619365,2.6853062559460312,-2.7080603867029485,-4.47942724317724,-2.5737403761505937,-2.250529646057541,3.3865784034256534,7.915267676058876,1.2142793532846476,-5.280587870073764,0.1329936801900411,2.272693555988527,-3.3838382216534897,0.4400931923808741,0.018483988158438325,-0.1410562559748585,-0.1348133870184185,-0.1277846609708984,-0.12397447123894027,0.6528056216245457,-0.7077295909852105,0.1,-522.6356907537566,120.3049284028773,-27.99178344244035,-74.417956546705,-41.77647427938479,92.65596507663405,92.90503162496779,-13.088639456694525,-34.8971959000354,-0.23131984016982446,37.47781136412981,14.657902454280196,-0.2590326977670045,14.061015441017648,13.97610134891601,-0.712280080651432,8.751306968560023,8.838011782503774,8.892594025841706,8.929270625792135,8.945821398176363,0.8900016011306406,0.08458410527544742,0.0,421.14321880618434,157.43545366112733,-149.4068963998947,-88.03441266336988,20.531865630077625,29.3845135718114,50.614876382851016,-6.514390765939945,-8.003972415717715,8.401633989734242,16.931717610980627,0.8032957763480417,-11.309803582232107,7.319849318731092,5.729430495974457,-1.6686432593019505,1.949104313072064,1.160850479062692,0.9675741106087308,0.8888586277974424,0.8576975698809658,0.5459494132477665,0.5837943692971971,0.1,-915.3559196384546,301.8615957791247,-21.71816880328595,-52.603737708030856,-23.550383868983946,-50.58507213797692,-64.81866744395825,-29.522399455791025,-21.508455870864058,-41.224890950747685,-54.45894244574068,-32.22851249284578,-28.64401170943044,-44.38664156400334,-43.88903640211082,-36.80360010013641,-39.647470011777465,-39.445615410193035,-39.37825020973101,-39.35103775388334,-39.340372485670784,1
2022-06-08 16:25:33.475446500,-0.02056863362126793,0.061971276376421275,0.007272987111575008,-0.0054575020077323394,-0.02148875964420071,-0.006588037393261314,0,1,0,0,0,0.0,-17.308052904004487,11.317606613453592,36.29751851273432,0.1547560002897339,-0.1333039088099631,-0.28614235014586764,0.2041176650790948,0.2856072615089449,-0.015165642346646385,0.011425703808912523,-0.005362934881480265,0.029596056205216683,-0.6545162277083809,0.05011178073383919,-0.022070626955380847,0.02810986573419877,-0.018928559671877763,81.38016822916667,-8.921133369134454,16.874554591548556,-22.008132873427414,15.751644270727306,-0.05385214007314616,0.22645046029156185,0.05578681177385211,-0.0442391686471385,0.0008058188864214509,0.010215432649735666,-0.039811601180678585,0.8380925255717313,1.3205391648506,0.3880324123970441,0.2963021414254385,0.5973593287838599,0.491377739838717,98.39248361741652,11.552118302718842,21.667382281789635,26.05182375004255,242.1959355214874,0.17995692222914775,0.2853273215762653,0.12269220710098537,0.07784022022035443,0.05805430284488047,0.040859295644243364,0.06899935182339086,0,1,0,0,0,0,1,1,0,0,0,0,0,0,2.258588238228392,1.4728064806543857,0.7,-3.435467841105849,0.10383446171049716,2.292831191757558,2.8406965751426534,-0.14730340624641206,-0.904706046422218,-1.3248815306981492,4.838369729405845,-2.8482837465555813,-0.01629931335739809,-2.756670992660801,-0.2667663433085489,-3.290587418349843,-1.3232471919886108,1.3991300732244836,-4.861840244205352,-0.6008124513774169,-0.9059156663218751,-0.8573664457026478,-0.8261927933527586,-0.8114121748891018,1.8867004466134198,-219.85293272513678,1.4,-8.525667413220965,2.3601289429503653,-0.7372236797352372,2.6258358189998234,-0.7412359755238702,2.2912693723575956,-1.3923163591001015,2.7275804967350803,-3.0295577917570764,1.230549714470154,0.4441668338849377,0.7648323015866061,1.5731282479965505,-2.439888291137934,7.174980840698884,-5.702914279395692,0.9665125435518096,0.13793034071627286,0.09211989440556168,0.07982576717591061,0.07617251640430278,1.9425454704436889,0.19526221621592474,0.5,3.7704383775124217,0.6478349360004735,-0.3312047443050053,-1.3647121120612529,0.5559576774266559,4.467063417008196,-0.7944563492512584,-1.5963090491259997,0.37847771850892176,2.6712267958315667,0.18794630358284792,0.608085238805265,-0.08221606863887998,3.3650474072471006,-2.9654105332900937,0.5252316847320326,-0.6226590701026818,-0.4046812480958351,-0.32516419886240644,-0.2831175334970517,-0.2647365964424229,1.2835087454155505,0.06669508109549208,0.1,-5.808704572832347,3.9810714228129513,-1.4443216182274692,-0.8726461419596352,0.06377946352383468,0.2142445744068936,-0.04704044091078341,-0.4441655072898012,-0.2328411015693209,-0.09651934356519687,1.5828895245669417,-1.3377932637492622,-0.5354626195579578,0.15391894744129694,-0.03177387186818237,1.4251595919608795,-0.3436007485743673,-0.13970992814129202,-0.11722887024617355,-0.10814223224727176,-0.10459195017564854,2.0662197293349336,0.4365393868896632,0.1,-9.82059008922704,6.056015038616053,-5.299011539798158,-1.3461266794192586,3.209016644875368,-6.035427057189062,4.81703619594163,-6.654440080253482,2.7216290510156917,-2.217411291095906,2.5037088614899248,-0.8720824527566451,-1.7980372662408544,0.619817046930393,-0.2867397117014432,0.7286270742723371,-0.4730157017509147,-0.3972520339190926,-0.3761926696860358,-0.3682206356657224,-0.3651135352858528,2.5345885074839307,0.8158138095764575,1.0,5.528597488108798,-4.478219274606149,-3.847371847940285,-4.254512875815796,0.7594093679416125,-2.6370830050307887,3.4995782163561326,-4.693540866640347,3.0680846407896336,-4.5452934918158325,5.6200412057908435,-6.076958833337933,4.260967081098419,-3.5980748793082977,0.9742747237089362,0.17122171767340344,-0.8603383087091698,-0.6049761498835893,-0.5706333312180845,-0.555035443801855,-0.5485969889342655,0.057786378949331925,-0.013037162606243177,0.2,-703.1296011095411,-30.511276023932236,33.310430740774905,-11.19665554703279,-7.323134150689043,-3.746969091544664,-16.147726683832797,11.556601668767572,-5.128611894716791,23.91855950443653,-13.782937085285914,6.489335490417662,-1.6178228920453537,-0.10905733785762273,11.650400853554912,-8.114326655124403,0.3334172662457977,0.23995291365002205,0.2814421698021281,0.2941353836549023,0.2980184709404523,0.9241639501892868,-3.90085394627015,0.0,480.3339354601698,-437.8531097230243,156.22169915339768,-37.1271675058498,16.839884006753227,6.817892544340452,-24.3480413015496,11.879938168571885,-13.871167861339517,-7.3201082872067715,-4.820448054125023,-7.273470812577312,-6.2152144457078515,-21.879123678011883,-2.6308431700491823,-13.13231556247726,-8.278849040837372,-9.320977766764834,-9.471418985252251,-9.530105311600437,-9.552603687718737,2.891901740350713,0.9857894116593684,0.6,-38.065285555802866,-33.11708459670611,-26.767784218524927,-71.32355924024223,-31.210492513210827,-60.87433404784415,-24.59222579332257,-53.358020179027655,-24.60163334006485,-46.214990005791186,-37.090654788993675,-39.132924247499425,-45.93200227219282,-31.953477722963505,-43.32866656133377,-35.08272675741417,-39.03578357036754,-38.54987601493168,-38.50409433081653,-38.486335185813076,-38.47923292372364,1
2022-06-08 16:25:36.225446500,-0.012064530452541637,0.0014646470808452874,0.0015168085476574892,-0.0235151154886988,-0.03053821484930468,0.02043987666018418,0,1,0,0,0,0.0,-17.32318641126994,11.511358026117401,36.04140792594324,704.3377441579446,-0.012178631486120108,-0.3547905644035449,0.1395527153240785,0.23048071702847706,-0.016356999286482123,0.00995737142022237,-0.009765417021402042,0.03480133754611597,-0.5897490176967632,0.04549498812935562,-0.02614574578313552,0.02550185996633556,-0.03132999956252802,81.38016822916667,-9.191363848441872,16.062606778759307,-21.40301976535012,17.314353897595467,-0.0498797702492252,0.22269779307280754,0.06070373759109347,-0.037064307618172615,0.0021158430172793503,0.010405794040590154,-0.04095989847179627,0.8371325916203433,1.280146269871227,0.3874490437599852,0.2950197372964101,0.5973216892212578,0.4832872072156446,98.39248361741652,11.611496002598534,21.185536222278632,27.06979223497112,244.22022829668,0.1765414965050856,0.2910152133864021,0.12406374120008094,0.09160270705987968,0.05700862797747588,0.04085322843013075,0.06800427301223316,0,1,0,0,0,0,1,1,0,0,0,0,0,0,2.386450663443659,1.7051100544435087,0.6,-2.435917377126468,1.4488584359988983,-0.5192541936588558,0.5770205733603219,-0.9604981157354072,3.2542943396896304,3.9495906465534834,0.61886687730812,-2.4821865635311706,-2.245335496897188,-3.331290277466405,2.5644548733092893,0.1329053641571296,0.5233165846983898,-2.7135466263830144,-3.1737798222531843,-0.8231554046810972,-0.5666705773871487,-0.5167910408444629,-0.4882106109221693,-0.4755857320898184,2.1061243115513038,1.0749786877856813,0.7,-4.649169737847441,-3.925063780896533,1.492369264091374,2.6456224026305586,0.14171729938514493,-2.8459017759086667,1.055340346678873,2.8854545173276533,0.5064811401420378,-2.2329473916577434,0.28043657602470706,-0.6290016825088314,1.1111928373507631,2.6692100281270585,-0.23917629005523944,-6.678738075535902,-1.1748328044823515,-1.0225550386767357,-0.9384799473525268,-0.8855667420869291,-0.8614697384367388,1.815232831632626,0.5564802430384264,1.0,1.2210724531054704,-0.9559507888841317,-0.3631308664411556,-1.84848285350444,-0.4533042232556297,-4.478335494208544,-1.5371799990009962,0.5804155673367305,-0.2817323198864521,0.07546931252274502,4.2492865152693255,-1.223906138049438,-0.4889211713141963,-3.053917722454724,-1.125301412011746,1.1592410948533909,0.2738556059729842,0.10552223717306652,0.05823961102562907,0.03530987233609928,0.0256235565797654,1.6240127236020634,-1.7428072075763832,0.2,-5.408810984416328,0.4253946327698563,1.8636304635064975,-2.2775644429889623,-0.7578669814826535,1.7512391273638697,0.007321043483043409,1.3474746616127318,1.6857577272135031,-0.12742237279119886,-0.8514875933231699,-0.9406311339139856,-0.7599623477524193,-0.1397537587273696,1.1622738146795428,1.093730513816239,0.003258427092736625,0.03166257609304805,0.0406714124723128,0.04295721559052012,0.043648761375048035,2.125852401425786,7.982204638573184e-06,0.4,-9.126000875692313,-3.1587221343785377,2.345885544764171,5.840280567758156,5.884385873956939,-0.3367775755996829,-4.7538204464922265,-4.8753161432047545,0.8014209014437139,3.8623897751510503,3.0047141655935192,-1.6888555838960988,-4.211433621191522,-0.7310752413450298,1.4800231408445992,0.7868316315278931,-0.08224332793651327,-0.03009188674950891,-0.028141080029284074,-0.02709259737780174,-0.026664173917517145,2.2975467710738284,0.5530834764892042,0.1,4.991855468155472,7.16547674236275,1.5479377481650176,-5.738467081397996,0.4763331320209584,2.4670429848021938,-3.6418821112282527,-0.2405573099015724,5.158484272546783,2.3621947745171363,-4.260737949363007,-5.0041119194510095,1.0228475385703946,3.4303552949558376,3.5266940359759347,0.8445912893983226,-0.13885013376382455,0.17055138355812918,0.2300925762245992,0.25094247647652673,0.25849108979575225,0.15050853977550482,0.03816879591422444,0.7,-689.2220877512058,16.76639809117458,-27.502490884074213,20.665731119454,15.031948685630475,-56.79125503481833,-34.100237353443944,40.37857888883203,28.20818297140758,-36.16269364368841,-14.911544781989301,12.133172437718413,16.15692745041283,1.942970269590056,-1.9042466680911156,-8.006007604180567,-1.7275849855769358,-1.2946463456371973,-1.140443009740368,-1.065377809715244,-1.0341214257670246,0.3074629144695137,-0.236251511014756,0.0,727.1488598834057,40.167177916424926,-198.1390371299384,-1.593679534998472,-1.683637704805271,-34.05903186958477,-20.766771752651703,26.264772977247556,-3.671017539840337,-4.614019632196394,-13.034468127807045,0.16810981570283534,1.4716282850272382,6.814835636472849,-10.869151831182695,-7.2413660790050125,-3.6376281262460894,-3.5939081477315504,-3.571756098876172,-3.5430834983857338,-3.5279410600943435,0.7987535162803808,2.1398787414061284,0.0,753.8892879044322,-434.84215751234717,-77.69415016717927,-23.401767367102767,-30.159848690671097,-3.8478882509530483,-31.57991820584577,-63.094393547544364,-37.689195511446364,-24.941150533901137,-22.212624260013882,-40.08827552822969,-45.78364209134613,-43.071373885157044,-32.54128325632962,-32.79493937662689,-36.139547107327736,-36.15749120229243,-36.19564694689562,-36.2189722490722,-36.22927957146798,1
2022-06-08 16:25:38.975446500,-0.04946028510746659,-0.012211873807466416,0.004189107060440276,-0.004759033279070547,-0.014172327140467884,0.0038628064553374213,0,1,0,0,0,0.0,-17.495033936799878,11.762106132302446,36.39388881410244,0.15476878004668376,-0.13561327541921542,-0.2886095289695754,0.20495753814942444,0.28245728056975944,-0.015450408293287018,0.010844672194034849,-0.003800302173501335,0.038399041419081084,-0.5190646162859113,0.04115438094128268,-0.02824387884520039,0.024590047728032798,-0.0403424016749551,81.38016822916667,-9.462171148604767,15.247750474514975,-20.795069311804045,35.33436320612145,-0.04304183953693928,0.2172789908646784,0.06422371192984948,-0.03116047889643705,0.002990076938488115,0.0105951787411773,-0.0420124198902481,0.8366334697243358,1.2241022887940949,0.3869008993125414,0.29456231870697325,0.5973615177375695,0.4786080514756523,98.39248361741652,11.662087490147114,20.65667733684008,28.04454094448125,336.88713061473527,0.17607567690601664,0.30025668580039794,0.12525182955824668,0.10082828954422483,0.05641464544508441,0.04084017590767698,0.06714562578840427,0,1,0,0,0,0,1,1,0,0,0,0,0,0,2.4418795657652925,0.6540458244262217,1.1,-2.229201984899878,-0.014318325641787553,0.7697343533339398,-0.9511023294010376,-1.3829619850875623,-1.3724095864991352,-1.113462835815812,-0.9309713960003768,-1.4091988601211871,-0.8083684372046677,0.7422670858320721,1.5132701000670346,0.3694762752977283,-1.0159326286657349,-0.6218416902823557,-0.5794416853754105,-0.4643271307166755,-0.16635643337932166,-0.1441965944412477,-0.14350303277480014,-0.1445873364711223,2.0475257502030666,1.8114272226081864,0.0,1.026483097873495,0.6474074798652518,0.02370491284375327,0.24001893253683584,0.736067802458478,0.5543720922615154,-0.12227786828730115,0.07616538575941327,0.2731022728431653,0.030979821903713636,-0.6260120657243187,-1.5369115422940012,-1.7204707981579626,-1.30616314529317,-1.9396130050539118,-3.381455279708484,-1.2967992993959023,-0.6990346667449148,-0.6070756898006645,-0.5724880676112749,-0.5591261244409852,2.2997974544841657,0.4871342579887775,0.4,1.5320523433827649,0.477353461002201,0.054491989370606786,1.3972737954074377,2.3409685535508418,1.919890829001436,1.0799803671051345,0.7365512247326718,0.8325142209926714,0.4018069330068146,-1.2038389575467872,-1.8715253193232064,-0.5840353833617534,0.7408188835368368,0.628959378016998,0.6356082208186803,0.3493589528151901,0.15662224259920596,0.11955790469683715,0.10721880085896016,0.10304448456880558,1.5610470598475648,0.2294488189090828,0.7,-3.808633479449623,-3.3953530589573653,-2.2905285761455567,-0.6563615379533118,-0.5915965966734148,-1.1938906766393438,-0.24486965150045445,0.8613559960450349,0.8434403808590423,-0.007236628116806631,-0.3440406693092713,0.21690379546336386,0.6441743727003308,0.07054887315721772,-0.4284982608494067,0.0049234695462313715,-0.17508260628535885,-0.25536026630742353,-0.2475662803802635,-0.241593675237782,-0.23881907769253094,2.0979741221891754,0.9045795514337124,0.8,-2.4725117723067274,-1.5183892597072186,-0.4641235434270136,-0.521654527848512,-0.06506898359462708,0.6431586862701345,-0.13443711323156807,-0.0902692922964502,0.8466772378341394,-0.3012507991246702,-0.7949866061990366,0.08860218706779799,0.20570897524587808,-0.6966773536058715,-1.3651372057749445,-0.6110280536397986,-0.6920417562822728,-0.6122224824764659,-0.5514016952515955,-0.5192694573892205,-0.5050696482981186,1.6588150761589382,-0.414114435688672,1.2,-4.122889708892643,-4.235647089904537,-3.45488675446393,-2.0159540517709207,-1.103705100112571,-0.7686037252840549,0.1527657434866445,0.7330110702002133,0.34728315741622245,0.5152882228124032,0.2350268738366604,0.2786402494535841,0.9326472202107272,0.9079412734421706,0.4810165265766405,0.330934197476627,0.024477964384035825,0.13263781595684707,0.17920816887163965,0.19409693420403246,0.19856032159592826,0.1538105899401754,-1.0259804608581502,0.3,-698.6984619953843,15.705790989197707,32.627444925892604,44.70468028437971,34.86182773986908,40.400995982594864,35.52802044984129,22.56810251122853,23.96933046202093,24.08674734197373,13.897758885420206,12.96956287367772,14.9398441937514,12.06397135295866,7.705936154441212,8.46761811591545,10.2959379371973,10.328376849182025,10.22932231038576,10.165870064046723,10.136393657364607,0.5834302353904494,0.3598194666662109,0.0,569.5795537583633,118.26827881280157,120.6311486741872,76.2287169057302,39.31800434083894,40.091209757868526,42.691000063223974,24.354655677832127,12.79279460823946,11.758215896369329,16.987139207304313,19.032256175815387,14.581617698966387,12.42015190656975,16.530442700658767,19.025130495920216,18.805832079664505,18.749394584098102,18.59323888038613,18.504768382392534,18.465392524499254,0.0913067577134678,-0.4960970320825701,0.0,1394.1254776658886,-87.19340083977251,-69.96541564876246,-51.33801349907328,-45.880710811094616,-33.08782391507802,-27.968933086159936,-27.401517450141288,-19.27698400313725,-15.635337039518609,-18.317020276213754,-17.017490243571597,-13.874897717721836,-15.90865355588267,-17.984550414360438,-16.547664164665758,-16.946714998382777,-16.865072621702403,-16.693918699314672,-16.59336153641283,-16.547045162614207,1
2022-06-08 16:25:41.725446500,0.02663995172111486,-0.01020870058512977,0.003918359389799886,0.002724291024201225,0.015290472028577938,0.026825024493326664,0,1,0,0,0,0.0,-17.04526179615666,11.716635936299904,36.54728049902789,4.3070306801788325,-0.13555490762486794,-0.2891003728918599,0.20069411439002507,0.28516338931960405,-0.017633228368627737,0.014471905557439256,-0.0015433088047007491,0.04074958798048215,-0.4427629587382599,0.03718517194865285,-0.028347526587352317,0.026357689133684376,-0.04578600620649091,81.38016822916667,-9.72999215472891,14.435369307025931,-20.18410427997601,35.63308235925844,-0.03927967640584114,0.2135945327689779,0.06940515058088291,-0.024000644054562984,0.003450079455608791,0.01093716663519178,-0.04275383903066295,0.8364341781833922,1.1477362473869563,0.3863818445494019,0.29453551090196384,0.5971907283639513,0.476534441040225,98.39248361741652,11.701649936613224,20.075906241810905,28.980639601532225,336.89848997806234,0.17230683269293914,0.30542818553486945,0.1261206987580835,0.1113305950812014,0.056165858966038686,0.040804706793524416,0.0665216809448428,0,1,0,0,0,0,1,1,0,0,0,0,0,0,2.062024480380884,0.4976815984769904,1.2,-0.7482762734057105,-0.5611203975604139,-0.4080247352736131,-0.205244512152698,-0.08190907333953859,-0.04279219281201231,0.15806102701560426,0.1024341063861959,0.05602185783918658,0.13144799256193945,-0.12867518643506035,0.09200475791068552,0.2718408925061313,0.004003719836975454,0.18396885026009044,0.0679738164485088,-0.3417463386364299,-0.2069875889793324,-0.16934783956938187,-0.1558407851726558,-0.1508228377267685,1.9838437277758003,1.3294896264030605,0.7,-0.1301449342924244,0.056009430096812314,-0.028354340307442067,-0.21327914565654796,0.009960978418402398,-0.1326999168087461,-0.0487904332752536,0.05726075987977995,0.010575888537242992,-0.1721764059114249,-0.2271818787214843,-0.028735889489020925,-0.20989713661405116,-0.3912642664412972,-0.34715422746474744,-0.7526811727518564,-0.5858358374767996,-0.2385401925359887,-0.16430100523019606,-0.13976236098504788,-0.1311220729770946,2.3260322225987498,0.4610570073313227,0.1,0.3590216783959436,0.4367808370381333,0.2294652695788784,0.10233622076850277,0.09490378749749967,-0.06547696867645053,-0.0752392240043262,-0.05605322348240704,-0.1381363472315874,-0.16358035680894145,-0.21783210665868724,-0.033216938109084104,-0.12618612207692326,-0.18002511009594632,0.036239744284256366,0.11269013377283572,0.184415835729413,0.12294223017067835,0.10342812827181937,0.09597696208175324,0.09310119512512742,2.464200090288226,0.8840780497519977,0.1,0.2190711533404798,0.8034621824258679,0.40475100958818944,0.3196111155012766,0.3014249378174578,0.31418952433629804,0.2673845901554541,0.06467636791613579,0.06871931798832892,0.23660398576903716,0.16039574244606528,0.058346299107026614,0.17043667158018086,0.2476901332140515,0.2253615319356517,0.33017021822919546,0.3577883094299877,0.2585248536746677,0.2296996475978161,0.21763557228342206,0.21275360254066,2.6793114126515274,3.365490061371808,1.5,-0.6398987936682661,0.20625463313001768,-0.4078921631340484,-0.6047198258830603,-0.4344908271061872,-0.2554623028459481,-0.1832726712277024,-0.01798053247064091,0.2638386942230096,0.37423625436037294,0.3365108275708383,0.2963427859363051,0.1766110063155464,0.17651857289387446,0.3593650692587807,0.4284508547185331,0.3367513968618696,0.2419459555188872,0.21197614458484054,0.1977186693396804,0.1915775730509224,1.7276724781534831,-0.5994282965910654,0.0,0.6092089054966622,-0.042071031863196114,0.2624813702392398,0.3270466959019713,0.15648623347556986,0.016115034316741966,0.043482026603377986,0.049099848668509964,-0.11974512349439945,-0.27874736976777004,-0.2680529067141879,-0.1438009766822269,-0.02447352394323327,-0.02427571643872542,-0.019726272657950364,0.14320559588650608,0.01373795056456186,-0.01056588228779995,-0.007908815074898394,-0.006094733252691345,-0.005360431152587006,0.00534377779587666,0.044446549349070656,0.1,-708.5392581763049,3.731715540357968,0.07509667498901251,-5.189161080914559,-4.76508851247457,-8.048312100140107,-7.5896641778234075,-4.725855638827127,-5.0536019559887535,-2.1420293774075496,-1.3594482162334245,-1.7106704833822717,-0.9136179508848948,-0.7673063794075023,-2.5334656932400956,-0.007306278793439701,-0.2485716278988015,-0.32532972486774797,-0.41520611257577394,-0.4690533895865698,-0.4937977330665873,0.02373828351774056,-0.20398126725537247,0.0,461.39038490566287,-7.842340433015195,-8.673395096229967,-8.17467963771098,-7.182926808093377,-7.339553799021957,-8.445690337386504,-4.293262285317024,-5.107509152260322,-2.1714090187773376,-2.7396827374166812,-3.2363707284590486,-2.9332311504029587,-2.5532090575515247,-2.783733686909489,-2.439481888783705,-3.3255407100421728,-3.242218645611361,-3.2059501324387654,-3.1870703758742973,-3.1781086255204465,0.0005841390132238452,-0.008648514928622935,0.0,1489.1328036569116,4.445846509630428,1.4643195717275148,-2.557359677576855,-4.145615681222083,-5.120785786172688,-3.4264349210908875,-2.431559563260251,-2.083998631094005,-1.0290905561255954,-1.7617433157779274,-0.08021428402147635,-0.7802121388436659,0.7963377143261781,0.014548623785159975,0.1516409092388784,0.1276098278593949,-0.05199404155135312,-0.108637652955192,-0.13519199496138154,-0.1467281483190197,1
2022-06-08 16:25:44.475446500,0.005514575534262122,-0.003062391510833573,0.0015356003665864414,-5.931786735554939e-05,0.009310235292893956,0.016243907709108912,0,1,0,0,0,0.0,-17.22648931933221,11.60600021227116,36.346628872404324,13.476261191186572,-0.1327848404064978,-0.2884747025819956,0.2015372435805544,0.2832392652256145,-0.016426932956710445,0.013485038998813705,-0.002730463139804259,0.04127181067727216,-0.3610068815268922,0.033446953337106566,-0.02669518735201151,0.030024836024749937,-0.04756544511979234,81.38016822916667,-10.001368084548877,13.621356333042964,-19.577071716623454,35.84517288416497,-0.035501604488231704,0.20993908480663453,0.07471117172482493,-0.016941325733169543,0.0034879581620160982,0.011349243117285074,-0.04333432399673903,0.8364057013775649,1.0439432550166663,0.38591053614145016,0.2944702876129195,0.5965842329624943,0.4760842097509786,98.39248361741652,11.734538404127646,19.43931594510114,29.868485535967604,336.8791331343105,0.16832902515389633,0.3104234970738144,0.12669266764984838,0.12045061328564205,0.05614612187637706,0.04074418096040799,0.06605398338265027,0,1,0,0,0,0,1,1,0,0,0,0,0,0,2.2065718437910675,-0.1947600253811412,0.0,0.3620764539330189,-0.06667216196747798,-0.12369108912841074,0.14254548835387068,-0.0711613062991732,0.1304899431281792,-0.043385713475194286,0.00934328966850221,0.06084818459068553,-0.1215253234598779,0.1820416703299301,-0.028837698483492536,-0.03950435597692602,0.19743161911905371,-0.13978199700082827,0.16742681221089814,-0.08465833274811657,-0.059030994577126815,-0.0438543671091343,-0.0368779401998746,-0.03405692908602232,2.482249202716836,1.2149998708861829,1.1,-0.2303458050345049,-0.12795502494207056,-0.013839746644553744,-0.028355306727776794,0.12817402762984895,0.02342013983841305,0.04557391362603032,-0.0408061040795917,-0.0842202976064107,0.06138169376371466,-0.052799032143828944,0.132478376495757,-0.08049063956500158,0.10766795350625273,-0.09586195258167893,-0.07171189582149727,-0.22389408625348256,-0.13039555725963542,-0.09443040298973236,-0.08015304475392751,-0.07470617988763073,2.433115427709086,1.2521203425518288,1.3,-0.019537426659516625,-0.037163815581125186,1.870205910197223e-05,0.04926584098719879,0.05503784062636338,0.036653993154919344,0.024659726119018517,0.002124194711129115,-0.028478103500829795,-0.001445473721405001,0.011980885790417974,0.0777139235672979,-0.07568759229313435,0.07966829884858481,-0.053015605413060315,-0.008236891452118925,0.0493013347101833,0.03248536234245175,0.025101130891266497,0.02182814736051428,0.02052833873777869,1.333899950778778,0.3748033014351952,1.0,-0.35785848792267844,-0.2205774773518253,0.0072605278998425565,-0.032431855079266284,-0.05542451989217582,0.015466232214238209,-0.05607309479528581,-0.02027758594602954,0.004299919527450759,-0.08434485389373775,0.0485290913499122,-0.10401221768884024,0.034256866748574664,-0.08235399798473761,-0.0036579490381195776,-0.04754240424849666,0.024609866879846745,0.005574351987524186,-0.0022346141077177195,-0.005368107950570065,-0.006556563534232461,1.0300756113153804,0.3451465212613841,1.6,-0.3320103382506709,-0.13035930228066198,-0.014569650169463056,-0.03818420446506117,-0.01081035803607365,-0.04746068591343889,0.014323317007059053,-0.07096725673157195,0.025074857963649298,-0.058673822839334276,-0.012616033868610195,-0.009216784088061591,-0.05884151642778455,0.00776081929976606,-0.036452312294537326,-0.01244534597574342,0.035021251306002775,0.003427548874694734,-0.0053704199327696935,-0.008612423144065854,-0.009798592280148264,0.6040402930341813,0.4509538448591634,0.0,0.8329728413062991,0.19876830079217284,-0.09186788521378142,0.11961307207918155,-0.0522788754219547,0.07593443532080521,-0.015551354820772497,0.04312194549182356,0.013540060533723277,0.016983094036300668,0.036366152544020515,0.0048490965994650295,0.03552216874393603,0.03177889288469748,-0.00021537097012675965,0.11070596166969553,0.04948599855565925,0.034627906816418697,0.029329731298154724,0.0273705153233908,0.026631731010677888,0.0005754921315440295,0.010644855065006368,0.4,-709.3968960389521,-1.7218569810209343,-1.5166179618467908,-0.822090749009952,3.163723345298685,-0.02956321567712905,0.13030350933129142,-0.5589293097801615,-0.8753954864589808,-1.106085567298603,0.2056468557750506,-0.9178952383353512,-0.06073981235340041,-1.093048278940028,-1.2440451722251673,0.3031646983561416,-0.3012122492174498,-0.28667854668172943,-0.2824049220865863,-0.27997920352378713,-0.2786781739118345,0.0003598322052011843,-0.004147288028412389,0.0,473.7650246177713,-0.5756281885559886,-0.4760279895854254,-0.09403326577004377,-0.04050968928581256,-1.5229141034732514,-0.5310739611012991,0.6178195322441908,-0.3845155987730653,-0.7789591238790567,0.6583027476411747,-0.4815502389468804,-0.02644395675269617,-0.4285461517982885,-0.4788937904689661,0.734903006558266,-0.04192743749406702,-0.0027550413252690475,0.0007336913069195816,0.0009791757900305953,0.0007711642333776414,0.00010853287603464378,-0.0006072932401224433,0.0,1487.5936430127279,-2.5469687312056517,-1.7057050178396764,1.5193893622068655,0.19983293826635415,1.1066650932787354,-0.4485379342243903,0.22436788291378207,-0.4446491700478319,-1.085726923562795,-0.10043745458808928,0.2639990139067159,-0.156587753427182,-0.5585699720827719,1.1598670209463149,-0.20930673945591136,-0.030444832441119733,-0.04217866515503488,-0.06346465928599088,-0.07465819037014754,-0.07955594871972949,1
2022-06-08 16:25:47.225446500,-0.002689007272552361,-0.004296359697753097,-0.001355932148332627,-0.0014160687611423778,0.003347477877654359,0.004393405300330749,0,1,0,0,0,0.0,-17.449376276842823,11.710783270325544,36.55515455903518,4300.222588612034,0.6072551292803648,-0.7184779965386385,-0.18626478292802606,-0.03628330130693254,-0.01717169121268354,-0.0038394852941273185,-0.02272444302985082,0.03956045640860912,-0.27354154193133423,0.02990509615256933,-0.023310954850155614,0.0354153070707501,-0.046101424492722566,81.38016822916667,-10.28177100302799,12.800499829489471,-18.97161023028917,58.973900274823905,-0.027701944472161972,0.20399985849065855,0.07811357732747655,-0.011672154015014641,0.003131803213076938,0.01171713208685084,-0.04388055158676447,0.8364009654393744,0.9002927072345202,0.38549393538024496,0.29387896538555736,0.5952636746721309,0.4761135774356362,98.39248361741652,11.763295647669699,18.74145274355812,30.71655016471325,428.29595321636805,0.16806934940786167,0.31997946080106915,0.1272743819958999,0.12616094482943938,0.05621358866735585,0.04066159490557944,0.06566627416135316,0,1,0,0,0,0,1,1,0,0,0,0,0,0,1.8449460427593893,-0.6315890967366738,0.0,0.3777483612099831,-0.3333716891212457,0.1169529188726515,0.06567873427156595,-0.1106818676017194,-0.032041184039230675,0.052879357303611776,0.02996801086975425,0.07578280186129696,0.11350297255974105,0.00965348251532682,-0.10672710929862304,-0.15045795947463295,-0.14031369111856126,-0.009428538763835679,0.14373975451502113,0.021358820668595232,0.0015341524111159507,-0.0010768116432722241,-0.0018540516529015492,-0.00211413148183268,2.4612658946196526,0.9299311645031112,1.0,-0.1100309984712136,0.08174520017476064,-0.04193820515818715,-0.005484584613468187,0.05038056092469967,0.03260339830843609,0.007576439542430119,-0.045517850332581385,-0.10292073300475356,-0.01990564420110098,0.11287892047684275,0.055704989638417,-0.08826150367891962,-0.06424141223055442,0.05277961326444036,0.07198125866569502,-0.02525796750654178,-0.02494055421386048,-0.01928621413585176,-0.0165084584056288,-0.015378628225394328,1.9847303749219367,1.433884108467932,1.0,0.03283771576674088,-0.05384000281840903,-0.000732905084804638,0.0047209660579154355,0.0016861764986506095,0.02187170471250448,0.02076981052305196,-0.01516645752311676,-0.027448293634239385,0.010504525445324151,0.046241685405873145,0.022968046765515417,-0.046384337313318515,-0.09234024447703687,-0.07466409169789942,-0.02174603240399324,0.005714195767200147,0.0014972874186202842,-0.0003988145803267484,-0.0012546939386990994,-0.0015952199751998928,2.453010975436408,0.5421974532859805,0.8,-0.048731032754307055,-0.0696589163472653,-0.06383521545135733,-0.0695896649380538,-0.05808157654826565,-0.026796842737508847,-0.0018921386530272343,0.02097729303617276,0.04359937719472748,0.02110647987167158,-0.05220076028342791,-0.08915026920274008,-0.03429448588880187,0.03762025457577526,0.02768738153282092,-0.040540813098053234,-0.010968377153727449,-0.00566855506237059,-0.006150582827163131,-0.006532308653906065,-0.006708054047561956,1.3297447216101983,0.7143120153602265,0.0,0.08900636695508315,-0.2960369559317985,-0.06640012478162226,-0.013346248547153036,-0.015590019188201763,0.019435336410504857,-0.020760523291091997,-0.09213552347227424,-0.04271797877845042,0.04808627893771469,0.03656105038650115,-0.01810463714370561,-0.0365628240514695,-0.055324006959967656,-0.07505102765300155,-0.03810733031977942,0.0043632439295568605,-0.005684715651485428,-0.009350557307985992,-0.01088293631051201,-0.011481068764838759,0.6485422011115091,0.3848334100236979,0.0,0.6231312268524216,-0.2012413334134371,0.11271239034234505,0.0626130023028004,-0.06303583098673872,0.007439826099444394,0.061836895259268186,0.001646677738039226,-0.011613511294317341,0.013519220524085948,-0.006627820630848432,-0.005931524639488154,0.018322195221026,-0.0010406009035014046,0.00670604914920957,0.056262242347239866,0.022054622289828987,0.017667237761361386,0.015630929312606283,0.014694193499453926,0.014317112119063394,0.0007580754068828094,-0.00860191748413465,0.4,-709.4867329121605,-3.3175257741783355,0.6134684280036566,-0.8804909407628472,2.6023684280726016,0.5947607124611238,1.9969342053563608,-0.2881710067449497,-0.3100717978316254,0.6156806662684957,-0.13399831730769307,-0.7705927254413858,-1.3626367810298063,0.17820708971569132,1.4972921207891898,1.0928675538023498,0.3368000631529497,0.29922293059659744,0.2753880911020232,0.2622833274802634,0.25638035520823443,0.0007546549094439854,-0.001017968689434864,0.0,475.03251785321714,-2.349036737796581,1.0679428850482964,0.9506112751393588,-0.17035027551065696,0.8513042192656144,1.3972218492803918,-0.7558592279248941,0.8094028084962055,0.6846409232276063,-0.4162744345563407,-0.19915614149092065,0.3091048580925948,0.294826196697219,-0.880606767766583,0.14767542202364048,-0.23669686117540856,-0.2001504771695668,-0.19133699896644352,-0.1864865694713416,-0.18422531001873052,9.708407036522754e-05,-0.0001246812734161837,0.0,1489.55187969468,-1.825388374736008,1.2539763620435735,1.2581943602823742,0.9112637937700754,-0.706348676198985,0.16339314844796604,0.8229081177722009,0.4038813441631888,1.0470973244799993,0.24760830306156126,0.5687182257885475,1.3507432103358037,0.12868259644977087,-0.6551980835402418,-1.0285374216998378,-0.4574936937902408,-0.3323160671040171,-0.2820933350154178,-0.25673821709287026,-0.2457103762754516,1
2022-06-08 16:25:49.975446500,-0.001997492593882579,0.0043237949249167115,-0.0007009719776626767,-0.001826876730198721,0.00013054475618821335,0.0016486387251752285,0,1,0,0,0,0.0,-16.917439788657187,11.311278540723741,35.614215491471136,1606.0391911263462,0.1448079899241457,-0.4395911687340149,0.05398768940111469,0.16358600678995308,-0.016629455180165897,0.0062876983782067936,-0.01224108839111088,0.03602981340467597,-0.1805358793618612,0.026646091491615433,-0.018176359019558448,0.04252415419923728,-0.04131266636380375,81.38016822916667,-10.648564460040948,12.001888908777332,-18.307739867992858,97.42900058356436,-0.017348507151510092,0.1957684058532368,0.08095954339146462,-0.007782628188517426,0.0025385529354516176,0.012166349194442013,-0.04426044178368554,0.8361350882960112,0.6882079184634399,0.3851026717770925,0.2922334750487511,0.5929341086587416,0.4754678464204125,98.39248361741652,11.694662347221055,18.021915950131138,31.561633038166512,527.4118260616877,0.16834580587193296,0.3323155765341547,0.12613027705497787,0.12945371065514205,0.05625238991684203,0.0404797619109077,0.06542781614786977,0,1,0,0,0,0,1,1,0,0,0,0,0,0,0.95277340897252,0.2888560752155437,0.0,0.3744218635396028,0.1436535882756745,-0.06510979965966958,-0.032906597516948945,-0.05561966733898049,-0.04031219041429029,-0.03513440441717658,-0.029274622582797137,-0.03121894783160532,-0.025013669375817855,-0.014636407754809563,0.0009800312229016716,0.02814448780459321,0.007144259654739191,0.042820280274278,0.052845462139880665,0.02468143786868697,0.008299398943627617,0.0049592759105425285,0.0039046532540735353,0.0035510487968845967,2.130325428960301,0.197433525508124,0.2,-0.0918738567342026,0.022599924808118132,0.05695030996140639,0.05278912860711832,0.038620338759256495,0.02507203125360808,0.009563712077834508,0.028705852384688244,0.012695692745847987,0.028397426923610657,0.004104854545631536,-0.011516609851411657,0.033494976474011354,-0.018214789007903992,0.002714695307510991,0.01882693647223316,-0.013156589054689676,-0.016047648258124075,-0.015281755677256113,-0.01445875644456738,-0.0140341555035908,1.4484698135768463,0.4752677181884645,0.0,0.02855251613235868,0.010628159319242634,0.0026932292822600024,-0.00866184513532652,0.004060431455342102,0.0009370423833763963,-0.005507552003511239,-0.003986413996795344,-0.009723131353011302,-0.0007321582670562816,0.004554692079785533,-0.0032243757906737012,0.0020282839197948393,0.0033330924463562386,0.00040947579880551047,-0.00113244177079842,0.004705538380108535,0.0035446669349323227,0.002452500161015349,0.0019439694855041523,0.0017382762869368735,2.772394945011247,0.9660895824334302,2.0,-0.022390688969402796,-0.007348310360668626,-0.01259834981606764,-0.015407207542191737,-0.013676363607723695,-0.010048364761258258,-0.008468269113854891,-0.009885855983510612,-0.0119366525102185,-0.012296486031939427,-0.011257749147962444,-0.01073170595341658,-0.011643905924984356,-0.013401463535336996,-0.0163550477015105,-0.0256836414960874,-0.017693438084986742,-0.009885042840634866,-0.00795751280982973,-0.0072240931599213765,-0.006945551547775413,0.6620078606597092,2.691378769412585,0.0,0.27790632342212496,-0.033328889107560045,-0.0325612064323357,-0.032912255384811615,-0.0342443669748767,-0.03476650975465065,-0.03298983404721908,-0.029384465316367188,-0.025728311440476367,-0.023081268569936638,-0.02094660721849341,-0.018471107270537062,-0.015868684082020176,-0.01416559132935606,-0.013745284697616955,-0.010087156885737185,0.004954352188083333,0.0025705633170480125,0.0008132127624286433,-3.517229097491515e-05,-0.00038813264531693597,0.22320769111893995,-0.41555412598611385,0.0,0.5595497781598581,-0.012098404523760905,-0.025131350390127438,-0.038275861719609824,-0.04518347613797048,-0.04433397923526164,-0.03860748529893451,-0.031958653264055004,-0.026467996879219254,-0.021841442504177785,-0.016822023889913492,-0.010668236289949768,-0.003558387439341303,0.003920037729873109,0.011631103264651995,0.01895013452078272,0.0051713231206459995,0.0010053290347566413,0.00012739524875352018,-0.0002365790860428957,-0.00038012800921065175,0.0005943470830737615,0.007534219391173712,0.1,-708.0119727710993,3.2366504489876604,-0.4622511686212221,-1.0491074509922669,1.4133000199324073,0.7918297198542845,-1.6198010644097138,0.6907243873019837,-0.12624941986863547,-1.2891019651938151,-1.3832879951476509,-0.8410868746796965,0.17951160788901174,0.7224918936841895,-0.2217013041462685,0.07825310149330987,-0.4130342043668804,-0.35768333397199825,-0.3349714083461066,-0.32435426212068386,-0.319889348861218,0.000818059240806616,0.005742386925284122,0.0,474.6607544178332,-0.22927728059570995,-2.564056122631776,-0.3654274650164453,-1.5078222942976254,0.17994897075762495,-0.7380681746359556,-0.6409013045482439,1.3961287859882603,-0.8496655254229939,-0.07248721041945849,0.7064378531683904,0.09451442481898732,-0.4551572113784044,0.8919547470334095,0.4008624065029149,0.3632525041097967,0.2676899224077438,0.2385237054359779,0.22529963287206825,0.21972283330238707,8.100130684731121e-05,0.0015699914943135902,0.0,1486.729971032012,-0.5908161680401918,-2.255499014981922,-1.5274675450218211,0.3507332601783304,-1.0662315947362089,0.04662623347623196,0.7312961777995568,0.6494391501327215,-0.3936314997807955,0.2906745692970105,0.00209307075321874,-0.8184396316831624,0.28893241835239536,0.6674022987930996,-0.1807257494306569,0.3138903031429692,0.2955582845373641,0.28912283912893605,0.28581256789061626,0.2843439870552631,1
2022-06-08 16:25:52.725446500,-0.001921285436793961,0.003688991451116557,-0.0004417754952312495,-0.0014464465063206988,0.0003200825686837944,0.001376741980540564,0,1,0,0,0,0.0,-16.99950841458228,11.49546109480951,35.870843744050326,1924.8278062767329,0.19856115213292835,-0.47421162903891295,0.025495404664030236,0.13991442367914467,-0.016638594319442743,0.005007177293503152,-0.013050101932160885,0.04035521166574245,-0.15153782391284834,0.02296446250911983,-0.01135434582094435,0.051330100842486265,-0.0332023703011071,81.38016822916667,-11.04716794602753,11.205646528299079,-17.615263022551577,138.21820494849504,-0.006629514877473905,0.18698037360231728,0.08386565009847459,-0.004120385843697927,0.0019061605028885605,0.013218107141385604,-0.04399693059758289,0.7979789859699449,0.6005508118808746,0.3766207129193285,0.2890241620652132,0.5893185191908099,0.4730239871225338,98.39248361741652,11.577883381331288,17.245352467849187,32.38550151319128,584.3617978474317,0.16529370902042567,0.34409911789598224,0.12325423180564538,0.13160598122666484,0.056271420658753284,0.03799940273399277,0.06549536292735351,0,1,0,0,0,0,1,1,0,0,0,0,0,0,1.755305407127539,0.7098510177262278,0.1,0.03968866392953125,0.11672550517227705,0.0696864593740197,0.02270921450717141,0.01021963748697252,0.02313225463579674,0.015496696403304637,0.020715375285446792,0.004733867786269864,0.022877196670101033,0.015070034750731591,0.0111181841911435,0.010915285789802071,0.026499575532132356,0.008697327152528541,0.016950471002031568,0.026821255512073088,0.0186990811462404,0.016779473610803546,0.016085035706356964,0.015831738711473538,2.1286031436227417,0.7457272843656372,1.0,0.005893959944555775,-0.013007194673384502,-0.03681558728242571,0.010193270000408473,-0.006089129141386868,-0.017382421498987412,0.0049184597074625365,-0.0056420437145095394,-0.007588247705869019,-0.012760983455646394,0.017304842626288782,-0.02866633594640469,0.0022414776839683897,0.010451875281586918,-0.028344010168182825,0.011242142233305394,0.0007849961725005785,-0.0024342268465227627,-0.003325929860366868,-0.003644229869311875,-0.0037587800284702494,1.3766146511229327,0.8063918686411582,0.1,-0.014920651479980169,0.030062972455520524,0.00044001958048046485,-0.0022833156400908416,0.01109564100305317,-0.006484921984007271,0.005451238342988195,0.0028548243768039346,-0.0026855373860161713,0.005119643441026144,0.0005321859700455974,-0.0009833139920453005,0.005105496883465682,-0.002724731595182877,0.003460404231693005,-0.001873708411540305,0.0022877015988458822,0.0022445928621108524,0.002113140732645693,0.0020354328312410285,0.002001673790037793,0.38090028392177017,0.2448268213568849,0.1,-0.03907161870321235,0.006761731567898879,0.004276874850897804,-1.3473940883123104e-05,0.0005107750638811925,0.002520068155423231,-0.0016611992057113398,0.0030880432887823326,-0.0011888410389878398,0.001863004823527213,0.0001099511474390595,0.0009681014208830935,0.00046188721390760324,0.0011328149438874064,-0.0002702348552686692,-0.0015205199535151268,-0.003970693942599697,-0.0016088812618377107,-0.0008577491220824674,-0.0005719512470893768,-0.00046516484902880994,0.4683640093966809,0.3933061950743262,0.0,0.15961107140747305,0.047440152241560535,0.00842492903153858,0.008331053087147901,0.007287012385564731,0.005952870939626368,0.00681042932252768,0.005123767653284926,0.006746930733969132,0.004849444989888076,0.006121305606738793,0.005243133330219833,0.005066877777875078,0.005007402411393691,0.004163232575328652,0.002035589283477672,0.006430409537883121,0.007053426338114505,0.006903932762004814,0.006789620763833124,0.006736807109599056,0.5907968121484765,0.4331836288740885,0.0,0.3054926144531864,0.11001444771097532,0.008115461603426228,0.02499592911908888,0.011426125079154765,0.015502674967601257,0.013466585956961676,0.01275251133316169,0.013635860504814305,0.012314122910509795,0.013463863398332668,0.012082517951511908,0.01375416452868857,0.012293585464513052,0.01428577538393522,0.016443670375509103,0.014908970632336597,0.013011721865427636,0.012607725982054351,0.012481545158097178,0.012438683727398528,0.0004526007034677799,-0.006095713353269817,0.1,-705.8036280662757,2.2457647440630524,-1.1802150415021515,-0.32006434962963937,0.9135228865171784,-0.4458330579171772,0.9923263067405514,1.624182138912886,-0.03700403302994815,0.6516559078342006,0.551082836215901,-0.7612457272148685,1.728699977961316,-0.9997619472090288,0.011398949903274058,0.5661821927332262,0.05758226387284183,0.06755386879563119,0.06699580841738495,0.06697628116533405,0.06694154044270384,0.0006771409376506196,0.010824101613660377,0.0,471.52352152775717,-0.04151562740325687,2.551252939318303,-0.9238802271006891,-1.0040768191345606,0.3690686178883453,0.12754266350782828,-0.32715093508085497,0.8992677522911308,0.6191584976946114,-0.2881798292215958,0.9439492023160856,0.016411052296020582,0.9632043204138014,0.4014741310299073,-0.05151506111324089,0.23971337552339375,0.15412207375399056,0.15239781300414454,0.1527764815633823,0.15306405549925414,0.00014356668935239602,0.0038895542879736336,0.0,1478.2951766592455,-1.537464073633828,3.1360800500132484,-1.1288497921003255,0.4594970134385506,2.6021886995840617,0.39925417401804,0.18947895801999687,0.3414676766992741,0.3886702387417529,0.5254144949270625,0.2440004156626472,-0.6275335477619279,0.1647246144622656,0.3966357716477873,-0.1827190023552916,0.34104313784742857,0.2893769138746833,0.2812551711705922,0.2779954002559393,0.27672079179461484,1
2022-06-08 16:25:55.475446500,-0.001621554383299692,0.0027902238926048074,-0.0001549757181512768,-0.0011293105510981586,0.0005490002424448858,0.00116065892178027,0,1,0,0,0,0.0,-17.596947455396194,11.751456119955595,36.2957706979927,2243.6164214271193,0.2523312876705359,-0.5116715770176236,0.001484717561318375,0.11456257438754935,-0.015547315520153124,0.0043570680373691,-0.01379555064545292,0.03709278887218302,-0.13919997234232653,0.019755732386211675,-0.009619558635049428,0.052327040147446144,-0.02952016829268443,81.38016822916667,-11.465831250358924,10.424137419288588,-16.860224282325554,186.3135699607328,0.005188233612151577,0.17685478310378774,0.08625907170112841,-0.0007062473627608139,0.0018261533162201489,0.013691656020228224,-0.04419807069082102,0.761679806984313,0.5843570332077572,0.3677755679057917,0.27981756611066433,0.58077159260681,0.4577368637906842,98.39248361741652,11.431367397830787,16.41496459647972,33.22203182536398,653.5899870390525,0.1632052764810843,0.35712402082214184,0.12031141242790472,0.13300330900757892,0.054685708446594775,0.035810503498383064,0.06483156295558831,0,1,0,0,0,0,1,1,0,0,0,0,0,0,0.5658203055293684,0.4218695596864325,1.6,-0.09424426005349948,-0.0019785691603677533,-0.0053309866182728715,-0.0058227045182311,-0.0049227513204588,-0.007800572134851282,-0.0018546541212493448,0.0035715303774993368,-0.007602617595372261,-0.0071052999282677715,0.0042678107363977105,-0.008691235638404014,-0.02109557804199834,-0.011043661572891248,-0.00896851075935837,-0.004841624425724612,0.0049681157045941065,0.0013821230268713381,0.00030295532166149533,-0.0001351019057439038,-0.0003060508785327433,1.4840885842498517,2.8141824617157045,0.0,0.08758033729068804,-0.032908414543115216,0.01974470616896602,-0.012080726860726556,-0.0100824109818209,0.014385337535091788,-0.0017921616860882407,-0.009746879868031244,-0.0002600823039594904,-0.0038115986102113756,-0.015635740009963362,-0.031608192925913,-0.03248599900187471,-0.016595711657438818,-0.009020501572765034,0.009682599749353009,0.00550929265329302,0.0006960855730639252,-0.0004548812102391211,-0.000948842493224585,-0.0011472181946162669,0.8413782339866945,-0.17090695558846936,0.4,-0.03612201454740098,0.0014054586444796008,0.004770135801782121,0.003209989613552065,0.009325302107839162,0.005143610148150511,-0.003036804998088855,0.0035712919490193673,0.002840638216507255,-0.006945121471193264,-0.004729094750860946,-0.001578154423542777,-0.0007412442546277233,0.003938189492787785,-0.0007208033055657959,-0.002254667468741337,0.0013266100736365651,0.0004772982071522141,0.0003701358071495085,0.00032560622810157565,0.0003075094535549168,0.1795131290429174,-0.11542423944123965,0.1,-0.052915555191166884,0.006437465697478278,-0.0010782366705601378,0.003967135890775914,0.0019472066823793387,-0.002864411503633081,0.001222042172071712,0.002532462111081869,-0.00096829545350605,-0.0002355471276181459,0.0012512162325205448,0.0005930566008213082,0.00038821354495662414,9.797165725931391e-05,0.0005803487840076577,0.0010805464798906044,-0.0007767762230438093,-0.00041553016238656237,-0.0002247544934610398,-0.00014149683121832558,-0.00010862715166399172,0.976550944205628,0.4233048471927148,0.0,0.05669712438330055,0.036681707665273386,0.01262794719930035,0.002624360482212543,0.0037881438492441016,0.005284434019448887,0.003757875974748472,0.0022525303664435487,0.003524970114330386,0.00395648551916856,0.002708407502057615,0.0030322071071892088,0.0030717968682026898,0.0028537113091507077,0.003648519804104633,0.001898830242742886,0.002503476465141941,0.0029328352515203032,0.003005878085899861,0.003025503430182064,0.0030312390294753907,0.9501277242357252,0.4636565448162922,0.0,0.11089977135493906,0.04576255733429376,0.03314260257133113,0.010183426673861169,0.003702183639095504,0.0095562568498083,0.00863617051740136,0.005327563579939635,0.006135662329353392,0.007179082334426056,0.006398944491510785,0.005383831527903619,0.006339268208378925,0.006854368308729162,0.005193888366314773,0.006446855794692721,0.006771226880588554,0.0063027977839117426,0.0061751880501123456,0.006125420761077056,0.006106360429871546,0.0008361110209658009,-0.004680426252445266,1.3,-704.1115526376798,-5.193740785047326,0.11553487245727467,-1.0472873261739224,0.437818874989226,0.7239054261190745,-0.027522143154477874,0.3835385512949614,-0.9872370161786606,-0.3419588446688984,0.2413343298160697,-1.5993302451314193,-0.1012155468937852,1.2755381965570685,0.2694619577221005,0.938939673600924,0.3980513826037431,0.3101277238293054,0.2732394126261042,0.25328883720934225,0.2444624296421489,0.000726652413963252,-0.010800621583862116,0.0,471.43540601801965,2.624188796887637,-1.4596548039130326,-0.3133325513321949,-0.3766596643795879,-0.6807836018819877,-0.3260718406410064,-1.2198787630036776,-1.0268691993207408,-0.2041852578916572,-0.03860242312915041,0.4247348964362345,0.14259401359745014,-0.30556657251966257,-0.050929937198109336,-0.3653746509384544,-0.2620341443173384,-0.22113775909801348,-0.2083480264426996,-0.20330238145582769,-0.20144438310867008,0.0002339174984563982,-0.0029267741844729122,0.0,1475.6653535262296,5.61860140362495,-2.089600900541086,-0.06304399551964934,-0.2438822983842073,-0.7326543049278769,0.5143770455971435,-0.7185044853102838,-0.7273908956934392,0.3055015120173579,-0.053647343690798266,0.3369463862900233,0.5127965849890614,-0.3080684753641165,-0.8507006532647097,-0.7010266958589071,-0.2080463352762223,-0.19992534910514334,-0.1946531353708778,-0.1916015120528538,-0.19021542736382813,1
2022-06-08 16:25:58.225446500,-0.002321027075210154,0.003321958509278112,-0.0034945942625849704,-0.0009363370141426552,0.0008398253150348442,0.0011724113982528107,0,1,0,0,0,0.0,-17.254822385975867,11.575546533365754,35.96289809873427,628.4787382353338,-0.025674478170798,-0.3465393071810389,0.14541433435299406,0.23542310227895666,-0.015430670072134426,0.010409708363831907,-0.0068737539942486225,0.020606730115610858,-0.12837869784107794,0.021615437593374528,-0.00961699916937455,0.05044629931227907,-0.02932279138973701,81.37850177083334,-11.897005179323706,9.639932000667972,-16.151934047522747,241.07178226993972,0.018270520388195776,0.1664284636883652,0.08815760761019492,0.0019102177989143976,0.0019951316468217587,0.013365421656875107,-0.04472580614868011,0.6727085023283076,0.5765076083491865,0.35235087649207625,0.27224952332789043,0.5776486640429814,0.445279217845762,98.39385800651344,11.25798833407141,15.497204093615013,33.99866370006818,740.1300766732829,0.16288609405113216,0.3706361802955432,0.11804292875691595,0.13416538876453962,0.05277612996130215,0.032351855802324914,0.06416585809951733,0,1,0,0,0,0,1,1,0,0,0,0,0,0,0.09264706390129687,0.3652130670539325,0.1,-0.07865950978180701,0.0024774863955839485,0.0022264681831777114,0.0018351046590438505,0.0013400230769967155,0.0007853836610621874,0.00021710579326014463,-0.00032292625724933844,-0.000801914224594134,-0.001199947417653409,-0.0015125053413894687,-0.0017523892046356604,-0.001953459339902262,-0.002183356355141895,-0.00258747015842076,-0.003281697333955132,-0.0021215465298936704,-0.0019512881946517151,-0.001983409405316671,-0.001988095576218685,-0.0019853500524083184,0.909936404388318,2.7885377542245235,0.0,0.1037371511305797,-0.03435990456522907,-0.029407250724992163,-0.02211680779902659,-0.013735378547284516,-0.005651726289965483,0.0008719040445474115,0.004939471484296049,0.006184358782122586,0.004824607030922242,0.0016014605630232375,-0.002382266650255052,-0.005883591095216802,-0.007736582418417699,-0.006952018360418953,-0.002815012226531801,-0.0035204750231206507,-0.0039665977710054146,-0.0037788052063252734,-0.00365756535497373,-0.0036019995488174123,1.1071975441855606,-1.3412176319318478,1.6,-0.0258484059288156,-0.008464344323557502,-0.007173699392826252,-0.005265711237357479,-0.003055286229987168,-0.0008941788448477367,0.0008961783917138905,0.0020848056765743407,0.0025724075087646798,0.002405863118602933,0.0017638324416835833,0.0009177048077006893,0.00017841747443226252,-0.00015286725831981194,0.0002150273349627485,0.0019066493269248234,0.0031197961167589,0.0028389263213162907,0.002753726494305581,0.0027076276182517504,0.0026860464936281922,0.1376995091774491,-0.1126767929527073,0.1,-0.051313841098131835,0.004417680095351199,0.00397243396315825,0.0032965276907872465,0.002477584484549606,0.0016172461464743061,0.0008149072043013789,0.00015254498584667958,-0.0003166725876592978,-0.0005741096499564911,-0.0006349540133328438,-0.0005415251498489624,-0.0003519348326594981,-0.00012486294579969258,0.00010866148639152268,0.0004527540752331161,0.0003628244027630968,0.000139058117588799,7.968750958711821e-05,5.857573871321565e-05,5.099791386187143e-05,0.1379475250443198,0.07862528473963745,0.0,0.017950126828328774,0.001049289139572391,0.0008777671159849445,0.0006328017590403151,0.0003663032281690122,0.00013413905118737714,-1.6248778128673215e-05,-5.649595828304595e-05,1.6119399092588498e-05,0.0001777476613661594,0.00038314165837850095,0.0005763928653545045,0.0007063927584598513,0.000748377217887615,0.0007419047627671165,0.0006992292857661138,-0.000409459306337506,-0.0005123754191253175,-0.0004540756427371706,-0.0004177475757936527,-0.0004017539731932925,0.15569328740542498,-0.5843666005889188,0.0,0.048168750379596684,-0.004045294200179357,-0.0036639026104258398,-0.003094575735007046,-0.002423393372515857,-0.0017468405337965614,-0.0011537103282824835,-0.0007089317109148412,-0.0004425511935350966,-0.00034605614819565184,-0.00037681089863269283,-0.00047004640146912775,-0.0005576142317731045,-0.0005977423402974858,-0.0006602264943970468,-0.0013679470981587186,-0.001158027970380068,-0.00038261537340295525,-0.000188463686404514,-0.0001226544879610606,-9.943080889484552e-05,0.0003884167699869362,0.008862270573958716,0.5,-702.9564285107213,-2.21658775034436,-0.9358665151076764,-1.6309808463221884,0.060800791577776174,0.632129314464585,0.17731433795581353,0.2815915323951792,0.08910246942434696,0.3053434456105677,-0.8736887753939051,-1.5090200732737546,-0.13006971522901267,-0.9304064936179994,-1.143946605421636,0.09504317391969863,-0.11087022898215793,-0.11612254539622135,-0.11724859950632904,-0.1160910846091996,-0.11531899967808812,0.0002521775266231211,0.0006562243159905678,0.0,471.50795613395775,-0.7373729028600451,-0.017659520182391475,0.9178950240401348,0.3865481005081648,-0.3045216662474566,0.3663793156624919,0.34809444729950206,-0.17793565758609375,0.046278894238490416,-0.18213091360268047,0.1840502622835487,1.041628312325873,0.5480343469709741,0.3613174381821036,-0.225487983941056,-0.4179013652265749,-0.26350770886930164,-0.23521496032331515,-0.223691322639028,-0.2191920170290884,6.087710296479361e-05,0.001382847979073885,0.0,1474.766497077255,0.8662900841272858,0.3131106752647099,1.4790223724574076,1.1637654011712613,0.1651341618667459,-0.36954942682623937,-0.918864039897457,-0.9608588248862092,-0.849983983333793,-0.5300245724068162,0.3337325587679416,0.6131862650776796,0.5034844328258075,0.4283284669848939,-0.05210235941694208,0.21226909143885564,0.1909494985268552,0.16670349024926878,0.1537136399944714,0.14793624611299805,1
2022-06-08 16:26:00.975446500,0.004878078542758806,-0.005104925698590325,0.0036740903260419648,-0.0016160519485594704,0.0007353615498958781,-0.0008384338446013262,0,1,0,0,0,0.0,-17.432335088630094,11.487587350575962,36.08528156188471,59.85534754821456,-0.1234326343238546,-0.2910557673568218,0.1989242156778249,0.2782843210586776,-0.014561036336076291,0.012981854022397573,-0.0042111590981712375,0.004723559249032937,-0.0988689921313552,0.02122973859951914,-0.0017523708436373386,0.007079915258023625,-0.015241677804588563,81.25018447916666,-12.340759505706792,8.856695659508981,-15.413586466015898,276.2352063185262,0.0280198153130928,0.15765825450936996,0.09230925983688082,0.005991172229857735,-0.0006409669992590831,0.01346137643031665,-0.046544679545696015,0.6246975717427429,0.4837373638402224,0.34990179780309816,0.2672858735028405,0.4851219590872667,0.4357736042685512,98.49566492380778,11.049500924918,14.477396680965962,34.76251222070858,804.3144214824382,0.16232517787852255,0.3809642316966717,0.11576586773748285,0.1377493947818853,0.05052572869584036,0.03088758171036777,0.06176153750795469,0,1,0,0,0,0,1,1,0,0,0,0,0,0,1.045466504673812,0.6380594765891083,0.6,-0.07956812387413541,-0.008249982565936545,0.00048422676910106396,0.004763690118809826,0.0016425236215736102,0.010621052060081395,0.01781428737509856,0.009761856944188765,0.009486098589974682,0.012321140221430405,0.0049049699846234005,-0.0011465999308284455,-0.013235529099605408,-0.0245019620567976,-0.0104811013265425,-0.003456858925134727,-0.007034244523716243,-0.004124799636740591,-0.003378993651816453,-0.0030367206202460994,-0.002890733788365413,1.819800718341794,0.7587968487070845,0.0,0.06704779863619559,-0.01156024154514788,-0.0020192832704254444,-0.013560498681410809,-0.007427649226389475,-0.01113075018483438,-0.01785481059930169,0.0020443782012943557,0.009977201579164305,0.012098220302100716,0.03348925672189458,0.03367659592166633,0.020099520963503287,0.022733568236404617,0.015688478527756837,-0.004669749456363831,-0.008456563045923961,-0.004268952778619276,-0.0033970068769889603,-0.003063623255869592,-0.0029353324396306363,2.0785312076650806,1.3244385587169034,0.5,-0.021995091616432545,-0.0058326295330025715,0.005053523463691484,-0.0024227493960146057,0.0012735436038155456,0.01343687010893097,0.00666676053723218,-0.004389339214555478,0.0033556379651946697,0.012513668568089442,0.005275564651833703,-0.002336847784353788,-4.10536884374839e-05,-0.0022086112411568593,-0.007762106555138891,-0.006946507995638064,-0.006346204032986883,-0.0042182837582889045,-0.003452945331394121,-0.003082080130840185,-0.00292237905639386,0.5045925607903934,-0.029752380291036964,0.8,-0.05085284640564365,-0.0074501153628553935,-0.006336198821685436,-0.004493768003613209,-0.0020485554067876935,0.0006913042875838486,0.003237944091427605,0.0050288044392298595,0.005605949422020711,0.004797284772517314,0.0028174215684025053,0.00023676327343203927,-0.0021752534096359127,-0.0036679567583016493,-0.003662018642125531,-0.001328846951373394,0.0006024963093250405,0.00027482376688032383,0.00022939793123164008,0.00022366443847230297,0.00022385922167736543,1.0118816114880658,-0.4564912055509331,0.0,0.021518368658384048,-0.005997307557212768,-0.004468415874505605,-0.0022990279046391287,2.275493786489061e-05,0.00196920729614267,0.003107803038466594,0.003228317525988144,0.002419184684535593,0.001056373187534258,-0.0003055154304193985,-0.001111643170490606,-0.0009930513607204806,0.00011104166875410926,0.0019232813298001449,0.0028531928876491123,-0.0019150663608245302,-0.002027451852699388,-0.0018439071392036329,-0.0017405589558476945,-0.0016935246290870616,1.0814791963475316,0.3278594381278572,0.0,0.04739669774484001,0.007294745299051554,0.005252282422746528,0.0019961308402348947,-0.0020559066121091625,-0.0061094442221121025,-0.00908869354324657,-0.00995629272645993,-0.008147349461595026,-0.003912955767594429,0.0016194015646538071,0.006739826636330928,0.009702845928697643,0.009283120741704936,0.0050014934743475075,-0.002932883069769345,-0.0008416658598182423,0.0008797484484815432,0.0011213498573372934,0.0011914947561622886,0.001213135103398423,0.00035434063116565465,-0.008726570197671727,0.1,-704.7985247111008,2.572301973517924,-0.9609288578079288,-0.881491100531143,0.8315809260276552,0.20297827468073135,0.4344099803415915,-0.24626195916759386,0.6764748210513503,-0.09801446749213127,1.0660712617914356,-0.7611927072311584,0.15883621414907445,0.8277706194155243,0.6027223633877163,0.4420662986901256,0.3273575397394488,0.2643869510607804,0.24399717074448898,0.2343721432581578,0.2302977041710994,0.0005387705271609901,-0.00507820931141051,0.0,474.01808508128966,-1.6009329909869194,0.035481486295068976,-0.6541533028272966,0.20891050633105124,-0.3615419263687869,-2.2478740761951883,0.4434389759590545,0.549654544836514,-0.02657540860989549,-0.11140836955920186,-0.2169694365885526,0.2124859940575483,-0.6862619229323208,0.5083933900689548,0.11204264470199732,-0.1926346979903233,-0.13645051127160635,-0.12180519072341235,-0.11611883295952286,-0.1138968800160729,9.751764015819775e-05,-0.0034794975222030462,0.0,1479.2378870082302,-2.7750036451753037,0.3829279762116471,-1.6940987621171644,0.4501682434711825,-0.5059215219059325,-0.8526356201579829,-1.0155116096330443,-0.3510671145989264,0.7596851097371982,-0.5579026111458063,-0.23403509900708386,0.0907724179600038,-0.618761683851929,-0.049513004618233936,-0.39976959698292797,-0.10383827035025206,-0.14535034583038708,-0.15741180302169155,-0.1630847779309903,-0.16548480891125014,1
2022-06-08 16:26:03.725446500,0.0026163390056380517,-0.011397947033519505,0.007248447727405241,0.0007242426120000911,-0.005376969425372545,0.0023523298312169037,0,1,0,0,0,0.0,-16.946127314416174,11.539606125052789,36.506602112050864,2105.4539558558054,0.2283705211969865,-0.4975452261933661,0.009184158646589528,0.13013590322035906,-0.017396873924980218,0.004122448253062187,-0.012673133469357216,0.0005047222177792901,-0.0791951336207681,0.02131827711899236,-0.006662997848540957,-0.02974802014674991,0.00365777468383666,80.41033593749997,-12.756860109994356,8.275269363309965,-14.277458751898589,317.24369841433366,0.03678351734892689,0.1443331607888494,0.09532975698976473,0.011012251410012266,-0.002707880062546367,0.013964521205075542,-0.048218421264742455,0.5700976439005285,0.42979547507525934,0.3435788798174129,0.2478738971589166,0.36058989285743936,0.3960634046778365,98.85478589061691,10.817189359230671,13.731721198132483,35.499976462926455,843.7884120891132,0.16028432232749987,0.39136843839985147,0.11252807665745272,0.1389722540491101,0.0467043187393439,0.02867421866317144,0.05862669716452125,0,1,0,0,0,0,1,1,0,0,0,0,0,0,2.0027672495819044,0.7695691852702787,0.1,-0.041772377743887965,0.03057699197826349,0.004152475386974322,-0.01586919576916609,-0.0097493220118177,0.006119825747201608,-0.004181267022762023,0.006754533721816069,-0.011321558447612116,-0.01715947534729383,0.022657762916688085,0.001843217107728796,-0.035515297642908984,0.02090573895921444,-0.0025134780203874565,-0.0012211421139610985,-0.004589084499359224,-0.002926966089065844,-0.0027183486148393216,-0.002637710170720384,-0.0026074929377923263,2.048703638024101,4.9369689250154485,1.1,-0.07154752598415368,-0.04907149179417843,-0.00536776719787461,0.02711004180084876,0.022406130345145273,0.001919412475045032,-0.007508352753888008,-0.0018991201295234762,0.0434346864447774,0.002686744643560895,-0.03553426682770585,0.04646756319527242,0.009347661671946351,-0.0198393991355352,0.0327779298754608,0.005632616266085538,0.0032752674973832788,0.0064343661314602155,0.00671435069509833,0.006828521882190818,0.006871564714235403,1.8364217268156249,-5.882062891714293,0.1,0.041908985134875835,0.05468487292731041,0.004242892320782385,-0.0214714917108036,-0.013654705098466323,-0.0006843909638979781,0.011342892710381828,-0.00922035129463816,-0.010858909696834604,-0.014883662070266526,0.017680685836243246,-0.002628653212363761,-0.021228754291806325,-0.006345246009123536,0.011754734516705391,-0.004028407601329817,-0.006031190578653971,-0.004529132861633296,-0.004328492016838504,-0.004255503967686903,-0.0042287679236665396,1.2477490428754971,0.4972291328873316,0.1,-0.03133801258406404,0.008807685197426663,0.0065172315551097725,-0.011449002442705351,-0.002798083012343902,0.0063342725913404846,-0.004429228700390581,-0.0012732182264538175,0.0004922041723066059,-0.0050571717789581454,0.0034125632789897,-0.0002657582219585681,-0.006489328734480757,0.00319198686272107,-0.0012494826749053349,-0.002809992612399639,-0.000513676066457421,-0.0009151267230275287,-0.0009494578251637323,-0.0009616148733730284,-0.0009659090611804508,1.6881532751026456,-6.257782890503572,0.2,-0.03901108956398643,-0.03705539842361536,0.013681239247728063,0.012122244245332878,-0.0021693799442387435,-0.00500286544244235,0.005332957175308588,0.012622323533736048,-0.003089388667472939,-0.006763908378140457,0.009592301990174908,0.008944682475213328,-0.0017728695235570476,-0.005604734220724311,0.003479098329321641,0.01225509088191483,0.002027029111651985,0.002691723491290525,0.0027387442252155077,0.0027400083740161565,0.002737810439572226,1.016960966532923,-0.20384851767170453,0.0,0.05928339735780525,0.008226728230632472,-0.009723140422445271,0.002814558292892205,-0.00017476152469568084,0.0019862145659467747,0.0034567053455955635,-0.013468268196746262,0.005020723279476278,0.013768560104258276,-0.014777082813493018,-0.002386428114382459,0.008017751302762758,-0.002491141934640468,0.007476013694032875,-0.008655567987724171,-0.0012885389583490356,-0.0007887597354031397,-0.0007109558168319687,-0.0006634258326249058,-0.0006429511051053948,0.0003484696109818105,0.0005948591651120582,0.1,-704.6841576190067,2.2333973133080183,1.1346540270464942,-0.9226974793772698,1.3038033319173152,0.3387880549689797,-0.20247199655833012,-0.7896665376816472,0.8362394637924275,0.1166186383117136,-0.6019723439815898,-1.0424768282966177,-0.19444588150494369,-0.6279351100188375,0.7203671726350079,0.13673436909071413,0.09513155841300858,0.025696353802711517,0.008130344662760079,-0.00015211535651360464,-0.0036228498005481673,0.0003860150318269677,-0.0018066294783047785,0.0,474.82561655762186,0.04450588913434928,0.090193601601122,-0.8482018614118799,-0.3738683357056374,-0.6740853436992076,1.6652444962238846,-0.6173022323667325,0.24767480723980384,-0.3679123156204103,0.3916813803619928,-0.2520781491822639,-1.016930729885308,0.41915329560898573,-0.5394262008500323,0.3290339062397152,0.08974725233686698,0.028001817737242973,0.015368354384900584,0.009646236082730296,0.007297423106443102,8.515625767233595e-05,-0.004552754198479,0.0,1486.2580220283282,1.2349396299272255,-0.9416033151350404,-2.242497159836205,0.21864054058097795,-0.2717321950234037,0.2239397659644169,-1.2251357812425994,0.5079772240109861,-0.8302638853793667,0.5869422497420373,-0.6625366871786547,-0.607299416285187,0.193158903599695,-0.6892011607547133,-0.5229098307502511,-0.24118058357979066,-0.2844430482476312,-0.2883319167424183,-0.2895593975492581,-0.2899558605445325,1
2022-06-08 16:26:06.475446500,0.0015329213374761829,-0.010537577922890827,0.006900701091595842,0.0005363698516118647,-0.004492307161218244,0.0018130676916233493,0,1,0,0,0,0.0,-16.936770049113463,11.553529996436705,36.53748878945754,1896.9679003536803,0.1922043114110658,-0.4770298535433066,0.02804182277137206,0.14580594099827812,-0.017249115375168416,0.004856330119603187,-0.01160951137130891,0.00390649118819071,-0.07636236570820848,0.02271027317293997,-0.010876418189519716,-0.03047188194406619,0.00355137207158866,77.86762239583331,-13.196158751937752,8.43214805626919,-12.418692099275516,362.8863233971148,0.04064193794950228,0.12212291376641014,0.09633048869823764,0.01550359089105644,-0.002268218507675513,0.014071627794627627,-0.04705686789530443,0.5659833081955252,0.4286651069721494,0.3385329276557691,0.23563093632580664,0.3582559748085421,0.3951906212088553,99.45556819488355,10.57742607920918,13.698025888520505,35.98483476973158,878.6660265409427,0.16226789684328585,0.3989494661840696,0.11157821073390474,0.13973070832960047,0.04603273070640778,0.02853244394094369,0.05851510437664983,0,1,0,0,0,0,1,1,0,0,0,0,0,0,1.9675470585236607,0.9592599298973812,0.9,-0.0005678292074229856,0.002684229227031262,-0.004774056936925872,-0.0017698479386219288,-0.0029336706681856698,-0.009311942362239952,-0.005513966655250556,0.011759860082883579,-0.013451456941445651,0.0184573618632807,-0.021694294340967254,0.01100379513907318,0.0006755190647621826,-0.023747689823571512,0.00602211557838434,-0.0013051013944028705,0.000506087337210952,-0.0009080692324051653,-0.0010876025318993718,-0.0011684097755103708,-0.0012009440553503946,0.6263007427448866,-1.9471572232537209,1.1,-0.22477527021777888,0.0201499615795645,0.013736622307203121,0.008689585659333896,0.01663772564675227,0.0018338338479077926,0.02748108677735915,-0.026986473067549862,0.024651737055515426,-0.010324828627643421,-0.0022086681484627686,0.039218096186790584,-0.018745444294469275,0.03391479532473225,-0.011506793008778772,0.0013822112413911505,0.00958385247367193,0.006940190936657505,0.006757223476853964,0.006681933533781787,0.006654144996349778,0.4404152962876947,-1.1374171240936977,0.0,0.12249226190832625,0.0028797676440539552,-0.007031685231773291,0.006586239822944932,-0.003458748140466705,-0.003993003531023028,-0.01915717360378251,0.006206107399287045,-0.0047244183514143535,0.010437874410587371,-0.021331415412535075,0.004118860233183696,-0.010145995025013491,0.0002353157429091273,-0.00044962869617455,-0.004177425037186891,-0.0032972740843418818,-0.0034138887461587237,-0.0033979476267377105,-0.0033941552369143213,-0.003393093829406691,2.160481410822704,0.6408121710239469,0.1,-0.011555660704504395,0.004590974172073256,-0.006685430868729355,0.0004314088007238185,0.0018527718367747734,-0.006090439072671252,0.004364446926674213,-0.003319101465477964,-0.002068163591583569,0.003473940893949929,-0.0054936161282281605,0.001756628410358911,0.0003383585064068501,-0.004673298424400917,0.003595971893229129,-0.00229503595884887,-0.001022078790741233,-0.0008618015763122256,-0.0008396583727358938,-0.0008287116604887308,-0.0008242733063077307,0.8750535630304151,-1.8661633094780663,0.1,-0.0966535520930986,0.02226679821292327,-0.01166549332512196,0.013061494637544623,-0.004851301339561874,0.009218254900990642,-0.005280257007136217,0.012537371173354492,-0.008985601271628741,0.01402914666338311,-0.007427562587466682,0.010543138740694971,-0.0046506787850989825,0.010447734841809634,-0.007981982850070535,0.012374578000668334,0.0014224661250380286,0.0025264826672885925,0.0025791245874392907,0.0025922187949914003,0.002595667230095345,0.9800512470131238,-0.2873515097144473,0.0,0.06719069017130383,-0.013727299063364706,0.008793164543976998,-0.003980500047411458,-0.001220757900689335,0.001152919515160172,0.001839454401721395,-0.00960739167218706,0.015197943861393844,-0.018133765128539116,0.013528911875061837,-0.006653006517277914,-0.0011207964922259103,0.0021864553675290405,0.0024222804972343862,-0.009956977443840971,0.0016279003907803528,-0.00017273620568727358,-0.0002947158516413225,-0.0003370284797383485,-0.0003516255232712879,0.00016461176612934104,0.006293206340273862,0.4,-701.3444560613069,-0.7786213641430493,-0.6793329592037338,-0.17181533416071204,1.0036195402309147,-0.8441373772281864,-0.1426160017597411,-0.7828820759536086,0.2837785066377343,-0.22366151326271225,-0.17384223232529195,-0.2347939087692712,0.5121553435025135,0.34355122044340725,-0.9937989200409802,-0.3400084602088995,-0.2888229775209403,-0.2573723727819903,-0.24664613411182396,-0.2404818165319336,-0.2377289101871236,0.00044727028800075285,-0.006599454605902296,0.0,473.7754434104525,0.17123725895406494,-0.6192946415423037,0.5606985427507283,-0.13686581728885727,1.6074204394947031,-0.08765622545465135,-1.295588788172612,-0.4036659986731443,0.4671191328883389,-0.1581449629588949,-0.037463332255359916,-0.6466939319897618,-0.6489325666148371,-1.1302278856378116,0.24983073274130874,0.08144930097175518,0.002651100329021716,-0.02191212489353056,-0.03145776296450986,-0.03508299663319736,3.2554998275230214e-05,-0.0023638145780116547,0.0,1490.1973532195466,-0.4811630861500191,-0.44264674898113304,0.21931802326137986,0.6137401027734768,0.4927857864548599,-0.060453229951392025,-0.4595544556726168,1.2401333691878165,0.13918119172772234,-0.222168109279032,-0.6823756400598562,-0.5545738147742405,-0.6900916108819857,-0.23479632250345614,-0.2637201632028763,-0.15865634590061006,-0.15692183930985948,-0.16019447080794436,-0.16117365113820625,-0.16147639774753486,1
2022-06-08 16:26:09.225446500,0.0003790368043233713,-0.009758172520699169,0.006349574759901925,0.000373151837140444,-0.003868048953419131,0.001445295453738224,0,1,0,0,0,0.0,-16.92964508537822,11.559342951230411,36.570139331842405,1688.4818448515553,0.15608290194179464,-0.4565137113342661,0.046947155038289536,0.16152153769801986,-0.017121863841189213,0.005600777661816944,-0.010564615675212852,0.006877411174800982,-0.07508681147333689,0.0201729794129198,-0.01189332377338108,-0.028199616650352314,0.0032917947526986888,75.48785624999998,-13.477854862937924,8.605894039863328,-10.558697522504831,403.7447549766561,0.04340199354902188,0.10075075220767138,0.0963836032154445,0.02090299643571719,-0.002268038722112606,0.014063278033638164,-0.04534956178146664,0.5624767156334337,0.4279575578731731,0.3359917746243408,0.2351434149800497,0.3571151120872548,0.3944928853817699,100.0316573187756,10.500000141325916,13.682282188049793,36.369295383088286,902.094381292186,0.16345208194914276,0.4048628164477708,0.11146740647237978,0.14042989396106273,0.04596809913630768,0.028400284047608183,0.058444319206811736,0,1,0,0,0,0,1,1,0,0,0,0,0,0,1.9217651922133676,1.2851868005243254,1.2,0.02822649993432508,-0.04328745465678488,-0.0017502091393728665,0.016984118086618476,0.0075720223936697065,-0.0017508653955041096,0.003129065226340711,0.0050982509034937715,-0.008917743450673657,-0.0210900902708446,-0.008539716802229633,0.01901345792400655,0.029646105208536038,0.013093985585713666,-0.0064573857749118824,-0.00310832570826347,0.002680740955310201,0.001055700345329693,0.0008044605868736313,0.0007232737767784372,0.0006943099993922895,0.5072299155504079,-0.4101950189243338,0.1,-0.34569705659334393,0.08313551038094226,0.01162938031465575,-0.017364225061328026,0.002249685997712851,0.014434169390703678,-0.007955875616178061,-0.02707278215846656,-0.005100944099512936,0.03595509730054956,0.04716920238080451,0.020098658271537104,-0.011329447718918379,-0.02288781606606089,-0.01875904269317214,0.001359629264939535,0.011577888576054476,0.007087980255331148,0.006135187563046006,0.005771154249494049,0.005631392591425697,0.5452022114056382,-0.4339428568629861,0.0,0.20185296285836848,-0.06365567457972457,-0.004463455287700993,0.019049216433352608,0.0008094748826062911,-0.01407627818044571,-0.0023857792269017,0.009873160012787374,-0.0011771201665198554,-0.01655946347997781,-0.007906310915830425,0.014043447885280742,0.015871877781213885,-0.005234391624697563,-0.017640338609437027,-0.004478929892257403,-0.0009924035152544866,-0.0022095679375919697,-0.00235773450557362,-0.0024069962296221306,-0.0024247345651034506,1.8663610804631157,0.7729296673917083,0.3,0.0030797671319977714,-0.015552181510146769,0.0018246634513139212,0.010605912239774772,0.006075747727445666,-0.0021322324878735683,-0.00501892871781036,-0.0038159880650895225,-0.003480160563999879,-0.00365256787960685,-0.0009451475719134387,0.0036616365534124133,0.005508797131840795,0.003260442760757071,0.00012579304345266269,-0.002069376897496969,-0.0015135796426445302,-0.0009205556745588436,-0.0007765244575597773,-0.0007151993620789218,-0.000690562393169155,0.4970281095108578,-1.1948327631258666,0.1,-0.1513996819136334,0.039844285622605516,0.019941479856116526,2.3181614268938392e-05,-0.006200476952963534,0.002727853233636397,0.011670679571716566,0.006617860483872761,-0.006077852327307662,-0.008227259721828582,0.003249159947022627,0.010975220494658487,0.0035072576113419247,-0.0062002065378516285,-0.0006287406418497937,0.011397557141589605,0.0038593566430880953,0.003223279559732786,0.003090230834272472,0.0030189330619237076,0.002988368529045546,0.7496978634323886,-1.2300186977396017,0.0,0.07547400367092483,-0.005757667285849359,-0.009025487224677312,-0.0061544349314190325,-0.0022006971481872387,-0.004614329361902897,-0.007844406112600328,-0.0006512330765187,0.013072753151335886,0.015910588759844833,0.0026721638088206953,-0.010112138754303758,-0.008666995705932873,-0.0025202089506219673,-0.006403148675544399,-0.009229013819181146,0.00039554255742332763,-0.0006246133750784273,-0.0008355653740027516,-0.0008983059389273838,-0.0009193133572622213,0.00018303590950000183,0.001530874430026433,0.3,-697.3771796141153,-2.040045715495338,-0.37549263724334736,0.7789993789668872,0.7323874136228383,-0.021874737987516824,-0.5559780513030717,-0.4780849482568215,-0.1062982264256256,0.07448808992107203,-0.08705910466627031,-0.3771125357800696,-0.4866702977765805,-0.2814110966150558,0.07853809866198702,0.2286714795903606,0.08411595530857953,0.054798329873475986,0.03525711577934132,0.024401784788733668,0.01954753203916626,0.00016823696315485402,-0.00018370825281788168,0.0,473.4097615232116,0.06008483522870733,0.21933258757400154,-0.1856284051936541,-0.8651351114103463,-1.0441882595755807,-0.5825287290615933,-0.1294508944873911,-0.11785445203950573,-0.21502418923526712,-0.02589077887671465,0.20520174486000187,0.06779853352854825,-0.21586220245931287,-0.08696489484643699,0.3839374085608896,0.2301514715299469,0.12999993928999665,0.09580879425906376,0.07999239872932408,0.0734382125509494,3.3510420407925265e-05,-0.000984378357573335,0.0,1494.4597291850598,-1.8287324280698272,-0.3697077803025479,0.3598400795919474,-0.05227490929684109,-0.7167823218340743,-0.7074515797650207,-0.11178114376746606,0.33727735518769464,0.28068093505862635,0.017211529769951994,-0.07036905365986712,0.02316034193735561,0.08967753101769205,0.03560858978223536,-0.11642994034428256,-0.12320671182407494,-0.0985076251207957,-0.09697411586055438,-0.09720165049680317,-0.09746566649526757,1
2022-06-08 16:26:11.975446500,-0.0007402222639311053,-0.008903405740976122,0.005794265580035385,0.0002098151503269804,-0.003310792553371793,0.001156259597777778,0,1,0,0,0,0.0,-16.92344197362365,11.564035287742556,36.60272018222956,1479.9957893494302,0.1199692336535252,-0.4359963306064305,0.06586458025867756,0.1772387526874993,-0.017001319071297084,0.006350581696787261,-0.009524915384612686,0.00678096340651215,-0.07310572672247789,0.020161838897208368,-0.011490714170058508,-0.028154743698573605,0.003858383400097831,73.3004640625,-13.714830763270786,8.83056236879161,-8.709496150996255,439.832457733424,0.04507259155454076,0.07996183921050955,0.0963960123628011,0.026476551435093112,-0.002601733287981104,0.013832417707154229,-0.043426030431541376,0.5578754640385705,0.4269059033882465,0.3338828734237393,0.23479174338334424,0.3567595547799502,0.3929289090169796,100.61278723648998,10.45772148126923,13.644315184627196,36.66740283448613,916.6785601613027,0.1640210270226854,0.4090657982285122,0.11145715547723699,0.14139720643245565,0.04588518261706062,0.028327177350664087,0.05817798093032003,0,1,0,0,0,0,1,1,0,0,0,0,0,0,0.4889667270519468,0.6599345946156088,0.0,0.0515151751635084,0.0025041622717651138,0.002502612772847126,0.0024999499994529835,0.0024960456159912763,0.002490703023416392,0.0024836378641872573,0.0024744494548388897,0.0024625820552936803,0.0024472815958168984,0.0024275847802821397,0.0024025191366947537,0.0023724150976012085,0.002347037363338061,0.002417315201147119,0.003781811989534964,0.00629019638397344,0.005210508120306046,0.004687003606076295,0.0044368273083103295,0.004331088107429232,0.00780776194052629,0.06443694196015133,1.6,-0.4333556838967991,-0.002399812339543464,-0.002410520050682416,-0.002428954537220522,-0.0024560640790071628,-0.0024933202888718807,-0.0025428943321027897,-0.002607939107082787,-0.0026930385926444977,-0.0028049242003824,-0.002953600547447208,-0.0031539578385156213,-0.0034269444606088405,-0.003790520645128737,-0.004130161157390639,-0.002158325468030329,0.002816433460071505,0.0009899916029144989,0.00019795432346379584,-0.00013340640569710176,-0.000263243943147845,0.02677280140290296,0.21891021797239915,0.0,0.2782990939294711,0.002210607067106237,0.0022141174052831315,0.002220187145093904,0.0022291748019271605,0.002241649221610204,0.002258476914760697,0.0022809734789148266,0.0023111735133195532,0.0023523373673235387,0.002409976758400295,0.0024941625506593,0.0026256004894680478,0.0028563136962226144,0.003380152624805293,0.005409692089108821,0.006189479367888906,0.004620016628275532,0.004012520234811724,0.0037310851977023726,0.003613784703918314,0.05546621818761073,0.2477881426564441,0.0,0.02116823180588012,0.0003837855674613741,0.0003846256632428625,0.00038606735179137633,0.0003881767137378846,0.0003910542677259799,0.00039484394508760467,0.00039974575947446066,0.0004060318717072242,0.0004140616789836988,0.0004242753603114598,0.0004370799629884141,0.0004522487028815994,0.0004658435814755097,0.0004503387249610276,0.00019022312696308685,3.350643212612643e-05,0.0002448478794600471,0.0003003108929635458,0.0003177677036428463,0.00032347300026532423,0.007477652082795389,-0.08001759091480892,1.5,-0.17629876024747582,0.00013650475975578172,0.00014381747161065078,0.0001564502928444941,0.00017512886439957284,0.00020099927215625268,0.00023579586502523418,0.0002821279565661406,0.00034398069512594186,0.00042762999213202384,0.0005434249795195209,0.0007095822335350352,0.0009613364623207755,0.0013774802354305801,0.0021781273241438122,0.0037106681398165337,0.000981242887175984,-0.00013590629425211083,-0.00034128302018547607,-0.00041239445996849787,-0.0004379108314042345,0.06206622524707658,-0.20296580756290974,0.0,0.06663278757726028,-0.0005646482861578103,-0.0005737770326399778,-0.0005895242991494206,-0.0006127548246727876,-0.0006448251048474693,-0.0006877681075766668,-0.0007446022553030863,-0.0008198560716530894,-0.0009204905020190092,-0.0010576034059422961,-0.001249791813522207,-0.0015303468401606012,-0.0019639345338002792,-0.002674860041346852,-0.003106130021305007,0.0008136832802667791,0.0010219624527490411,0.00088797542986055,0.0008161717023453209,0.0007851044370414887,1.7521394746383282e-07,0.0001106546458631038,1.5,-694.3006906259648,-0.0008874107623171312,-0.0007887976274929543,-0.0006187185274484364,-0.00036788693637390685,-2.174766981255516e-05,0.00044148695601364807,0.0010541142099924627,0.001864488616320159,0.002946740600382469,0.004418674865128479,0.006477019602163736,0.00947333453205701,0.014096185792428884,0.021742998112795675,0.02682683405205921,-0.019211571821109885,-0.02352110760074133,-0.022287455712309168,-0.021374640229431918,-0.02092471073623336,5.1393994554553316e-06,0.002475927170175229,0.0,473.77453359424766,0.028197883961489367,0.028371057145037067,0.0286701370564586,0.029112170261903717,0.02972406394065885,0.03054650831231953,0.03164068500007744,0.03310001773040483,0.03507175874256418,0.037799524969674536,0.04171592556694215,0.047676606483213035,0.05771082448338127,0.07854856229665153,0.138334503566357,0.10792234093230846,0.05928857553944766,0.04467764667517216,0.038649989461486456,0.03628945091245095,7.791803539753557e-07,-0.0009320587359179512,0.0,1498.3059728314706,-0.06023396062786901,-0.06020264001051601,-0.0601488571465012,-0.0600700922231141,-0.05996250703758221,-0.059820598992303076,-0.059636720254786724,-0.05940049747127319,-0.05909840798018706,-0.058714639824479775,-0.058237947472719036,-0.057695932584444165,-0.0573354536054751,-0.05887806786367378,-0.07722282854483352,-0.09093023516987843,-0.07501502648955949,-0.06986368938381915,-0.06788687243607328,-0.06714440888102402,1
2022-06-08 16:26:14.725446500,-0.0018388342808924368,-0.008007791099595067,0.0052534407109612715,4.391624847326906e-05,-0.002760617864085451,0.0008873307692555488,0,1,0,0,0,0.0,-16.917481833470887,11.568899348035213,36.63509730678611,1271.5097338473054,0.08385537307995908,-0.4154782780110127,0.08478355580835135,0.192952698222616,-0.01688189162216245,0.007101887025226393,-0.008486023717479394,0.009999364690282396,-0.07270534207364361,0.021365184894706298,-0.011595180363228269,-0.0289845743223534,0.003494336349846733,71.05369114583334,-13.968272498743632,9.065054955279749,-6.860031049005849,471.14158892032725,0.04586884353542898,0.0595736607509293,0.09691027776423697,0.032310303987370774,-0.0027755616850653475,0.013723481681028642,-0.041566573758353015,0.5519527789941251,0.4256746498991909,0.3322731181956077,0.23447602341241724,0.3552647127532561,0.39189333989647135,101.12852143226334,10.389539707558619,13.600922176057468,36.87135610526268,924.4829994327988,0.16420956201815073,0.4115361580859008,0.11123449594360783,0.14258862689234406,0.04583237869550917,0.028216917524833005,0.057913454005718776,0,1,0,0,0,0,1,1,0,0,0,0,0,0,2.6466187993835364,0.9324944688861564,0.0,0.006128107124826208,0.0019646070457504986,0.0019635827595329133,0.0019618067640843747,0.0019591656796034813,0.0019554778728103628,0.0019504630860145515,0.0019436889142831469,0.0019344737208444626,0.0019217014513128333,0.0019034434486520921,0.0018761157974026548,0.0018323889219868262,0.0017553835512169756,0.0016041780572077502,0.0014790006610449445,0.002437604417348917,0.0024249699527407733,0.002339958068538179,0.002295622317807786,0.002276945254811185,0.005195963645515979,0.08416985908286442,1.7,-0.3957439038919592,-0.0018421100470889375,-0.0018440494131948047,-0.001847413541858911,-0.0018524198296949246,-0.0018594171913173289,-0.0018689453954363407,-0.0018818401255336211,-0.0018994246995033734,-0.0019238785557620648,-0.001958997036710545,-0.0020119055208806928,-0.0020973856813403125,-0.0022502413702957785,-0.002559462515513986,-0.002887674283463185,-0.0010457455140882883,-0.0010101209696493623,-0.0011583189461737194,-0.0012376015169462296,-0.0012711526574313288,0.00440122575476345,0.08720109995791364,0.0,0.2551862831652468,0.0009936646633965825,0.000992824459758502,0.0009913704458754807,0.0009892147494758724,0.0009862178237054313,0.0009821670042016901,0.0009767396911963683,0.0009694388903211732,0.0009594760969910504,0.0009455482126861578,0.0009253915696430665,0.0008948762658884008,0.0008465975420961121,0.0007774601961380353,0.0009586799750242439,0.0017640918871144626,0.0015230811088889984,0.0013912807493368206,0.0013328703675386836,0.0013095589615305932,0.07844310810826963,0.3011973083147435,0.0,0.01425154248361924,0.00031344203188303954,0.0003135812915009016,0.0003138225036073913,0.00031418062723372216,0.0003146795136864237,0.000315355717426054,0.00031626511406174197,0.00031749466244489633,0.00031918420502117633,0.0003215691372041112,0.0003250691971555861,0.00033048220047565577,0.0003393668475618136,0.00035342028099645973,0.00033197158320426957,0.0001950555666443288,0.0002304757487065691,0.00025129724945132753,0.00026048937599864176,0.0002641362262299073,0.006498246258727318,0.09134146713852193,1.5,-0.15457402765093692,-0.0009144836487897778,-0.000914368668936818,-0.0009141641457449528,-0.0009138479007821179,-0.0009133821394772014,-0.0009127036251826277,-0.0009117045467591667,-0.0009101934512089383,-0.0009078097111368651,-0.0009038183096050863,-0.0008965548543760252,-0.000881661693785158,-0.000845043196919667,-0.0007237160535606637,-0.00016216752438077877,-0.000228754308341524,-0.0006759743914933796,-0.0007870004169437558,-0.0008245088437657329,-0.0008377265861134124,0.00903760498604565,0.08830679742641832,0.0,0.056477034789029074,0.0003533916033643062,0.00035260053129638,0.0003512244402933788,0.00034916759537298014,0.0003462746756668373,0.0003423017808291285,0.0003368637782007969,0.00032933506528042873,0.00031865089760672936,0.0003028757925278129,0.0002781596843325,0.00023582580772573441,0.00015251095852598364,-5.220598756373418e-05,-0.0006021491209068446,0.00011277825088714637,0.00047027771541406296,0.0005025945205843587,0.0005029687240792592,0.0005010663391943227,7.704132918577571e-08,0.00024909281659623667,1.5,-694.062809619636,-0.009473572183978264,-0.009465057308510438,-0.009450240233618956,-0.009428080993338028,-0.009396890403387205,-0.009354011827156228,-0.009295241994021096,-0.009213736464754874,-0.009097811305704084,-0.008926148383721966,-0.008656138672876068,-0.008191117489154466,-0.00726801032659985,-0.0049607642483948675,0.0015955051848237645,-0.00586417756130686,-0.010288311107823134,-0.010818283405530591,-0.010890486747445749,-0.010894955639856095,1.2986397735419186e-07,-8.424461019284299e-05,0.0,473.94655129795234,-0.007540014354432857,-0.00755396174392331,-0.0075780138036449785,-0.00761347445056515,-0.007662375459521088,-0.007727727992797638,-0.00781392054087604,-0.007927332071233195,-0.00807722793811294,-0.008276832142570356,-0.008543295318855115,-0.008888012980763804,-0.009236218018145335,-0.008684855529034863,0.0034047519527860004,0.017815571265893837,0.006272813663651178,0.0020044117053181765,0.0002934334824846729,-0.00036160021587861024,6.96149814684548e-07,-0.0008610115235288772,0.0,1499.6305465789362,-0.059899701039341835,-0.059889584376264786,-0.059872060986378976,-0.05984604356284251,-0.059809798107693275,-0.059760666226722485,-0.05969458226390145,-0.05960521340953305,-0.05948236080331526,-0.059308812759276464,-0.05905372936332754,-0.05865788361699131,-0.05800230606585899,-0.05692866242488037,-0.058131218208643524,-0.06804354151718428,-0.06579671543246945,-0.06436320428017694,-0.06371828026868798,-0.06346042980739419,1
2022-06-08 16:26:17.475446500,-0.002931946318851966,-0.007101824239750955,0.004718780540769354,-0.00012298057395169714,-0.0022072438144314275,0.0006193179230111005,0,1,0,0,0,0.0,-16.911542657479778,11.573893628959148,36.66726242126401,1063.02367834518,0.04774119620409285,-0.39495883210034827,0.10370208075139822,0.20866459291128253,-0.01676225257095482,0.007853386060441949,-0.007447284242933245,0.01088591925809973,-0.07218926567363564,0.02149193097313935,-0.011318019246586082,-0.029328233918975388,0.0026312785449311327,68.79085156250001,-14.302391587656185,9.230727755078894,-4.982684428714613,497.6728860408275,0.04626905132339355,0.03940742489557436,0.09879972674799962,0.03869258807788517,-0.002787779174230921,0.013668381264430806,-0.039756517796237255,0.5496328138596412,0.4253679842877212,0.3311681358107881,0.2333238777374351,0.3545831812542433,0.3906505281369129,101.58723560650827,10.238415635392917,13.581660382042449,36.953579844116774,927.2416947092228,0.16422564180321345,0.41221281603078375,0.11043503672348624,0.143779612180357,0.045702829087123135,0.028171818014255383,0.05767703529007006,0,1,0,0,0,0,1,1,0,0,0,0,0,0,0.3473634305016135,44.7924665277753,1.9,-0.03868338103378555,0.002000730844506837,0.0020005415196515143,0.0020002122208081737,0.0019997200983121206,0.0019990280814843886,0.0019980779534069346,0.001996777757955841,0.001994978013838311,0.0019924239311881788,0.0019886510437857685,0.0019827306535426283,0.001972550370230568,0.0019523292954250872,0.0019015987967150024,0.0017583574931184706,0.0019316983404412149,0.0020276808611791935,0.0020372321449568962,0.002037607742274192,0.0020371841688935767,0.005863312415742719,0.09643883621195573,2.0,-0.35860321899571146,-0.001757856419594507,-0.001758190311796526,-0.0017587713755168113,-0.0017596404851673816,-0.00176086408458237,-0.0017625468003956593,-0.001764854475169525,-0.0017680579014151558,-0.0017726212419885855,-0.0017793966727534755,-0.0017901037685751102,-0.0018087016322475328,-0.001846212964944755,-0.0019428003923858453,-0.0022336522738404425,-0.0019300049697903148,-0.0017290653546020356,-0.0017039994025244284,-0.0017005497587856374,-0.0017003145656327974,0.004113290232374814,0.0809477973565264,0.0,0.23326285556069196,0.0009677158577396543,0.0009674454538617543,0.0009669761770219783,0.000966277309546449,0.0009652994445402338,0.0009639659152188856,0.0009621575232036867,0.0009596844302000436,0.0009562315034089344,0.0009512437959012936,0.0009436620784620256,0.0009312304398245047,0.0009083795078062562,0.0008590833571888454,0.0007797087275057029,0.0010372568973025798,0.0010700328273857763,0.0010560055291393812,0.0010470267778781165,0.0010430471444267183,0.2586954099558029,0.4824399867768354,0.0,0.007407627622750205,0.00031607188597723723,0.00031611483366988637,0.00031618938582956565,0.0003163004541740219,0.0003164559468411368,0.0003166681527745103,0.000316956215101629,0.00031735069945405716,0.00031790251716776733,0.00031870173463073153,0.00031992136764483523,0.00032193341574213565,0.0003256707829244321,0.00033391226231172037,0.000348651338755548,0.0003076842819310549,0.0003007614257063497,0.00030257098155950604,0.00030385995482876273,0.0003044442707164184,0.012300792663360078,0.1345349230166083,1.6,-0.1319111618165554,-0.0010250821824875599,-0.0010252770289347936,-0.0010256139256129802,-0.0010261127091833327,-0.0010268047399211511,-0.0010277374960058901,-0.0010289823270293677,-0.0010306476854142084,-0.0010329022329416946,-0.001036015998822552,-0.0010404322899477446,-0.0010468652539304699,-0.001056109514217845,-0.0010638817368184977,-0.0009708444479272605,-0.0007728729460068057,-0.0008745379861014342,-0.000917940292477948,-0.0009358695727893436,-0.0009428023154295341,0.018803257756508,0.15876892932327658,0.0,0.045521291695556514,0.00046897505305802667,0.00046900198137370206,0.00046904717732438976,0.00046911088026484443,0.00046919280538108106,0.0004692910553336285,0.00046939964884322043,0.00046950269407336124,0.0004695598359610049,0.0004694668369752079,0.000468936085539059,0.00046707224041766447,0.00046047462562217185,0.0004312916395819578,0.00025481611527488723,0.00021446386264189742,0.00036483665053179353,0.00040698147999059783,0.0004218847431766708,0.0004272485550503437,1.0487500416611976e-07,0.0003058552407885248,1.6,-693.8177944059172,-0.01089887821419211,-0.010899217532539751,-0.01089978603149433,-0.010900584882762132,-0.01090160709745902,-0.010902822551685176,-0.010904144259086479,-0.010905349382060336,-0.010905882993078821,-0.010904328800467766,-0.01089681048435942,-0.01087133160193865,-0.0107825330066742,-0.010393186197699578,-0.008052514915313225,-0.0075324853846332465,-0.009524903604750891,-0.010082321748813072,-0.010279309304358721,-0.01035018227032092,1.8667659340340945e-07,-0.0003935040000899248,0.0,474.1519811256297,-0.00980273734157322,-0.009811319708731505,-0.009826194936394472,-0.009848302797486495,-0.009879146502701277,-0.009921040538756642,-0.009977545678374609,-0.01005425379628555,-0.010160273970692302,-0.0103112359404669,-0.01053587453152005,-0.010891890952773764,-0.011507025932614212,-0.012649050229734726,-0.012882499112485846,-0.004516379177456287,-0.005381587213850736,-0.006334159509520987,-0.006794110804459129,-0.006982563615400394,6.736149131765678e-07,-0.0008365144219749831,0.0,1500.9548352954425,-0.059846218582947586,-0.059844427858166675,-0.05984131636844836,-0.05983667381235591,-0.059830160297451584,-0.05982124483119833,-0.05980909441107229,-0.059792366741902477,-0.05976879922896216,-0.05973432573721028,-0.059680966531907124,-0.05959102874395227,-0.05941789971810608,-0.05900767278975394,-0.058030972551627265,-0.05970649189158905,-0.060298072769938926,-0.060303507709335236,-0.06027764738790964,-0.06026317740946574,1
2022-06-08 16:26:20.225446500,-0.004022721741848256,-0.006192289178920014,0.004184928895715365,-0.00029009074962881877,-0.0016518239102266165,0.0003498277993961644,0,1,0,0,0,0.0,-16.90538037620028,11.578730597136685,36.69888493788093,854.5376228430548,0.011628495675133277,-0.3744338782390781,0.12261846520855713,0.22437523119914496,-0.016642759710261957,0.008604836633392714,-0.006409501447206374,0.010893748071546484,-0.07165455009982974,0.021439889706833574,-0.01197248215176982,-0.029562848481201418,0.002947575745161609,66.54302760416668,-14.707019731430176,9.481811928752137,-3.1044275459609008,519.425775271732,0.045480934410452964,0.01931864107593436,0.10151667154714546,0.04463342006026262,-0.002657269594585064,0.013694126323837551,-0.0378868938739492,0.548630884802468,0.4251731873376812,0.3304048120617237,0.23300427200314794,0.35415593858607325,0.390181062290132,101.99906470428525,9.979714033075336,13.518869739727284,36.940743589389456,926.4900127833496,0.16423191468118606,0.4109822386751672,0.10930722416246222,0.14565705741055918,0.04562105226010153,0.028156106196741262,0.057374587959716665,0,1,0,0,0,0,1,1,0,0,0,0,0,0,0.09774838854673078,-0.9807994411717584,1.2,-0.08350047256043087,0.002031047957113459,0.002031072048666668,0.002031113409779601,0.002031173953783825,0.002031256562679159,0.0020313652839609704,0.0020315055261419393,0.0020316840458621628,0.002031907982245455,0.00203218022680288,0.0020324804099218995,0.0020326824495424754,0.0020321261384584253,0.0020265395993803643,0.001979420475042246,0.0019517884982056652,0.001994151432122499,0.002007460072160709,0.0020124109299533913,0.0020142373915612395,0.006557961366051295,0.10227819794606413,1.2,-0.321485656368997,-0.0016971246489425676,-0.0016970749710463926,-0.0016969896600698108,-0.0016968647294644257,-0.0016966941604381405,-0.001696469467787072,-0.0016961792385743505,-0.0016958090331800815,-0.0016953430858145328,-0.001694773114105463,-0.0016941354121766256,-0.0016936737340490747,-0.0016946922801624774,-0.00170571955049819,-0.001800226281377394,-0.0018569915341762019,-0.0017718459000873649,-0.0017449900111061074,-0.0017349836689777806,-0.0017312894066738949,0.0050195134464385074,0.0885728992504432,0.0,0.2113827639489432,0.0009849919463282286,0.0009849523814876512,0.00098488341135914,0.0009847799788267472,0.0009846338161468658,0.0009844318031380225,0.0009841529351952583,0.000983762486787215,0.0009832000164572317,0.0009823524409595377,0.0009809861304350322,0.0009785466625504592,0.0009734255426933724,0.0009593676181426463,0.000910637950589259,0.0009453140091133152,0.0009810843489527292,0.0009872448818191077,0.000988750414196926,0.0009891666290145504,2.985703204386056,0.9661637877892336,0.0,0.0005579068093191483,0.0003129147109502608,0.0003129191382524024,0.00031292687471198816,0.0003129385205365217,0.0003129550642356555,0.00031297808998038534,0.0003130101654939754,0.0003130556002193897,0.00031312203121233885,0.00031322405586234407,0.00031339261039281784,0.00031370340784956063,0.00031438482572927024,0.00031637549425512135,0.0003240973567037784,0.0003204100354550081,0.0003145109592221697,0.00031331744449578883,0.0003129757239793811,0.00031286777295941456,0.01866743075376431,0.1673369265745625,1.7,-0.109153807892919,-0.0010410559018886913,-0.0010411413889751724,-0.0010412896520919123,-0.0010415102250265987,-0.0010418184003516164,-0.0010422378176392943,-0.0010428050425375498,-0.0010435779163354881,-0.0010446515937429725,-0.001046191601992073,-0.0010485084482898274,-0.0010522461146081422,-0.0010589212091220543,-0.0010723954405659438,-0.0010859468247920703,-0.001003239632836746,-0.0010025791299140387,-0.0010096480063023238,-0.0010134045003323366,-0.0010149898646379068,0.038848322711342434,0.2303486195389183,0.0,0.034483480717320644,0.0005022400204206241,0.0005023178218714262,0.0005024524840488933,0.000502652185656188,0.0005029299252132807,0.0005033055336768704,0.000503809136834692,0.0005044872307992823,0.0005054137458105675,0.0005067111522530832,0.0005085925759719892,0.0005114460333385598,0.0005159513076816842,0.0005221703207866383,0.0005016914358522231,0.000423634083636974,0.0004504430407420567,0.0004641660990515955,0.00047009182852618967,0.00047242324141764247,1.1856299406318341e-07,0.0003351705115105668,1.5,-693.5717123391431,-0.011253953673147521,-0.011252808618252176,-0.011250816105409456,-0.0112478363179207,-0.011243642053052838,-0.01123787570970336,-0.011229970796904354,-0.011219003021693652,-0.011203389511390329,-0.011180227438678969,-0.011143667212795805,-0.011080263103648845,-0.010952657948671174,-0.010625153457585412,-0.009645967992810256,-0.010686960069282492,-0.011361857166882315,-0.011444184434274971,-0.011454728017891824,-0.011455063613644791,1.9622355428238484e-07,-0.00043203050649729774,0.0,474.359647102539,-0.009829379137116234,-0.00983277255514281,-0.009838661701152772,-0.009847432040118065,-0.00985970357152155,-0.009876438403516373,-0.009899132460841287,-0.009930168403840868,-0.009973502061596308,-0.010036101384240936,-0.010131271721871116,-0.01028737009016112,-0.010574482616014793,-0.011194638393583034,-0.012195872230620351,-0.008952336794004978,-0.008538957001722025,-0.008716580658942874,-0.008830287591865549,-0.00888067095318168,6.776724970361728e-07,-0.000834055858751476,0.0,1502.2784541194947,-0.060461315655146564,-0.0604638383387055,-0.060468196049413336,-0.06047463809275655,-0.06048355661758365,-0.060495540935875176,-0.060511467303406626,-0.060532647326191125,-0.06056107405586175,-0.06059981996563835,-0.06065358046571845,-0.0607286221839658,-0.06082466206959936,-0.06083371903103085,-0.05912472082755471,-0.05650548823240342,-0.05824739015031355,-0.05892440847039637,-0.05919636918898519,-0.059300262096664724,1
2022-06-08 16:26:22.975446500,-0.0051091093607401146,-0.005280028388753967,0.0036481940694588796,-0.0004572693485348421,-0.0010962741058452073,7.992848209049256e-05,0,1,0,0,0,0.0,-16.8981248807728,11.583032085528975,36.72977158811953,646.05156734093,-0.024481519207891184,-0.3538987165085343,0.14152595877918905,0.24008946311598914,-0.016525484694880528,0.00935543639539357,-0.005373062124429447,0.012638944536254821,-0.07105396511911631,0.022472218026924763,-0.012095758234605649,-0.0301247985499764,0.0027815622885193807,64.3072953125,-15.151463803101258,9.768783071899438,-1.2288048050278064,536.4010157174877,0.043732846846215014,-0.00045484511955222234,0.10489856677994852,0.050542729204123296,-0.002417854234482236,0.013819938692077371,-0.035947864984301914,0.5471765282324089,0.4251036096278434,0.3291117292646393,0.2329005501590873,0.3538208330334089,0.3899421998347362,102.36379193792948,9.62839824145507,13.426889450568805,36.836848198240716,923.639046493313,0.16439410827797338,0.4081411136586943,0.1079326056950884,0.14793405617026084,0.045498438943743565,0.0281096857217511,0.05698996956126703,0,1,0,0,0,0,1,1,0,0,0,0,0,0,0.046543189544472084,-0.4867760141596192,1.3,-0.1283343657071922,0.0020444967214651648,0.002044529951731664,0.002044587285972149,0.002044671883313318,0.0020447886788692578,0.002044945013299662,0.002045151638666149,0.0020454242913682764,0.0020457860482605288,0.0020462703173407693,0.0020469215327803144,0.0020477725838558853,0.002048644127919789,0.0020472481586177376,0.002016508975434417,0.00198130570253853,0.002011124413598746,0.002021870928207463,0.002026082257234876,0.002027673722829883,0.007924059064081486,0.1119524967823259,1.2,-0.2844056275805987,-0.0016740601890917438,-0.0016740355501386336,-0.0016739933458403374,-0.0016739317965855929,-0.0016738482819661227,-0.0016737392614754355,-0.0016736003253566382,-0.0016734267497217278,-0.00167321574055713,-0.0016729743634159649,-0.0016727481594369525,-0.001672736521574682,-0.0016738637751637774,-0.0016817267802085008,-0.0017415884165324846,-0.0017708469272376308,-0.0017177696388504026,-0.0017015637411861564,-0.0016956076989924891,-0.0016934232778754686,0.006288290141300722,0.09933167419686748,0.0,0.1894933647212676,0.0009928941633589074,0.000992882802927742,0.0009928630075342372,0.0009928333403498406,0.0009927914555603583,0.0009927336374445928,0.0009926539513720651,0.0009925426145795252,0.00099238266010334,0.0009921424802166508,0.0009917571169789242,0.0009910734311910023,0.000989650945420308,0.0009857986456009932,0.0009728021594827745,0.0009828369519590539,0.000992278811767966,0.0009938280070667495,0.0009941847804269292,0.0009942775125183429,0.3296162162067509,-126.10220953028882,1.6,-0.006290275537112416,0.00031130650184874113,0.00031130452430178546,0.0003113011169692853,0.00031129610038265366,0.00031128919660049204,0.0003112799976174703,0.00031126791758197763,0.00031125212528477597,0.0003112314644464061,0.000311204429576074,0.0003111695663241883,0.00031112831082700707,0.0003111033411753364,0.0003112900404709216,0.0003136827381613833,0.0003158269203780745,0.0003135812840389874,0.0003128162715531245,0.00031252247719004716,0.0003124124638946795,0.0284626679974714,0.20391793865133226,1.9,-0.0863771708057803,-0.0010377616787793174,-0.001037784121173572,-0.0010378231596284149,-0.0010378815095013509,-0.0010379635777388596,-0.0010380762886949557,-0.0010382305871491663,-0.001038444280495313,-0.0010387477567050931,-0.0010391964968388262,-0.0010399016689499304,-0.0010411168914647266,-0.001043539394310077,-0.0010496574097902936,-0.0010672288087904603,-0.001046707660983402,-0.0010348259650710108,-0.0010335679562832123,-0.0010334834311417108,-0.0010335201634622062,0.08024682958177283,0.31621824445357605,0.0,0.02341577357479001,0.0005055770749817903,0.0005056083505710771,0.0005056626298219755,0.0005057434684625516,0.0005058565864247784,0.0005060108614421078,0.0005062201003308988,0.0005065063012186156,0.0005069060022742149,0.0005074836005536267,0.000508362163116397,0.0005098042992562899,0.0005124604289875682,0.0005182146693216962,0.0005276517523707481,0.0004977710476940401,0.0004937867090437207,0.0004953783022121959,0.0004964108956578368,0.0004968698467307547,1.2405451703032688e-07,0.0003562433911549485,1.4,-693.3247141507687,-0.010691594983512687,-0.010684952273393831,-0.010673447922307844,-0.010656371074212244,-0.010632588782534924,-0.010600365629777286,-0.010557050612284513,-0.010498520782451948,-0.01041814985194378,-0.010304786965082968,-0.010138536199351122,-0.009881465378292377,-0.00945869457059878,-0.008782295402337327,-0.009738892895882144,-0.01630908174504242,-0.014684602463040262,-0.013695127608766457,-0.013253295673479215,-0.013077218717007177,1.8710766595002851e-07,-0.00041045026650767886,0.0,474.5670715651825,-0.010098778248320173,-0.01010077619955041,-0.01010422331336258,-0.010109309398487198,-0.010116330947859352,-0.010125728934152534,-0.010138149192759016,-0.010154536853052676,-0.010176277842470329,-0.010205378825414613,-0.010244511116756172,-0.010295667467380198,-0.010348182259052765,-0.010265309720772107,-0.008423858162906583,-0.0063011939672446005,-0.00808841305044794,-0.008734596017843543,-0.008988290853700677,-0.009084241771017298,6.813369296888779e-07,-0.0008295307711733762,0.0,1503.6014544249774,-0.061692436763962626,-0.06169163115569633,-0.06169017166010349,-0.06168785417708024,-0.06168432373725353,-0.06167897154404045,-0.061670730372732414,-0.06165764723913725,-0.06163592456724841,-0.06159755708988258,-0.06152374645120062,-0.0613632388758063,-0.06094227374176597,-0.059440258933435075,-0.051865444203059496,-0.05200984705015799,-0.05822909819289635,-0.059817737350662974,-0.0603530899391096,-0.06054079906116794,1
2022-06-08 16:26:25.725446500,-0.006199204990172357,-0.004392661341334771,0.003102101661071588,-0.0006242095554565061,-0.0005447397401521516,-0.00018796165097196521,0,1,0,0,0,0.0,-16.888198249152516,11.587332826323607,36.76348818741052,437.56551183880487,-0.060600000097782214,-0.3333809204705975,0.16041324385557051,0.25583179339952034,-0.016415298383767284,0.010101716365395535,-0.004330150923230654,0.012919604639807816,-0.0703741808004391,0.02189130752958746,-0.013008425143985808,-0.0292124027093772,0.003609190469160196,62.1311859375,-15.559453776687697,10.11500469020199,0.6343877576192812,548.5989836666216,0.04082460354477282,-0.019704892718547317,0.10823677746141726,0.05654562548876186,-0.0022281765862239207,0.013896224738830957,-0.03385846466297422,0.5459316807948636,0.4248579026181463,0.3279770757543584,0.2324934740273012,0.35374374674928233,0.38964461930111016,102.6977633435546,9.30949182327349,13.267946757654734,36.65354772035398,920.019987305882,0.16479746055736924,0.4039922730084656,0.1070549064758656,0.15050494608015885,0.0453834679710895,0.028065078162422204,0.05640967499668621,0,1,0,0,0,0,1,1,0,0,0,0,0,0,0.02734275942170406,-0.3228176227998427,2.0,-0.17317287188234906,0.0020532881369417252,0.002053194772035725,0.0020530322132019697,0.002052788887403744,0.00205244595099293,0.002051973665278941,0.0020513247565380954,0.002050421758585723,0.0020491313020965293,0.002047207201302469,0.0020441493379228792,0.002038796310052994,0.0020278762128817227,0.0019992326883987864,0.001909053501265365,0.001992923092554357,0.0020565104142422448,0.0020655522090274373,0.002067235119339993,0.0020675591329673898,0.01016833153464726,0.12550669312344995,1.7,-0.24734601271960985,-0.0016714942130987148,-0.001671753449813542,-0.0016722036999789155,-0.0016728750613056525,-0.0016738160978372225,-0.0016751025038444654,-0.0016768526644344636,-0.001679256590542342,-0.0016826329249027402,-0.0016875504486680989,-0.001695115248344137,-0.001707748224896318,-0.001731699978249319,-0.0017868072767100128,-0.0019051959710057649,-0.0016613560468473605,-0.0015947809745030508,-0.0015989509234498045,-0.0016043761666165546,-0.0016070636112886945,0.007932043766357087,0.11204290325898192,0.0,0.1675911377687321,0.0009879510499416141,0.000987914052884644,0.0009878501470807679,0.0009877556823588863,0.0009876249188060272,0.000987449234322155,0.0009872158165378396,0.0009869055047256985,0.0009864892225967213,0.0009859222451960902,0.000985136509515799,0.0009840422394030198,0.0009826501501240814,0.000982568085252892,0.001007788523516173,0.0010460578217507443,0.0010204457406269138,0.0010105174343422573,0.001006529713793257,0.0010050059535305187,0.09424402909677304,-0.9457039244643688,1.5,-0.013137282897630564,0.00031087669851966493,0.0003108787876088242,0.00031088242569082846,0.000310887873087359,0.0003108955539812715,0.00031090613850078865,0.00031092069334867785,0.00031094096954084187,0.00031096998840851207,0.00031101334301429417,0.00031108243844544934,0.0003112038966620507,0.0003114532705818005,0.00031211455932389124,0.0003142463222309109,0.0003123737586967391,0.00031085460683483347,0.00031062829892371946,0.00031058297880740736,0.00031057313387486033,0.04882380257293866,0.2578994226381399,1.7,-0.06360262598927384,-0.0010365831115587854,-0.0010366140039689328,-0.0010366676125468717,-0.0010367474390734518,-0.0010368591142293198,-0.0010370113718570976,-0.0010372177838086504,-0.0010374999503486057,-0.0010378936971815386,-0.0010384620429846065,-0.0010393250922830163,-0.0010407380834077293,-0.001043328756399928,-0.001048885547408989,-0.0010575174145075275,-0.0010279464905355994,-0.0010245870654780618,-0.0010263118441016144,-0.001027384131412331,-0.0010278559809656933,0.240065012405265,0.4719897666794094,0.0,0.012343973609492891,0.0005048329624232884,0.0005048532849058619,0.000504888556240345,0.0005049410893930309,0.0005050146057127136,0.0005051148822705931,0.0005052509063333156,0.000505437002705555,0.0005056969766198145,0.000506072812745241,0.0005066448237203835,0.0005075846326953663,0.0005093183510961448,0.000513087462703071,0.0005193845049620334,0.0004999864413406047,0.0004972586543492039,0.0004982552837269384,0.0004989132099162325,0.0004992067928838711,1.5015609128375095e-07,0.0003992901953817625,1.2,-693.0757116256464,-0.008125950297269924,-0.008117051870108583,-0.008101754795788452,-0.008079315941131426,-0.00804860407065888,-0.008008002916234602,-0.007955289112640429,-0.007887528467573901,-0.00780117641051703,-0.007693112520996692,-0.007565595979082573,-0.007448966148512427,-0.007521335253491301,-0.008963604236257083,-0.02190348583064861,-0.030167230200493837,-0.01882669488995603,-0.01524446914929456,-0.013889074316949744,-0.013381324704306865,2.0238670536787447e-07,-0.0003950683023110124,0.0,474.7738521684026,-0.011009179915909328,-0.011001035172341744,-0.010986847565945368,-0.010965595357149029,-0.0109356125205764,-0.010894264678871224,-0.010837353777784386,-0.010757979297128628,-0.010644214722615786,-0.010473933331336838,-0.010201867797375641,-0.009721746132048459,-0.008728382570460269,-0.0060424098031486295,0.0031804409858455784,-0.0034810973731111967,-0.010343893865385922,-0.011552576949593885,-0.011851641854007331,-0.011934213149134454,6.96417713604599e-07,-0.0008416738915247568,0.0,1504.9248009626306,-0.06256603484087009,-0.06252735346220106,-0.06246015554799556,-0.06235992361104081,-0.06221936437293608,-0.062027102003909824,-0.061765329724970286,-0.061405440134997484,-0.06089941017234679,-0.06016142018708592,-0.059024328831689836,-0.057121258722013124,-0.053497329532831366,-0.04503394648586578,-0.025080521728810368,-0.059116880248687664,-0.0715292793947171,-0.07189232639312948,-0.07147901428049153,-0.0712259187885449,1
2022-06-08 16:26:28.475446500,-0.0073600902391104265,-0.003658295455120242,0.002545456840604276,-0.0007891531960330058,-7.700126713216531e-06,-0.00044870809482365644,0,1,0,0,0,0.0,-16.84191681178157,11.609354384846034,36.86179314104466,229.07945633667987,-0.09697457651589994,-0.3133646798383253,0.17900406446935715,0.27200642629404514,-0.01640404574129837,0.010771798059349587,-0.003129421322524856,0.014351783587449485,-0.07041741869113885,0.02210115747763053,-0.012237183231667928,-0.029379975787294996,0.00338079265355311,59.923825,-15.943903472983141,10.469617968253317,2.4843806329185742,556.018364864039,0.03702921518718765,-0.038335193320853465,0.11175769144323904,0.06287610906982342,-0.0021271968703451658,0.01397155365121585,-0.031702408831103444,0.5445888478978805,0.4245412342811252,0.3271391704331762,0.2324202616535965,0.35340321925613355,0.3892454796202383,102.97333697461954,9.001990941109721,13.091230260272742,36.3927379758391,916.9051278033876,0.1656396993794528,0.3987240123215847,0.10652016998132713,0.153261774666591,0.04531465280023322,0.028039883227251386,0.05570897716042214,0,1,0,0,0,0,1,1,0,0,0,0,0,0,0.0181258775194436,-0.24451729162392,1.7,-0.21804027024070052,0.0020330550346005297,0.0020324304292713216,0.002031347096873269,0.0020297352844743763,0.002027483112417572,0.00202441766003973,0.0020202715335143877,0.002014621988271212,0.002006774220171372,0.0019955213999234213,0.0019786047058649526,0.001951351848987783,0.0019027648926598934,0.0018043151987766372,0.0016909214525330455,0.0022625906052682987,0.002287749590664445,0.00224626177495107,0.0022231402014822946,0.0022131968381434025,0.013892901032733378,0.13868213316471836,1.6,-0.2103656529146631,-0.0017483485706175914,-0.0017493965712062909,-0.0017512120435516194,-0.001753907985741602,-0.001757664694982862,-0.0017627587909313375,-0.0017696137753763425,-0.00177889032218198,-0.0017916548963907255,-0.001809714023843079,-0.0018363264944413977,-0.0018778394715333066,-0.0019474986179997614,-0.002067582495404956,-0.002009740748844866,-0.0010111560494181417,-0.0011786481946647039,-0.0013074359376558616,-0.0013674438069488793,-0.0013918003284813206,0.010264635578325094,0.12790103707997189,0.0,0.14567418739366975,0.0009683223664107252,0.0009683757073283924,0.0009684693971852512,0.0009686115428629883,0.0009688156594202627,0.0009691037477563703,0.00096951214359143,0.0009701031509789024,0.0009709898273227252,0.0009723938331189047,0.0009747976524587064,0.0009794154615820633,0.0009900227230291109,0.0010227923852326774,0.0011624353900477878,0.0011254459508229747,0.0010157019888886337,0.0009901754656909585,0.00098194354561599,0.0009791278921414835,0.04501295500505758,-0.4736201327933064,1.5,-0.019983066016215124,0.00031167398866912025,0.0003116888649989653,0.00031171465808090123,0.0003117530132810736,0.00031180656638807314,0.0003118793842810507,0.00031197774153970265,0.0003121115290497406,0.00031229694002411117,0.00031256194973501816,0.00031295848941669864,0.00031359239729556967,0.0003147044469471482,0.00031684574009453585,0.0003180227522711892,0.0003035011728866116,0.0003044099103855795,0.00030590848926638953,0.0003066505289323447,0.0003069566869316811,0.10608630378161088,0.3504204310431464,1.6,-0.04083880112487435,-0.001046135115942053,-0.0010462068609223977,-0.0010463309166775158,-0.0010465145984671024,-0.0010467694742648838,-0.001047113064402493,-0.0010475717130310278,-0.0010481854961030199,-0.0010490168135840383,-0.001050165759073244,-0.0010517972125802977,-0.0010541788085324647,-0.0010576191858083484,-0.001060613808784855,-0.0010269624324006498,-0.0009539033190375213,-0.000990898521847624,-0.0010067940818361298,-0.00101337071918979,-0.001015914867735384,2.820954376896295,0.9241652164604676,0.0,0.0012773477630517427,0.0005092707982763178,0.0005093040647084131,0.0005093615637832144,0.0005094466459784546,0.0005095645987155856,0.0005097234061591633,0.0005099350226660436,0.0005102175236910673,0.0005105988018006203,0.0005111229653678422,0.0005118608271255956,0.000512920552669801,0.0005143895636806127,0.0005152991363930168,0.0004971262096642845,0.0004630150597152958,0.00048230247496001467,0.0004902479462887054,0.0004934984738320393,0.0004947501481659379,1.299070892914418e-06,0.0008725304158767285,0.1,-692.7986697998754,0.022404121227282303,0.0221865359367186,0.02181015624346116,0.021252500191934587,0.020477876418176773,0.019431892163538574,0.0180319638361901,0.016150510348968083,0.01358376542269468,0.009989966485061784,0.004755531801794889,-0.0033319082634388764,-0.017036142648091612,-0.044306705102773236,-0.10853073800077696,-0.07985605524949335,-0.050430920973253635,-0.044000025695691385,-0.04108083302114096,-0.03978911760520098,8.09350482929733e-07,-0.0007065038791819957,0.0,474.9906224108751,-0.0019325361609503489,-0.0019220985440568934,-0.0019035838231786786,-0.0018750805512866011,-0.0018333643907162407,-0.0017731157277651734,-0.0016854316483296827,-0.0015548772491520426,-0.0013532707581660475,-0.0010254842699666256,-0.00045346945970159435,0.000647836162775306,0.003085179129296733,0.009518689552452386,0.01983698646492726,-0.03825017131342001,-0.04642903329888348,-0.04320371951201274,-0.04071476478196523,-0.03950847867411178,1.4289039736936119e-06,-0.0012180873364502677,0.0,1506.285744285853,-0.025847131932778208,-0.02578372691880304,-0.02567375405584471,-0.02551013228770671,-0.025281509675636468,-0.02497035438513251,-0.024549587815251076,-0.023976471205749302,-0.023180926197589716,-0.02204161529078874,-0.020332355758796442,-0.017588137195886592,-0.012739546121359524,-0.003680888503943436,-0.02028983638676607,-0.1923106972952624,-0.1904141323186792,-0.17744946074678225,-0.1696334942740414,-0.1660146674808365,1
2022-06-08 16:26:31.225446500,-0.009400627888574046,-0.0038822436504553923,0.0020939248503383254,-0.0009479841000551165,0.0005096715906098133,-0.0007015115350750657,0,1,0,0,0,0.0,-16.798996025315493,11.795145081922279,36.18662574294842,20.593400834554814,-0.13289818532312886,-0.28728245827190674,0.1963335776203277,0.2827120309975222,-0.01606520363416184,0.011577236625891649,-0.003019927894732589,0.015180446642201103,-0.06989841402877592,0.02128281771819144,-0.01203895488263748,-0.02906371917006223,0.003430420778365166,57.67831979166667,-16.289105750178102,10.745110410447175,4.35344400665703,558.6602236053992,0.032741987845834014,-0.056359770433189724,0.11561135792483952,0.07029818214350803,-0.0021176897736655148,0.014037220594574065,-0.029618873673403392,0.5429130507291197,0.4239303677403156,0.3256133439576753,0.23223746890435615,0.3533105127091034,0.3888495046371534,103.18715316248955,8.745431505839068,12.984814804901696,35.985166147569046,915.5064967475528,0.1671125786258828,0.39221776847735856,0.10626981609859397,0.155552061476151,0.04525204557441437,0.028002364126912743,0.055005539875116284,0,1,0,0,0,0,1,1,0,0,0,0,0,0,0.01482707795161671,-0.2305671148146868,1.6,-0.2634531966631397,0.001467585970153975,0.0014673252710357169,0.0014668786824120169,0.001466227263253142,0.0014653429605862994,0.001464187425057023,0.001462711653859576,0.001460859428696202,0.0014585839653693498,0.0014559092177055895,0.0014531519332628851,0.001451812411955382,0.0014591281681431431,0.0015264571158817887,0.0023546952749072146,0.00418691991657525,0.003734933052049515,0.0034892436053516537,0.003366490684265973,0.003312898172847938,0.027201631584615683,0.11924975268965575,1.6,-0.1740415460206905,-0.0024807739301137307,-0.002480521071599897,-0.002480066270995982,-0.002479351852038748,-0.002478279022132027,-0.002476681714908365,-0.0024742760287813394,-0.0024705580923297657,-0.0024645837069385296,-0.0024544491619524645,-0.0024359141243050914,-0.00239807978429501,-0.0023057754621261628,-0.00198821764430578,-3.719380928495289e-05,0.0017266968134086805,0.00025485762982606743,-0.00031220942773140144,-0.0005626778437769238,-0.0006648248238286706,0.014318164667904825,0.1415483070479954,0.0,0.12378028895322335,0.0009721175602124595,0.0009733966112311834,0.0009756076234913244,0.0009788801351888268,0.000983419414506392,0.000989537559686485,0.0009977071924091917,0.0010086565972624783,0.0010235468101271734,0.0010443253634182636,0.0010745048701534424,0.001121125154135027,0.0012007490017911392,0.0013622912125133644,0.0016697260188941851,0.000929402641357466,0.0006776916533040559,0.0006470972639253869,0.0006420724052737472,0.00064165492898725,0.026641584275344188,-0.3132321052890064,1.4,-0.02682512716563236,0.00031619668309496377,0.00031623481161602117,0.00031630074661289503,0.0003163983834409056,0.00031653387516320013,0.00031671652241785104,0.0003169602614407497,0.0003172861647604151,0.00031772669429616044,0.00031833291021493657,0.00031918570763824703,0.00032040457125549104,0.00032206960919872805,0.0003230707511247693,0.000304589847562022,0.0002727078874519937,0.000291288273121376,0.0002983267721918082,0.00030111323513343566,0.00030218047189342547,0.4159033251717722,0.5489047486555352,1.5,-0.0180963761802738,-0.0010770369752912971,-0.001076996113665308,-0.00107692347527322,-0.0010768112584109801,-0.0010766461720992137,-0.0010764059826338644,-0.0010760527810233355,-0.0010755192087780216,-0.0010746782124279905,-0.0010732701615959283,-0.0010707045108652512,-0.0010654238714516405,-0.001052334358283002,-0.0010083283313552988,-0.0008006216658533777,-0.0008227438214768889,-0.0009899659029062508,-0.0010313863662230118,-0.0010452113907302703,-0.0010500399341140279,0.3511550714021922,36.50583364533076,0.1,-0.009778867043614208,0.0005240912252724328,0.0005240502681564884,0.0005239783738338621,0.0005238693984214018,0.0005237131133011661,0.0005234928961056286,0.0005231813490205468,0.0005227315963337578,0.0005220587663799418,0.0005209967978057533,0.0005191847437165425,0.0005157143353109703,0.0005077538384937278,0.0004830840896975137,0.0003767242140368501,0.0004031310356622709,0.0004875969985078801,0.0005074575889185089,0.0005138636246494029,0.0005160489602278974,0.00018314765260761843,0.0005149230352376491,0.7,-694.8144901281802,-1.113434203355581,0.5324289398645163,0.45192093897006197,-0.4610958197218764,-0.08821879531186028,1.143227317587744,1.261483547084687,0.2918380991889613,-0.059773855700274936,0.4629401589828994,0.5315576791706906,-0.15369804902450035,-0.5539827065496823,-0.4050262306909573,-0.3807725679013494,-0.16020541149872616,-0.12013002921673,-0.10489515877813103,-0.09549735300957174,-0.091087823658218,7.370381040123075e-05,-0.0038561191692290655,0.0,475.4868764412963,0.2710349578102935,0.14282523925597698,-0.09677324093593144,-0.18166626137031014,0.03269533870924235,0.2861523390572032,0.3227987455204442,0.2726008437519116,0.3001245311998009,0.22170964128832613,-0.11951213841508412,-0.4195433915997535,-0.3270944582771431,-0.029074643620033317,0.020489329876298257,-0.2181587058558208,-0.214832605515392,-0.20311152556257284,-0.19645575693024675,-0.19344518538504407,0.00011298720151338457,0.003327170961327256,0.0,1502.213393871722,-3.235160715537233,0.4057860280984755,1.1971198167124442,-0.4684808537179066,-1.2153138803378738,-0.2496686444059861,0.4954765129151753,0.3973601781360117,0.6318972065119155,1.2237572146345457,0.924742724602254,-0.09642509224445917,-0.30249001428745004,0.4533550633407444,0.6313564961921756,0.12088577890043695,0.13882308883375316,0.1467488313003784,0.15054631483029013,0.15220140445165864,1
2022-06-08 16:26:33.975446500,-0.000310221804902172,-0.006306800410011252,0.0008852767605960219,-0.0009193109375061931,0.0011115470779809137,-0.0010883381555429103,0,1,0,0,0,0.0,-17.131375071705364,11.606395063564591,36.159600068061415,2844.8317938406553,0.3565921662192955,-0.5689782602026817,-0.05700633864241859,0.0718757023100992,-0.016638116518834366,0.001446538207636855,-0.016641970723990623,0.015153115524707878,-0.0690568599740258,0.020755132041506016,-0.012951599668513001,-0.029565148975262936,0.0035533123184126533,55.46796979166666,-16.70583698496252,11.095464062853734,6.2011808230855365,630.8863387665748,0.04021502185731754,-0.08150315662682535,0.11353418455130597,0.07168685959923836,-0.0019110434041786227,0.013849115574237276,-0.027919227854894032,0.5411284702334179,0.4236273595757489,0.3244171673571751,0.2317792702897467,0.35228882533254385,0.3883573734883127,103.364632000697,8.332764902638493,12.790611141257203,35.50197183401661,1005.1005245424767,0.17881247650375925,0.3915191355616259,0.11028551156966608,0.15560960517721173,0.04512294111695105,0.02802363079868776,0.05418008804105237,0,1,0,0,0,0,1,1,0,0,0,0,0,0,0.4550407049246946,0.25350403489450624,0.1,-0.2064567645565532,0.06523672164061171,-0.0015540775211848393,-0.024740195297428557,-0.004837146531304515,0.006840102291096693,-0.005244476245421327,-0.013194012185658452,-0.006203891876438937,-0.00287725809787582,-0.00815267925529182,-0.005830610492872771,0.0049746261699822785,0.006235914981462686,-0.003627865444338045,-0.004959415920264599,-0.0017023376711399595,-0.0025523554247761557,-0.0026468774033841444,-0.002669460929719905,-0.0026760731706033268,0.2689423157544876,-0.02476047540403551,1.6,-0.1355389848556575,-0.0065608034395547256,-0.012632860999616816,-0.006923625859318251,0.002590100857402135,0.002552815373865633,-0.002908508135663951,-0.0029529945212943545,-0.0011242714984078476,-0.006141459941872726,-0.012347310563408235,-0.00942600155500736,-0.0025870453142693857,-0.002753551645781868,-0.004391597893102502,0.006741770223111036,0.00836901424302787,0.005031538027560521,0.00404112349239124,0.003587373384710121,0.0033982168621140467,0.3831510335768927,0.26308951174785794,0.0,0.08405897884695182,-0.008202407332898095,0.006712463751393248,0.010385933233380662,0.001993366278897781,-0.005042334776835482,-0.0031935024177212547,0.0025829791109983685,0.006146705702396691,0.007209692072058098,0.006340544049907703,0.002197253524263497,-0.003518987757268692,-0.0052948234492770615,-0.0012834791162238295,0.002920129960075111,0.0014379045767201164,0.0016760600685935905,0.0018687141928830247,0.001968040759879502,0.0020112010129772176,0.021362326103800688,-0.17470634290436438,0.1,-0.03354757106444845,0.0004402054548808695,0.0004398654015532142,0.00043927494994958684,0.0004383949450706302,0.0004371623484427481,0.00043547923340751365,0.0004331931922453608,0.00043006134605008597,0.0004256806361244733,0.00041934275399081034,0.00040970282078063835,0.00039392579777217356,0.0003651043106656977,0.00030238195423658797,0.00013040127345140558,6.10468385279047e-05,6.410846581792666e-05,4.384531617491864e-05,3.1577067173797584e-05,2.615005017044634e-05,2.1867518174871727,1.3642344237014818,0.0,0.004644460969993912,-0.001109073703438363,-0.001107535787245527,-0.0011048701768255793,-0.001100908358705833,-0.0010953806864456071,-0.001087871710166674,-0.0010777415182350182,-0.0010639830472396444,-0.0010449492847990284,-0.0010177921970651897,-0.0009771900607876609,-0.000912049323350784,-0.0007952164023189449,-0.0005435009731869084,-4.790644894895772e-06,-0.001002140698785278,-0.0013762617096492852,-0.0014161697587576384,-0.0014220680621433806,-0.001422670832042215,0.10644007374655193,-1.0590493853987375,1.8,-0.020893208216821425,0.00048062961487022266,0.0004800387023206217,0.0004790143605628722,0.0004774915842833006,0.00047536627137953203,0.00047247783533612716,0.0004685784880191436,0.00046327725142480497,0.00045593216557563966,0.00044542622487443116,0.0004296506372406216,0.0004041297002143738,0.00035755545632070026,0.0002537568216697528,3.922195670625706e-05,0.000619545016716296,0.0008112906827636812,0.0008258203850268523,0.0008227223536398946,0.0008195906040378226,0.00032232480420573903,-0.003783178702856325,0.7,-698.8962900345633,-0.2943632259097768,0.5820460327989139,1.7151195903247398,-0.6750145086571422,0.3652712806696528,-0.9535591743165952,1.8484012878957827,-0.521323468354133,-0.17664146587457452,0.1554841651439922,0.8362512505511609,-1.3740423453009178,0.12306044332397548,0.23659827501297315,-0.03844275579824341,0.2900450192096216,0.2349255536321433,0.22399277303554044,0.2182462300100978,0.21572275566653154,0.00030076780521722364,-0.0007938119169462228,0.0,475.47588489065697,-0.14917550918104894,0.457823196454072,1.0016786765296146,0.21121106754237215,-0.28849613201851554,-1.1297127794963124,-0.4240326962356029,-0.5286595193191026,-0.6296194110413129,0.7538951853866749,0.6791410552568724,-0.3547724126074652,0.023604286223699592,0.09507434518522828,0.4430425517290928,-0.10032024230052804,-0.06717174211380161,-0.06307739565745862,-0.06291372137180673,-0.06311588507802135,6.727812937310719e-05,0.0039374131760881136,0.0,1497.1606409099634,0.5491717503884104,-0.18685074494982248,0.7900455451428172,-1.5583629314479452,0.9889737320302884,0.4015142777677312,0.4902772751979682,0.5534878097783249,-0.3225058187895797,-0.6332947158635776,1.035177871134092,-0.8321873668462985,0.546064382711549,0.1218927289585423,1.1679132098326974,0.3413360562125618,0.3447346557123936,0.32276482230437864,0.3102728880987797,0.3046914426919329,1
2022-06-08 16:26:36.725446500,-0.0005851051351086062,0.001000034772410274,-0.002609288636004015,-0.0013083113944882792,0.0037941617754086217,-0.0017470767358893804,0,1,0,0,0,0.0,-16.997301072756052,11.858676431416646,36.398481577751156,871.7712347084884,0.013718679399683149,-0.3745732230124833,0.12067000068774765,0.2193655387568972,-0.01581530200213993,0.008863329193044505,-0.006605868495178821,0.015992918090402326,-0.06842865628197968,0.022186272519067428,-0.01212075893796542,-0.02999587732083293,0.003517554289321887,53.296465625,-17.13673810748107,11.447186507278385,8.051107693214847,688.7483626524838,0.045223142247188056,-0.10525960768099757,0.1128968619789545,0.0740723615176361,-0.0017732946335649255,0.013744540216975751,-0.026014668788639096,0.5395055774836752,0.4233406557876907,0.3216476771353134,0.23150206681395225,0.3515879952756926,0.3880531394601637,103.51172776130178,7.840360683142254,12.585191164981953,34.91142401863349,1058.132241195744,0.18613642468637712,0.38752993317417067,0.11247998984742366,0.1558521132998384,0.04501272015910144,0.02804556521479624,0.05313023855910256,0,1,0,0,0,0,1,1,0,0,0,0,0,0,0.3997731468833149,0.3046643153166249,0.6,-0.1437660810924795,-0.01257388825240796,0.004252971252515508,-0.014802089210981832,-0.00989548520878706,-0.010209003385405369,0.014484797287139431,-0.005271200899139695,-0.003600500011229606,-0.002226084328166168,0.007996087746920576,0.003039773007702415,0.010695264989683286,-0.014443823415889775,0.00028721963386641423,-0.006234813322821825,-0.0050987017715993215,-0.005229534090413196,-0.0050967818141754865,-0.005066338946149557,-0.005060312030501897,0.7714693364316492,0.3305059195146031,0.9,-0.10595293219417888,-0.013619142609448671,0.0012935234750301994,-0.01605118457586073,0.00962628793183043,0.0015440713282548887,0.0019547956758423093,-0.001202881997538444,0.010449708446408962,0.018775245293892632,0.012399380479641169,-0.011118038324317295,0.006493743347077289,-0.004716593829999594,-0.026696349665052015,-0.0043585760252786414,-0.0018046226726580056,-0.003088834297033829,-0.0032777581624686327,-0.003356437508965527,-0.003387099865996427,1.1825856779094104,0.637326321987097,0.0,0.043778165834511114,0.007300980843031714,-0.0034957982284738627,0.004579971290853422,-0.007734013153825558,-0.0012245868663361384,-0.001852913271755295,-0.00925586217673972,0.003884172592672187,0.003310405366909599,0.010490565928205842,0.004243718193822255,-0.0038505713376961468,0.01724156611690426,0.005819022056857151,0.004461738472035667,0.0002281935772195981,0.0009165541854887256,0.0010911680715870854,0.0011566193469725698,0.0011808823478027116,0.3827929255645435,-0.1528756325724465,0.1,-0.03174112865913942,0.0057305460852146725,0.0004796204444899497,-0.0008200710164679662,-0.00035492829790707364,-0.0016353860862122224,-0.0028588854566200827,-0.0024328299230308523,-0.00213205816438269,-0.0017750105914329719,0.00047002588000768077,0.0023808946359334306,0.0009347642791940726,-0.0012219098461800663,-0.0006469117003883862,0.0005391940494756531,0.0010861497157198382,0.0010596888324248613,0.0010228362863782686,0.001008841578846046,0.0010035233503939112,2.3017035658516507,-258.2021173097094,0.4,0.01397116759908192,-0.010206538330930815,0.0008682866057905327,0.01261314552358303,0.01772718175895337,0.013822436686419942,0.004864305099334813,-0.004184863212823131,-0.010792406921261495,-0.013262727484593898,-0.0108220443078595,-0.005976567704750075,-0.0024449152942806773,-0.0005162167744903191,0.001821471950727388,0.003199138209162012,-0.0014665316631463509,-0.0021039902647123827,-0.0022620442815011227,-0.0023376657198350462,-0.0023693760203713165,2.10871317846122,-0.8224940968083824,0.9,-0.019874306841281882,0.006194176808595188,-0.0058050026389064495,-0.011924414464435491,-0.010277072818416916,-0.0062598774120741435,-0.0017914743501458203,0.004712320829066665,0.010861545590400404,0.011627162546611386,0.0074824507679190485,0.00391048983866231,0.0028638544526430705,0.0012147091662624056,-0.002167333712674864,-0.003796167694719415,-0.0011194125229618602,-0.0005975710567848265,-0.00044291556737372775,-0.0003736526753680972,-0.0003453645086678141,0.0004972429968244186,-0.001750975135522738,0.1,-701.6746081964426,2.8710800725436765,0.06987939092873319,1.228374155389254,-1.279303707555307,-0.5838901321172401,0.5264768693582624,1.375099068505623,-1.139508475224062,0.4348669875663944,-0.2905290379308667,1.5060718684916168,0.3038918716027652,0.6256880207216486,-0.26641985415287195,-0.6520288642414229,-0.11541929735348333,-0.07800193167613045,-0.057549758888562515,-0.04727916747748573,-0.042858810753045866,0.0005437358428175281,-0.004653715712705119,0.0,475.7861494631317,0.3922461812286216,0.037278819996522834,1.4741209201965546,0.006707877370040194,-0.981200714801428,1.1075276808584498,0.03982475831299581,-0.09609577631226962,0.3029698947996504,-1.93405967727983,0.7270022789466601,-0.11493615543090208,-0.3056255978570608,-0.6056552699841902,0.36218780980201615,-0.2108196141834977,-0.118208951353882,-0.10671119921434348,-0.1026912937657567,-0.1013074870129147,0.00018438531948154817,0.0030825879643189913,0.0,1491.9149058358764,3.5836440959332383,1.1306199125666012,0.006517116799017232,-2.0780149882162253,1.0830030140232196,1.1078350245271764,1.0707131329606057,0.3106770488599153,-0.2292931678150296,-0.6156175744255492,1.6971758009568347,0.8956160369639008,-0.3457252835074129,-1.3994185715188223,0.6946056227412498,0.16590547080715368,0.2074729368680579,0.2208248786139464,0.22797038768786135,0.23116044996480944,1
2022-06-08 16:26:39.475446500,0.011330599379198208,0.0041701902240456465,-0.0005072271879749333,-3.2243111953725664e-05,-0.003395877127832338,0.0024446174478068143,0,1,0,0,0,0.0,-17.19260708101223,11.490693648185964,36.24002568787327,1986.844728451308,0.2089296637995723,-0.4839354671750419,0.021888073881490246,0.13667650963828412,-0.01654242597147217,0.005508872313212284,-0.01291022164342709,0.009611667725067205,-0.06310333784945985,0.022652971980765532,-0.009693685260854705,-0.019041604886714858,-0.00796276774523514,51.77890625,-17.064628777694143,11.119404556703556,9.118142848904558,721.1782168346384,0.050287095576302135,-0.11677373275245315,0.11117617279466968,0.07998062616725816,-0.0015172258290388695,0.012865243507887404,-0.025092526684563948,0.5191206502081193,0.4122610653243381,0.31508030423824424,0.22264448364996867,0.3252790799895571,0.3590805154277396,103.66613965045559,7.481034734135909,12.169916615495806,34.76084414380942,1078.1942726057969,0.18729756534749886,0.3869281837074648,0.11208491071527324,0.15542669616336416,0.04321971299884431,0.02623344051142784,0.052495177687654056,0,1,0,0,0,0,1,1,0,0,0,0,0,0,2.0087455418807165,1.2821798980164099,0.3,0.0018151323723183531,-0.003766429546441203,0.01868499657007406,0.03464305723155507,-0.006396983386418332,-0.02690877333507554,-0.059987944629177926,-0.00998438971789732,-0.0027280245617774157,-0.016790634928975968,-0.022935735369950826,0.009592597035844991,0.0013619932393363619,0.011354733324820879,-0.007992164137037306,-0.015855465455268808,-0.015779094648334463,-0.011914596868739778,-0.010887509404757231,-0.0104463598828644,-0.010270389351193673,2.106860995228763,0.9375670464366748,0.1,-0.0435680211206735,0.033491025815314,0.021134249879637603,0.0010063319459507332,0.005843161571137605,-0.03275321769932352,-0.028938446817502607,-0.010672444237208662,0.008509486889191325,-0.03264083243006456,0.008029348094701797,0.006680083061636678,0.01292496329466908,0.004733163543129928,0.0004789774188092012,-0.008088079563309494,-0.007575663017026258,-0.005356144303828825,-0.004841042961237134,-0.004599981725084249,-0.004498802811328435,2.489629291163338,0.6112284460203223,0.1,0.011686026055155702,0.015965286711303022,0.009069811184339676,-0.0032539140460564712,-0.01523268385334381,0.008470414951658971,0.010930050756918571,-0.007227355244202191,0.01307787716661193,0.002285923163965785,-0.008170522702709026,0.006660912433724346,0.00803207078017005,-0.01774538573167989,0.008065723798323592,0.0059885003779648685,0.0005079296563271617,0.001579720984086382,0.0017429452466093988,0.0017914373177501481,0.0018064760048389235,0.9783192253323496,0.2791881254639533,0.9,-0.02412275781666104,0.0029462957146147947,0.0005551534435580489,-0.0012192623504472895,-0.0014133540864087596,9.79109128685582e-05,-0.00012414226453685492,-0.007015456066608278,0.0009928251539425162,0.009962688517587769,-0.0005671866447651981,-0.003427260447109861,-0.005867946202081717,0.0015594482922406375,-0.0006619146917569013,-0.0004989570128430997,0.0002890584628885437,-0.0001885325412597292,-0.0002716516648486862,-0.0002987509745868181,-0.000308349937354466,1.8223079802223563,-373.7250688816985,0.4,-0.01046505729361986,-0.02794414705331865,-0.020820321806612245,0.006190682567000928,0.03728040215062557,-0.009584849362371145,0.0031993791910978693,0.0073633126631135705,-0.014393915227097409,0.007159885983158981,0.003868785941416251,0.0019209021414419102,0.008589420625582784,-0.003933236780285039,-0.004407904018625689,0.0086251298931907,0.0011497524068561182,0.0015000327634929005,0.0015280551526261454,0.0015349655071393653,0.0015367943847484431,2.032455881979898,2.2996362241461643,0.2,-0.003124263717228536,0.01110765863956413,0.01908432405801573,-0.0029320510016876177,-0.01608124977939621,0.0028738030022164717,-0.007003339165738367,-0.0014963611905098619,0.012480204028447708,-0.015863296679496413,-0.004549041594960938,0.004494280814443254,-0.0014886177906594535,-0.0006597119269585273,0.003697680088087265,-0.006019497059128014,-0.0017385670486605555,-0.0015775135266029405,-0.0015363248467911096,-0.0015199668407547833,-0.0015134720508974233,0.0004590650950577922,0.000351075826572024,0.2,-704.1090246182064,0.8977831316184393,1.6299258257318172,0.7166589486807808,-1.4768373079744208,0.25395995323317777,0.7815981035960036,0.624890184002723,-1.1927653323393912,-1.289696086098559,-0.5252417568158876,1.5667408295524972,1.3685279799569228,-0.8173555573966897,0.6522039145123202,-0.7023158614526857,-0.18745171770281388,-0.09874973105399044,-0.07558936288833172,-0.06380314647261542,-0.058656849688435216,0.00040184400872777756,0.004938750958784881,0.0,475.715292756231,-0.3285932090980026,-0.6013995283063167,0.5048986237115258,0.1965404655287557,0.8955573608851672,-1.4110836735629633,-0.004951005486447002,-0.11104690865257894,-0.9277987695825942,-0.060816710877666935,0.710225765288337,0.8438304626527557,0.994155333614552,0.07902389127213638,0.3185708920770942,-0.05092696051712586,-0.009500821299756268,0.008891599815209261,0.01675387253058691,0.01995449265695548,0.00011655523379727968,0.002112780235209965,0.0,1487.9587690689732,0.8628114073557641,0.7418738004989223,0.18395729788980475,-2.5002111629774646,-1.5497047303097131,-1.056224722703547,0.6767561635822474,-1.1862738586609822,0.7108169841765886,1.2677272245036522,1.3016515291505932,0.3929115618457288,0.5062105707311629,0.3011724818502586,0.32379496101031435,0.057604806714628864,0.03303404555532552,0.0367635423959598,0.038117894307081464,0.038619807430905866,1
2022-06-08 16:26:42.225446500,0.0033757765348243983,-0.0043931492975802676,-0.0009964207463203278,4.618151155658886e-05,0.005494149083543409,-0.0024172818856449127,0,1,0,0,0,0.0,-16.795459633264258,11.469000109961936,36.109691544831186,4085.8130834153417,0.5713780646665113,-0.6911380356205273,-0.1724332109309462,-0.018587910422428917,-0.01782226579028134,-0.003621600104977779,-0.02226744204611537,0.006940053078778282,-0.06522751374747975,0.01830160231969169,-0.010345279359322827,-0.018551898955534697,-0.00860581208428651,51.41011458333333,-16.865342794563116,10.42872589868404,9.674874489631963,782.0094783536971,0.06322235126316565,-0.12533052575906262,0.1064186011864746,0.08351190790406685,-0.002304225388425327,0.012410806979541037,-0.025487612082610186,0.5131174628036308,0.39798208584252426,0.3126889886383153,0.2161135129975348,0.3237512860126859,0.35795073528603344,103.81676099113491,7.34037757835691,11.232963173829708,34.994785213874486,1126.6832071821982,0.18918849383117373,0.3927206516582501,0.11513594117865646,0.15443306706988305,0.04309692462003215,0.026116473154238463,0.05233527361927176,0,1,0,0,0,0,1,1,0,0,0,0,0,0,1.7891827697143872,-1.1609486212614288,0.0,0.09399984354455702,-0.02143609203074661,-0.03384917107994119,0.061117345971245324,-0.0241146590525498,-0.034369227065812136,0.02674474058947715,-0.000369879080768639,0.012831837845697122,0.005575812860742954,-0.01352385788208866,0.023518131531613275,0.003129598927625902,-0.0036880609087227172,0.013218028637736532,-0.017126246815760415,-0.015156726722275147,-0.008951891613799196,-0.006927842894829173,-0.006013156104916193,-0.005637394386709751,2.369946668927036,-0.8907657618744156,1.4,-0.03871732460386074,-0.024792855196174995,-0.02886344258748125,0.03378012846574338,-0.018853168285975736,-0.006436212867993372,0.023978359666743755,-0.0066429827841596465,0.003283891677157432,0.02597275760596851,-0.029439963143931627,0.017278998491791688,-0.013760138083385809,-0.013666042546504005,0.03462584647390308,-0.0013823682530530836,-0.0013567688107019296,0.0010196503596296145,0.001311317425386419,0.0013316045331597122,0.0013171063319829758,2.2945096006897616,-1.6433439128234826,1.3,-0.022761283584983555,-0.007493186850452685,-0.0029622736575701664,0.0034095980642488612,-0.01370368233357355,-0.00453232599284947,-0.016026421799838868,-0.005600796894773981,0.0136903270996775,0.003981138857774135,0.007604302251252625,0.014830673099702676,0.01240739718016259,0.020941411368682186,-0.011984393669341894,-0.0035381708561305304,-0.0036441290980917525,-0.0013102887018870127,-0.0004492669418100142,-5.9136503921501855e-05,0.00010095024273812016,1.710351993665042,0.3860518923401201,0.8,-0.015991761641502844,-0.006275245582482853,-0.0012923510795099368,0.001366086101520609,-0.0011369611728366915,0.0006281809379552661,0.0020172005555189,-0.006033035509387767,0.007700573243596009,-0.00939253806897317,0.0071677301463434874,-0.0022348784459104718,0.00021629630411862388,-0.0015092807342363848,0.0010594185971689396,-0.000195136030347222,-0.0008289378019774281,-0.0012113059809978875,-0.0011309342111359,-0.0010718744851423176,-0.0010433790540405573,1.8561867427234717,-2.4534120747278494,0.1,-0.004007252867607122,0.03548391936100179,0.03184641613358622,-0.03484244008187092,0.02751732993120815,-0.008412763576799426,-0.00854981133253432,0.0117463391148804,-0.010221831693913642,-0.00020073839458396555,0.0017248733430997342,-0.0027777757712697127,-0.004293260680811911,0.0031045053033482077,-0.009726840233771662,0.004053857386458938,-0.0043744677669677046,-0.0033686852501697844,-0.0030876127499776,-0.002953861510040095,-0.0028968474336473217,1.9153404983498277,-0.717729847985396,0.3,0.008076862252345728,-0.011860487831566898,-0.027108027263997397,0.02062865114586309,-0.011928095477111092,-0.0006210741716908562,0.006143846543879189,-0.009059016525769688,0.000988103961121999,0.0074384864595646374,-0.009668097784762348,0.005155721466185153,-0.0024614142793629896,-0.0005059466750313248,0.005312525323427735,-0.003175249372305412,0.0025238117058732235,0.0019014240929711489,0.0015909881950199065,0.0014251990556638171,0.0013514546392474575,0.0002530163839929878,0.007377876716545975,0.3,-704.5780082392242,-0.17422711860049844,0.3432524228524585,1.0799470857779028,-1.5695310605906343,0.5368123749406024,-0.16003709826642876,0.5285763991022456,-1.162597069091138,0.06416822351519967,-0.7922006255058065,0.044691741213641833,-1.1315602898477728,0.37391326328143215,0.4041526555050972,-0.7522585026585276,-0.28070759945833146,-0.2753440054891083,-0.2723920623917451,-0.2715362207731964,-0.2712446811104048,0.0008086228378730626,0.008577604885028895,0.0,474.51184312507723,-1.0330576049777136,0.8290739026185747,-1.8678456983420872,-0.8118590768114515,-0.6182057310819324,1.2968399026908701,0.38335189200307696,0.046709467383678316,0.9171463502425324,1.1267782663731545,-0.3940410241231636,-0.02409790050502369,-1.331134089569206,1.1563188520609309,0.4843867017754668,0.2721611967131867,0.2304154499824307,0.2161269125639631,0.2088403072346594,0.2056778041743179,9.842589404802522e-05,0.0009387480645234988,0.0,1487.8769482872906,-0.19810167906649667,0.20501104504484147,1.8292894913251128,-1.6959497416221725,0.5669537299941396,0.11285654809816492,-0.4103643214028878,-1.6753297172933728,-0.7192077685157727,-0.2786174846688283,0.9183465098355584,-0.2744202035000605,0.03172919663462892,1.9023423037031364,0.1511128338953256,0.02326765657885943,0.014594708191758343,0.008218201178159745,0.005465264968428585,0.004287634451545229,1
2022-06-08 16:26:44.975446500,-0.004429218645630973,-0.006275855474239632,-0.0016172412882522178,-0.002139881928927389,0.0018414710493932656,-0.0008423430261685121,0,1,0,0,0,0.0,-17.12726478668782,11.532378946479525,36.461264289767634,2854.806073603485,0.35819193795585763,-0.5723112967684089,-0.05739181944233589,0.07332654512390999,-0.016723282159303927,0.0012116287061209527,-0.016326431731553563,0.0074732368295817265,-0.05965416114710907,0.015094243087717556,-0.011492805435124369,-0.017141478646816397,-0.00852845354884227,50.97596666666667,-16.759439769004405,9.701041345177233,10.283246731213838,803.1601110900842,0.06952411537886832,-0.13050663432946266,0.10621931740435377,0.09011618041883697,-0.002907628817874749,0.012370498235031831,-0.025789345838600014,0.4935617505380207,0.36651424048976333,0.3098154547633506,0.2080083708003136,0.3210080288721346,0.3555857324070702,103.98289142630863,7.294133635025282,10.050641681155607,35.21954474409057,1135.6575993668728,0.18590964258402592,0.3949507839116283,0.11627367707036065,0.15439800061512982,0.0430392371510491,0.02549329955285092,0.05218097971326288,0,1,0,0,0,0,1,1,0,0,0,0,0,0,1.9772240547116309,0.5008279469131429,0.0,0.09236809917326366,-0.05814985918994221,0.03016469448788786,0.0129189774974401,-0.040186354081509564,0.04357264818175786,-0.013165123660638527,-0.02648913209465516,-0.010903571427666868,-0.009512944034875423,0.018617345700813987,0.013442667096023644,-0.0074473641337903075,0.02632676117145779,0.05476304536977876,-0.006424253059259357,-0.007984230008250373,-0.005085916796740525,-0.004269512314049996,-0.0039681546013224595,-0.0038571901326005732,2.1922622136247054,-1.6281898041422505,1.3,-0.0359656031673915,-0.0472679601338023,0.0020416846624576844,0.01302314008611942,-0.032133587143005723,0.020873547763320708,-0.044808969447023214,-0.004398190239671325,0.02009736587436494,-0.00499984111458184,0.0018467118546773703,0.038081030008271614,0.031222200938300537,0.06262268145368158,-0.0001441114192841661,-0.01987907671441119,-0.010334611955257422,-0.006847632456880759,-0.005664420757054426,-0.005153682648247651,-0.00495198460278371,1.9743589013195808,-0.7978613737296312,1.4,-0.027330049086448854,0.00900217061659103,0.0046400228948762865,0.002342673752201648,-0.01240351520151773,-0.007945524907500078,-0.0038203250586444407,-0.025247931305951533,-0.004258094263145226,0.0006581318718115884,0.004299849003288638,0.012671096614917894,0.004833009020955792,0.012101930728378256,0.02698156752496127,-0.0016026025866320856,-0.0032682737357799074,-0.003030630166010327,-0.003167100800688671,-0.0032911094400709237,-0.003357063313743736,2.2151287659335717,-1.9559055253688973,1.5,-0.009688278054473651,-0.003099776341038123,0.0012415304916190085,0.003184255527441113,0.0025964939570830995,0.0030880214443334145,-0.0021761088989806455,-0.00654935642015679,-0.0001286393664035247,-0.0016191419341680575,-0.012357961393190335,-0.010226052416984538,-0.0034059788561154576,0.00017567474438874933,0.009249263556420402,0.009270975746369769,0.0027593781123090235,0.0024626750157156047,0.0022983009734388227,0.0022114197368322186,0.0021734957931321608,1.9884023332143892,0.6612624942158641,0.4,-0.014113227842234316,0.01278488300536948,-0.02635243095386374,0.0016580298447966798,0.04066201380289036,0.030916325219057076,0.007709722906781375,-0.0008646795623026785,-0.012589389825956494,-0.0174951178747705,-0.005308767335206418,-0.004011641125544422,-0.013710245746025607,-0.005058116977894945,0.01245569082640217,0.010593934576617298,0.001043031635175402,0.0008784327517508838,0.0007476206727046156,0.0006671252023998678,0.0006304606971676495,2.4842856198428565,1.0100076188954508,1.0,0.008973117322223348,-0.023130376705756,0.014243075471475672,0.00031208966295780295,-0.019767847397712368,-0.01964535666111937,-0.014786819596760556,-0.0051197899432578,0.01041797858656785,0.024441572803747258,0.029551456487578943,0.024310452429389662,0.01637611988209294,0.0005145903406282178,-0.02048661532942176,-0.01617878127328879,-0.004689924713858595,-0.003923348793806466,-0.0035002376383686377,-0.0032813101497431536,-0.0031861648777017013,0.0003250341798912597,0.008189596811723841,1.0,-704.0804983685724,-0.014541018288397822,-1.4334363369313716,1.0667842029080958,-0.6163254824781248,-0.5556530111492108,0.1057582680374196,0.9534759320559444,-0.5217151726336127,0.1598045857330881,1.5343695408309903,0.3081690406495454,-0.8866829758375072,-0.5684885444302008,-1.22500198555748,-0.9215371331645734,-0.35068018096395903,-0.324647750360354,-0.29755643445974833,-0.2827246131956507,-0.2760986214583081,0.0005022692132431079,-0.006288900879184521,0.0,472.9538384884153,0.4020026689953582,-0.7183542425130156,-0.7848983972983845,0.09380858025426876,1.4721504357735782,-0.22712073223378934,-0.3077819159397848,-0.3233138980892427,-0.010839453705939306,-0.016609679820762224,-1.138550165427988,-0.8130266589663933,1.3581040860742457,-0.9419966688609788,-0.2651879952035898,-0.07626334568582394,-0.0668448056081381,-0.06334673385411982,-0.05941455188767186,-0.05731490290205121,9.27105158798608e-05,-0.0039625084286839946,0.0,1487.348068838778,-0.2331845637834817,0.9105918533900024,2.651908722276289,-0.8164127139536532,-0.17800916702513805,0.7099577976853908,-0.4629343746636465,-0.3273746467478418,0.3138012508536505,-1.2080620538509734,0.8272242581238984,-0.06767732042077057,-0.6850844283832842,-0.7180235369359735,-0.5952677887222393,-0.4778873602002065,-0.3965125685868784,-0.35788861290940943,-0.3372626010625765,-0.3280370310121468,1
2022-06-08 16:26:47.725446500,0.008159996443759109,0.009772379796190608,0.014965696453440959,-0.0034225823551752767,0.0012214143367119126,0.002292212179850555,0,1,0,0,0,0.0,-17.279569958066713,11.282122468957862,36.20130797401645,83.17748849990504,-0.1186913041801503,-0.2934597440664104,0.1961816479276096,0.2790888365948393,-0.01523399599650286,0.012728217013560148,-0.004415971033543976,0.002549010384235587,-0.061102802930030224,0.011136276422805806,-0.011200728153154964,-0.01730714491526177,-0.009497747734790084,50.56776041666669,-16.707225931195754,8.960676136105393,10.911999012298374,804.2604791475846,0.0724761352111069,-0.13394635460671295,0.10841350611615444,0.09813971463577624,-0.0034635873086585056,0.012236704476555291,-0.025940622100976137,0.4666973006316724,0.3307299782273686,0.3043332615447508,0.19430734553675086,0.3134523491688081,0.3514599211074867,104.14294326893084,7.2742469794512274,8.601189149916243,35.43151972224288,1134.9053092195925,0.1817081964690264,0.3956672311882442,0.11701915200369005,0.15502025562565974,0.04274564314801646,0.02477317727358276,0.052056449876704776,0,1,0,0,0,0,1,1,0,0,0,0,0,0,1.3226128777552042,8.074236087913325,0.0,0.1781411975696599,0.08680178886183675,-0.027471067781249945,-0.06534041411118494,-0.0488238511843314,-0.016848094022889646,-0.007159284402182492,-0.01404018785223315,0.005692818541322831,0.015781093777657643,-0.018789085239499605,-0.00686790233343245,-0.000241938315657551,-0.04225098774507178,-0.01046765477637984,-0.010567985384009423,-0.009969027596533843,-0.009351358384604795,-0.009223428830684973,-0.0091248726825709,-0.009076843792420708,2.0049042526007703,2.6443860145419835,0.1,0.0943233915190292,0.09470445802069777,-0.014340379014811503,-0.0608084211251813,-0.028439229400358264,-0.0252328687689003,-0.006092469898590375,-0.029139611473543083,0.03764584617397157,-0.014310723356456062,-0.01903534883160126,0.0006918768066445646,0.016350305216590096,-0.07393011552823707,0.010543851965787249,-0.02297034160238073,-0.013074109438687831,-0.012238421788454195,-0.011748348813010744,-0.011495023594355796,-0.011384378669789069,1.314630568018875,-2.018281530000904,0.0,0.1481648229835341,0.104101132612591,-0.0273905962610849,-0.030521267590134505,0.0042204890911292465,0.006573093325302035,-0.013868722388678706,-0.03381590283133658,0.011171535143241295,-0.0021165322427885115,-0.03683808751294182,0.004566782078590282,0.009892402672490874,-0.03352180309873238,0.010050842076397077,-0.007326267299058762,-0.007202726993214987,-0.007520596695783544,-0.007628928775064248,-0.007671699662727561,-0.007687731153792586,1.5225417499888092,-3.245489801086587,1.5,-0.04409197869164539,-0.01567780614767936,0.0031114394351487978,0.006162640771680312,-0.0010840212211481518,-0.008917540285403428,0.006944957269652027,0.002072883501202459,-0.010011269303046877,0.008688581034923093,0.005781708773447847,-0.006895260021618114,0.01143928089592949,0.006866853721295986,-0.006172374711868165,0.011632830193259464,0.0021692276587364262,0.0028056455704957746,0.002777814817941432,0.002738729460783886,0.0027178015490925693,1.758462882988232,2.5801509818702986,0.4,-0.00625540934804284,-0.033858339428168086,-0.0027219431802715435,0.0007047698575565128,0.02461204291643633,-0.01660665430214219,0.023096562150418616,0.006253094257564203,-0.006207117103228875,0.018293929999014972,-0.002279531708647761,0.0017695690095484867,0.005234789167419192,0.0014386317202829345,-0.0033425335528208962,0.005561048901501771,-0.00046167948877210476,-0.0003875161118044477,-0.00034405054880762547,-0.00031582120553737183,-0.0003027417421020436,2.4083646176401063,3.3569318713701852,0.0,0.03835891750654169,0.030799600773755844,-0.004617988912133784,-0.016715055650026032,-0.01206207217159085,0.012771222637091307,-0.015501562689777872,-0.018208872900755187,0.025305075594235057,-0.023776131983196763,-0.01042896154704215,0.01657978624877364,-0.02132030319592337,-0.00818982801607231,0.009611634548283987,-0.013454699779158842,-0.0030036568876066435,-0.0030249751326885048,-0.002985177591576453,-0.0029534778613407426,-0.0029380891194799104,0.00017881765349164763,0.005587535109239959,0.2,-705.1013795661331,-1.1206263967115575,1.622650477802324,-0.8491272271267363,0.046955023359544164,-0.2821941137770878,-0.25849952930776965,0.41940664069448985,-0.06110159579221985,-0.4989309497487362,-0.18841544811261104,0.0882908446155799,-0.804640711318374,-0.42420132326927984,-0.10785950955147784,-0.4107444033620382,-0.11816896597615313,-0.11730300351551115,-0.11825199877377734,-0.1176969536773882,-0.11722294984399627,0.0002777712007863567,-0.0003625879681978174,0.0,468.47390318668334,-1.053527206380075,-0.15715455081996765,0.5344035885643876,-0.04325072065564228,-0.8439816017397561,0.5308366431987004,0.4906425083987181,0.11928746606802144,-0.07618192060925466,0.4223043563381559,-0.4876309660016727,0.1955224097558617,-0.989291866088907,-0.3506036721807462,-0.0855326127487892,0.2373631799924958,0.15019908268747886,0.13076354110921518,0.12260402126063764,0.11934614374389517,6.632304576778281e-05,-0.0013312509950673891,0.0,1486.7973470965705,1.2161704256233463,0.018435482007078008,0.7779979336145288,-0.7612002882954698,-1.1324935142220198,-0.6544673669736198,-0.005490663601129597,0.1276172396284423,-0.9406920794438632,1.2366118608651462,0.34308961187920417,-1.2468543497329598,0.4509992575612678,-0.8495622700018686,0.0593132508731955,0.034546889802250284,0.011295545208184876,0.0027324184563610747,-0.0011242069925359033,-0.00269963085690339,1
2022-06-08 16:26:50.475446500,0.00818786135512812,0.009612336472401749,0.014460917782875175,-0.003105815370855578,0.0014096749766578233,0.0019365604140908921,0,1,0,0,0,0.0,-17.320220013499895,11.246671061622429,36.188294215272265,160.50090034159686,-0.10506293344461068,-0.30106568723709776,0.18959224647068806,0.2732792348218422,-0.015171712340581654,0.012498749345574123,-0.004848687885720056,-0.006873528849244315,-0.04453120654173184,0.019682264734731936,-0.0171270241651102,-0.02106823613605376,0.006126649155293009,48.92131979166668,-16.460196616744007,9.001249992132916,12.398563218217525,807.1004706422653,0.069536708015903,-0.1466435192413941,0.107625737830926,0.1071952547890166,-0.005882592817403731,0.011466474406584614,-0.024630624306498032,0.4204571790679408,0.2794735078534412,0.25980495118512703,0.1817731738995408,0.26782400716981364,0.30683966127748896,104.30689827714392,6.929536986966448,7.783396753703358,35.0094700156326,1133.047207829583,0.18204070090380625,0.3905588719344888,0.1155203137145875,0.15299452625736826,0.035745989337016414,0.023569081135471903,0.0500805332404537,0,1,0,0,0,0,1,1,0,0,0,0,0,0,0.6966891714710353,-5.898478292714244,0.0,0.19275300208598228,-0.020835556226123625,0.009303700609165431,-0.013910640515212,0.0035633319310333852,-0.020521955066331157,-0.0037896738904201407,-0.01542707565432819,0.006249135434563279,-0.02138214664320433,0.012572360518718814,-0.011024807105642784,-0.015825341943785702,0.015251027078317303,-0.06595386046106683,-0.003255190720727323,-0.0005266787370704682,-0.0038438549602239943,-0.004563941633646393,-0.004849037075148885,-0.004957291497964655,1.0263348384486533,-0.6083050099566363,0.0,0.1809032559236753,-0.014322282546345724,0.013527754022333294,-0.023469871710167543,0.015369393083745481,0.00037636554399926933,0.0234977686966403,-0.06326876590636486,-0.0007312217157476943,0.0078600229935224,0.02398890774663873,-0.01411911516774124,-0.0409953278745982,0.045711966838672784,-0.005015573840504382,-0.012924544660599249,-0.003731346988100449,-0.004425363377918426,-0.004467036822184765,-0.004474999700397667,-0.004476681268650251,0.5242737607185586,-1.902645217389956,0.0,0.3119447149675357,-0.05504307201460197,0.0227457384707939,-0.031182879461607388,0.01045832638401073,-0.033525103190722806,-0.0058956358013088775,-0.02548838709279376,0.015137907047090646,-0.021987349224461317,0.00863258537758429,-0.002441820941021128,-0.016327295799659296,0.019064783542089854,-0.042721363485079836,-0.010187877829402808,-0.007708905826680875,-0.008538180398185323,-0.008642282617684205,-0.008662972872093135,-0.008666784449769892,0.6841586679145301,-0.7753011900697621,1.2,-0.07784280418562341,0.009296952515022938,-0.0024590926380822515,0.0051816438737069676,-0.0016748089975120106,0.007617215051250337,-0.009811875996096992,0.011815514372608173,-0.000806739969577753,-0.0021901372525447195,0.006669741943738181,-0.008186406828196326,0.013719580582904602,-0.0021996526774549366,-0.008073415102598468,0.009853119336220982,0.0010856728040608103,0.00149504923520604,0.001513303653284167,0.0015125513501723375,0.0015109660706805294,1.6140303423832876,-2.1373370445808537,0.0,0.047450106468338166,0.012718908143096177,0.002960899428274513,-0.035704272914788615,0.0034443728388030377,0.013522517885283565,-0.023290076888535356,0.012256018210155355,0.0021042768534907845,-0.014243455316407971,0.004061319370086514,-0.002652194767130303,0.004778978883039335,-0.002015348615946855,-0.01045907115745166,0.0033447206926839447,-0.0004167907995359314,-0.0008360211771064709,-0.0009359394210956107,-0.0009728802265022662,-0.0009864435792651214,2.0606819563519467,-0.04493427015258302,0.0,0.038631480876891985,-0.0010930436488085472,0.0016266919596892686,0.005922003339787534,0.00202335236316517,-0.008512706919819375,0.02336585495074011,-0.029326596364558224,0.011358904722324346,0.008776668610532203,-0.015046246474131863,0.020685666628546383,-0.02392133989176117,0.004489431938576866,0.015957353744025845,-0.009702139623800109,-0.00042131594022425415,-0.00045754811202802683,-0.00039585904919393287,-0.00037075417697012204,-0.00036095625104710526,0.0001472128983029161,9.871806957805688e-05,0.1,-706.2605405020917,0.6095963521770216,-0.9034233697494328,-1.4259471400777812,0.039439123791538584,0.4251851549438541,0.6080318908931872,-0.2788607145016755,-0.3561753478717762,0.10460216241880003,-0.8073896257751336,0.5811896290009315,0.018850331883530917,0.003144414224417247,0.3254518185778217,-0.15234505788070862,0.012623902155503686,0.023357179700514763,0.0225011060578435,0.021793729235822568,0.021467557577453892,0.00024004975203761642,0.012726190079844598,0.0,466.1392761615157,0.9393863612883564,0.3735041545199351,0.2599214868490236,0.20217171893010288,0.5231649327897898,-0.30851971879020823,0.3823239781875927,0.03917011876934495,0.2930543984471612,-0.2864207842865216,-0.13760758796670025,0.6041522422080297,0.5235499694301513,0.7728180834594376,0.10624842283185744,0.4222945006507928,0.3189258961285333,0.2926909993160569,0.2810357253599429,0.2762664009232396,3.191201421087132e-05,0.00025785855041511943,0.0,1485.068534554918,-0.06953814856680651,0.8296018812204977,-0.3900726089274968,-0.4328724294920505,0.5593075849742632,-0.07858543520836747,0.6663617842793528,0.487822283202405,0.9846948850918196,0.09894317627252036,-0.018286417015040968,-0.5864664987476296,-0.9466073172583692,-0.19293383207282488,0.14480454144546684,0.10748459967894064,0.052770495770225516,0.03739422884736498,0.031486275695169035,0.029322403101266662,1
2022-06-08 16:26:53.225446500,0.007933091350278441,0.009414192137853808,0.013798572229575326,-0.002876776598850045,0.0015393703614782484,0.0016507465921902734,0,1,0,0,0,0.0,-17.36087285444257,11.216901132115783,36.173747742332225,237.8243121832886,-0.09146227632633623,-0.3086738909851481,0.1829877002339843,0.2674272669779412,-0.015110009223491684,0.012259884035273179,-0.005284171577692313,-0.007434538980273146,-0.04413019739568893,0.01981481552879736,-0.018121345057864908,-0.01965218559379446,0.007119663090789307,47.13158125000002,-16.119447086346767,9.529771625848808,13.896402945137119,811.7438357245941,0.06404173419594529,-0.1606581319942242,0.10424100927973558,0.11387221736295075,-0.007130040938101178,0.010534911733332604,-0.022169042643133647,0.4173330242247973,0.2775986998409213,0.2579172651578131,0.18050698373352755,0.2665647699276117,0.3061603719795601,104.46105386335444,6.496426820499903,7.0958212489749375,34.592541307340625,1130.1407357255705,0.18337740567907693,0.3849685056997687,0.1108988816136724,0.1535780460231378,0.03496279556659175,0.022575747756386905,0.04828473508760026,0,1,0,0,0,0,1,1,0,0,0,0,0,0,0.4706506537811264,-1.0409636992840552,0.0,0.2740771672059173,-0.05235758056911465,-0.02241375082107845,0.002139520649325953,0.006955577801387197,-0.003590275816159408,-0.0129112459908627,-0.009293354420041255,0.003107560696272365,0.009379772942590223,-0.0006873823325759932,-0.02203676647275147,-0.038416855656151216,-0.03655225353698645,-0.016664408177577174,0.010661897798411714,0.009384669423347236,0.003477945544428122,0.0015867750163894604,0.000734540108930269,0.0003846770847293769,0.9615853427907824,2.160432928291033,0.0,0.2852199452614026,-0.09047304731832348,-0.04084482169521739,-0.00168699895010474,0.002272869856850511,-0.021293339799561405,-0.0428416883366574,-0.03987309345004456,-0.016433840557592238,0.0037496497238269054,0.0015028491793197035,-0.020521589204096545,-0.04277015054712483,-0.04849606639637077,-0.037638244279661004,-0.021662217112753433,-0.01491445849517971,-0.014929598460584512,-0.0148059276691396,-0.014709684856398913,-0.014661826073680106,0.3471792505317819,-0.9276969765752404,0.0,0.4841609234550564,-0.10469337206802476,-0.04857500599410326,-0.00031167760794048593,0.013260602701668824,-0.002453438836755049,-0.019877744545076168,-0.01758354060100802,0.0008707799754360639,0.014069849457234137,0.006294583985579768,-0.016840281897959806,-0.035067116226914316,-0.033801442846996016,-0.016859523730926022,0.00014746160122763865,-0.0014675016067553018,-0.003966265441231307,-0.004834636934820594,-0.0052340205087807855,-0.005399047346326405,0.5474024116986169,-2.363826902929244,0.1,-0.1074033693978655,0.0196686632237078,0.0076019380326243875,-0.0026125579812140212,-0.0044354737763914725,0.0017823278305620844,0.00964206870586895,0.012154296438650895,0.007123174637932283,-0.0017153306990070915,-0.008137190870681807,-0.008177609835924297,-0.002443107022090888,0.0051843417399236634,0.010654485402517034,0.011033202449109806,0.004830892257639302,0.0039302063182498044,0.0036322709743104704,0.003479193237041257,0.0034125028083918547,1.9740723791977968,0.9336965346278412,0.0,0.036905298641720215,-0.01735715152501699,-0.016371430821079988,-0.011478634992076752,-0.0017623070705496966,0.010019462150078049,0.01877376348171895,0.02054483589476024,0.015250967384984947,0.006551521793528957,-0.0008073643913602508,-0.003896880380847458,-0.002696650637041457,0.0008650324938263982,0.0045995153489590285,0.006838022155745103,0.004110535354364345,0.0030645349757278608,0.00270913029664584,0.002539167625597156,0.002467102362215741,1.927234876351433,3.3962803166614988,0.0,0.0594136184750657,-0.018509956606528308,-0.002382422304825037,0.00867803501651847,0.00518791836346995,-0.010176585724508457,-0.024790594973566508,-0.0263282356650602,-0.01241509697196396,0.007943666783477491,0.02163724268796193,0.021036391053973244,0.008486705905279127,-0.00679256293002065,-0.01583443378981525,-0.014208407833128062,-0.006224618252125025,-0.005068889241535392,-0.0045672716290658935,-0.004310821965078327,-0.004199805849953085,4.937725675937506e-05,-0.0041346536636606215,1.1,-709.1042755280611,-0.16175191048642998,-0.04759332535346061,0.1314686993651435,0.2800106801290738,0.2617092729831825,0.039069789886255535,-0.2320561630800988,-0.29294281550775736,-0.015126230369883588,0.4423748511757495,0.7348684504164282,0.6324720212347739,0.2424272840383992,-0.07797534368770087,-0.04662981852374415,0.08734521629620318,0.0981920441760451,0.10350508040639816,0.10564529937898116,0.10645822785142567,8.706844228323959e-05,0.004835831211178622,0.0,462.8259996108461,0.6710806810850869,0.15797133904887062,-0.21605105998991547,-0.18999986683949288,0.12749794731091768,0.3887527061793605,0.34431961930162197,0.06205701182451051,-0.1669934149687311,-0.12418555474058834,0.13277766210660502,0.342088865943043,0.2967277967986064,0.03631260275945891,-0.13116953270715292,0.13186140021681325,0.13514798664091646,0.13138299943751353,0.1298264668289022,0.12917036487040745,1.1892163854129933e-05,0.00045421472957366346,0.0,1484.2811863677607,-0.050131414232652105,-0.5118283830321104,-0.745607819944965,-0.5152245522072008,-0.03024593285073252,0.2780297070439985,0.1886268783711813,-0.1103567074966989,-0.24533528867561216,-0.054038486305572064,0.2619152333860342,0.3766139418054309,0.20252462107906052,-0.016054731008694034,0.036679427351813836,0.07139071899099747,0.02891693789842975,0.019117396664498187,0.015286595276531756,0.013830268371883392,1
2022-06-08 16:26:55.975446500,0.007675757687657389,0.009230634420303271,0.013120182844952007,-0.0026763154077912078,0.0016584772076012964,0.001397597253122054,0,1,0,0,0,0.0,-17.40102893880712,11.188942464371577,36.159610920426715,315.14772402498045,-0.07787271308390982,-0.3162891127574141,0.17637440102494428,0.26156950161566944,-0.015050073695878604,0.012020556266047486,-0.005718339594547723,-0.0058414710928551,-0.04232541090847903,0.019802407437929336,-0.015421616505217997,-0.021888105998803437,0.003924378718355455,45.369756250000016,-15.937523020456275,9.788910205299494,15.57806833905482,818.1593879579373,0.06021289924776994,-0.17605556836613748,0.10300439577099907,0.12236701258278786,-0.00814159951408093,0.009806896459504864,-0.019822104903461143,0.4128560325440602,0.2749891056097018,0.2501794021803119,0.17685139892310886,0.26011704420093984,0.30307081744221986,104.59295109071293,6.313974728236669,6.828708825030321,33.83129161523879,1126.2998255242842,0.1845789508228707,0.3771763675064898,0.1093186191343264,0.1511088325076707,0.034380079694760965,0.021873773438716243,0.0464907974149178,0,1,0,0,0,0,1,1,0,0,0,0,0,0,0.008940564654544255,0.12688657259401495,0.0,0.3317628621465987,0.0011158277014252788,0.0011160183714646957,0.001116373928959611,0.0011169606730823747,0.001117894413884716,0.001119374273176866,0.0011217488969028095,0.0011256521065662573,0.0011322999536999706,0.0011442020827417529,0.0011670846830255793,0.0012160644881287347,0.0013413691759309213,0.0017891404824699946,0.00437718033098485,0.005497328303870182,0.0032365669762933385,0.0024751444229775344,0.0021695458602624573,0.0020524795066542353,0.0009643785339981014,0.040822637421942934,0.0,0.39155072485357106,0.0005062283339789532,0.0005062485568426214,0.0005062757153737052,0.0005062979469635381,0.0005062937922166166,0.0005062251696024388,0.0005060239776650023,0.0005055659027182,0.0005046173671268087,0.0005027240489714011,0.0004989724365299106,0.0004915284195770274,0.0004776307197895454,0.00047093309046443953,0.0008802434643584762,0.0017518619718921349,0.0012398816197875988,0.00098876587805867,0.0008765654536622857,0.0008319264451649745,0.002913461218482017,0.0696307766700433,0.0,0.5879843601676389,0.0016981017544906649,0.0016998939640171034,0.0017029941153383769,0.001707587498947949,0.001713968663174907,0.0017225875102996162,0.001734129734551424,0.0017496615306326136,0.001770904930944974,0.0018008063546140485,0.0018448562333340504,0.0019147321591486094,0.002041474229319301,0.00234708849581318,0.003490075182548916,0.003172096895045308,0.00213450755510931,0.0018271296571779289,0.0017117445917259428,0.0016696915673080196,0.0020337546274331155,0.028022297288243774,1.5,-0.12444754433166448,-0.00018354338627225503,-0.00018202932215419763,-0.00017940340193693845,-0.00017549676318864837,-0.00017003863754498985,-0.00016261067989122632,-0.00015256624753297567,-0.00013888333268234025,-0.00011988205749518003,-9.26407974729546e-05,-5.166606086415586e-05,1.456051059754021e-05,0.00013426588561302666,0.00039180794544476944,0.0008838898764177527,-0.0003065837728331469,-0.0006075003086704773,-0.0005941094241062897,-0.0005711899172418735,-0.0005591055800089581,0.0019381261994384801,0.004930456384873403,0.0,0.05899218536478324,-9.728165516288864e-05,-9.674911935152446e-05,-9.582206966690654e-05,-9.443491709893412e-05,-9.248128872431717e-05,-8.9794320981826e-05,-8.611111085468507e-05,-8.100633315003599e-05,-7.376094051769126e-05,-6.308106489614964e-05,-4.6428437404148325e-05,-1.8170328776095945e-05,3.676844301709172e-05,0.00017258839997764302,0.000598259319192225,0.00027580560749737603,-4.698597771797281e-05,-0.0001132117413438665,-0.00013310860170166782,-0.00013947050217221168,0.011642616706135036,0.120135445043851,0.0,0.07562836799146294,0.00031910516369383814,0.00031713424280922434,0.00031372483428876436,0.00030867312927891367,0.0003016555879992644,0.00029217919520294067,0.0002794955465473749,0.00026244877278788553,0.00023919351650640835,0.0002066363861710284,0.00015922824185242326,8.603135970401556e-05,-3.748165259153074e-05,-0.00027196688885454683,-0.00048573969280123826,0.0010702640530884484,0.0011601571560291226,0.0010575794065771354,0.0009934166926730077,0.0009641367316378414,5.045998525833434e-06,-0.0025324325087790595,1.6,-710.4687382203381,0.07451063365417099,0.07446061467305752,0.07437476417567979,0.07424911921743416,0.07407763042445481,0.07385158305866922,0.0735587369720534,0.07318210669049917,0.07269836095364113,0.0720761665960552,0.07127633939125387,0.07026272578739423,0.06907430030685546,0.06844814894591167,0.08024145235895475,0.11314147343753687,0.10554999037362124,0.10079798460199996,0.09832174847558584,0.09723620713279946,2.826383300589188e-06,0.0015353978335602345,0.0,460.8141350745352,0.03728598169836062,0.0371788711786536,0.03699308925811806,0.03671666690137698,0.03633041530248704,0.03580469796513697,0.03509373718779685,0.03412527372734253,0.03278080009485329,0.03085500977960365,0.027964466863492632,0.02331458186894153,0.014996208143038812,-0.002538071565281186,-0.03558605544728266,0.03918341413535842,0.05922769661972184,0.059449633212508075,0.05869583873393314,0.0582534010318625,3.1669824456831253e-07,0.0006027583313157366,0.0,1483.5661192311213,0.027734526821546982,0.027680601076070843,0.027588110723016257,0.027452905462851614,0.027268693716749226,0.027026512671099567,0.026714000549020508,0.02631452726731709,0.025806542288179912,0.02516463385221357,0.02436823893536655,0.02344376721271857,0.022678939330518236,0.02414677282371258,0.048977734375327486,0.08410967145722026,0.06528963603187776,0.05756912216467214,0.054117928616506106,0.05270076936186552,1
2022-06-08 16:26:58.725446500,0.0074407047791227796,0.009055122635290779,0.012447497936002316,-0.0024798166422095856,0.0017782776296324679,0.001151843838310448,0,1,0,0,0,0.0,-17.440961330355606,11.161232971709634,36.145797295137726,392.4711358666722,-0.06428535519872677,-0.3239071550258759,0.16975869084426687,0.25571324471001977,-0.014990879366607337,0.011781800937837912,-0.006151670602705302,-0.006862096979150854,-0.04128525024319021,0.01940798070320644,-0.016315173283383753,-0.02085032845963659,0.004778289892026628,43.55083958333336,-15.622375454840697,10.113063470869916,17.150140657149368,818.571566506409,0.05499348610564613,-0.1898090603865172,0.10088163678621584,0.1308544385332487,-0.009429674130337377,0.008960535902200797,-0.017544718647117746,0.4018096942028761,0.2734739428942615,0.24489173918218346,0.17543677023729748,0.25796829641242075,0.3017307203854394,104.675759213547,5.865063972227197,6.5264652782737365,33.14724136776829,1114.333678090209,0.18282708052146504,0.3708140244208055,0.1059694960666276,0.14751248641200296,0.03336484971401138,0.020496002802066062,0.04458422712089265,0,1,0,0,0,0,1,1,0,0,0,0,0,0,0.0009946232481206137,0.039793967857401684,0.0,0.321829736759132,0.0004112580578709661,0.0004100235398548993,0.0004078863305299156,0.0004047158235306464,0.000400304223326646,0.0003943340178521326,0.0003863218016368682,0.0003755191382243343,0.0003607304640071427,0.00033996082417608875,0.000309694708186219,0.0002633653466959417,0.0001885783828590509,7.528205960734106e-05,0.0003057648146251035,0.001521187658482217,0.0011825527178365046,0.0009891526792047706,0.0009032973143036773,0.0008691050957091054,0.00020617830298356183,0.01734199825383415,0.0,0.3842123603199772,0.0002958368183909113,0.00029545680691629017,0.0002947978926981648,0.0002938179712198181,0.00029244956157887733,0.0002905884679603489,0.0002880737505954502,0.00028465126832613943,0.0002799037771781428,0.00027310706775405565,0.00026290557393188804,0.00024649210808607575,0.0002172513404074244,0.00015823985217905054,9.851448752364564e-05,0.0004653311791338963,0.00046982651720110617,0.00043847460169443164,0.0004215480331586381,0.00041435679204518617,0.0014985553889297284,0.0494594558392316,0.0,0.5601603790302088,0.0012710597713156064,0.001270689011595015,0.0012700484063311453,0.0012691010300038136,0.0012677887014735589,0.0012660237578808605,0.0012636753282719813,0.0012605462847523948,0.0012563339461992716,0.0012505628109698227,0.001242476523551946,0.0012309379434813047,0.0012151033924452936,0.0012058443865955153,0.0014079430745532664,0.0017907839117378927,0.0015783463111178255,0.0014892418300583767,0.0014522930583886163,0.001437969393862407,0.0015794001063931318,0.04419828009919244,1.5,-0.11645025318667067,-0.00031868895170098285,-0.0003185844155429753,-0.00031840130685447873,-0.0003181246535393697,-0.00031772964476265564,-0.0003171761983761937,-0.00031639870896049867,-0.0003152858101354512,-0.00031363758682183404,-0.00031106644667099536,-0.0003067381266046061,-0.0002985761229453922,-0.00028019613178823346,-0.00022467227772914435,3.132280380720685e-06,-7.780864700686773e-05,-0.00025488200482365895,-0.0002936928524015833,-0.0003056097043127892,-0.00030956123296280353,0.0022042250238848028,-0.057669392397824384,0.0,0.06385915856391215,-0.00020863815872784484,-0.0002087182129190679,-0.00020885603273339704,-0.00020905867474459681,-0.0002093370082880937,-0.0002097068572623124,-0.00021019065771088819,-0.00021081960713748235,-0.000211635581485076,-0.00021268892661800582,-0.00021401365479045397,-0.00021548583256245652,-0.0002159795358092284,-0.0002067116755008632,-0.00010226702624948074,-1.550741813512993e-05,-0.00011193747191054852,-0.0001444497087831906,-0.00015695789214910936,-0.0001616512816232762,0.0073707750508913185,0.10224490464973536,0.0,0.06559683500254154,0.00039898475997539486,0.00039870245867060575,0.000398211245466548,0.0003974766918667713,0.00039644287355479046,0.00039502182253823816,0.0003930743086818568,0.0003903734562431633,0.00038653146645352496,0.0003808391059872294,0.0003718728688317425,0.00035637931920355723,0.0003253878701511225,0.00024658633998464203,1.3240886011870942e-05,0.000261262447921673,0.00042265763716379335,0.0004432819393220856,0.0004463660334878345,0.00044668008391750557,4.107722997413102e-06,-0.002177368802286175,1.7,-712.1056885835136,0.07331434846074103,0.07330348474515347,0.07328463772802962,0.07325658562599813,0.0732173667841991,0.07316394499880374,0.07309161645275353,0.0729929262425344,0.07285558246001145,0.07265814343628207,0.0723602379330206,0.07187760890044538,0.07100872847232154,0.06920768256060228,0.06674823975006561,0.0765973201375516,0.07745256643453048,0.0768529502114923,0.07649498475255799,0.07633798047607154,3.914070006560697e-06,0.0020353184376874604,0.0,459.6845131457233,0.0486351062018926,0.04862883370909543,0.048617836412717004,0.04860119722960832,0.04857739293706942,0.048543955438308466,0.048496830522530836,0.0484291076431802,0.048328324578694286,0.04817020038998976,0.047902206256269515,0.0473929576265526,0.04623685023147495,0.04271844042610873,0.02818928514379948,0.03314750362784835,0.04441026298745498,0.04689130959073395,0.047659505166079086,0.047916161790078515,1.3633555679760676e-07,0.0003708888487737263,0.0,1483.0003215179684,0.02462841291040263,0.024611879737676645,0.024583221009692124,0.024540621215237483,0.024481175651715148,0.02440041062642706,0.02429144125452609,0.024143452116952343,0.0239388210965501,0.023647309662251814,0.02321333422217009,0.02252529212226051,0.021335560728743985,0.019112083976267517,0.018333759788191628,0.03392053402728834,0.032652687237373364,0.03100362529413303,0.030196382945927525,0.029863286065033638,1
2022-06-08 16:27:01.475446500,0.007214548401340526,0.00888146699583603,0.01177841945603682,-0.00228237393539366,0.0018992692854890754,0.0009061366036273637,0,1,0,0,0,0.0,-17.480848921490573,11.133462432774444,36.1320745133243,469.794547708364,-0.050697890528692856,-0.3315256868609417,0.1631427975772696,0.2498580899698128,-0.014931822950909663,0.011543307886732182,-0.006584789099476934,-0.004997392269434735,-0.040932636535285664,0.01925578943170864,-0.01622682587779168,-0.021507604044009625,0.005106487546015421,41.75695520833338,-15.328874982331028,10.40695354666703,18.77589268495146,828.5305922622392,0.0515302317342736,-0.20492786930676332,0.09820661945165804,0.13903677685277324,-0.010739228632206976,0.00819837799785434,-0.015271725049009137,0.3982966502271989,0.2729236612557945,0.2435491821092428,0.1745074278882539,0.25661536114732425,0.30131964016105905,104.73605981686032,5.425075677715904,6.268587896454736,32.28516855708532,1108.8965395359567,0.18348022083390916,0.3625783759497462,0.10274310952931658,0.1440736071819432,0.03232708137528905,0.01964484850426713,0.042478500379037214,0,1,0,0,0,0,1,1,0,0,0,0,0,0,0.0004310181922853968,0.025108257912433214,0.0,0.3125660722686425,0.00037688825161402364,0.000376494149121151,0.0003758101255103077,0.00037479127850778565,0.0003733653537151445,0.0003714201592613861,0.0003687811130856436,0.00036516985088181145,0.00036012357146695753,0.000352825558412595,0.00034171224382504185,0.00032343838487261956,0.00028968116161361314,0.00021606768914799425,9.096102982406389e-05,0.00046636017494560734,0.0005218668960058096,0.0005033242329982936,0.0004908545702280009,0.0004852666958436282,0.00019548784240977656,0.016392659549274106,0.0,0.3770977346281362,0.00030941734330688225,0.00030934817077396537,0.00030922782086408723,0.00030904787924815325,0.0003087946798683433,0.0003084467289782428,0.0003079700097681562,0.0003073090869416505,0.0003063691701183438,0.00030497675404151,0.0003027830416648825,0.0002989887574519172,0.00029138217618130373,0.00027197702698509435,0.00021470079241523755,0.00027741745732560823,0.000316726673001394,0.0003213580033151996,0.00032188339252044347,0.00032186452684639837,0.001420316406476255,0.0469862207022549,0.0,0.5327252551812569,0.0012336478104401636,0.0012334747477940266,0.0012331746646998265,0.0012327283804272338,0.0012321051574760294,0.0012312575447328243,0.0012301122778224855,0.001228553744240128,0.0012263923694564652,0.0012232998576741198,0.0012186643509013596,0.001211229654805676,0.001198091603030525,0.0011722325416186653,0.001152205240722192,0.0013198074832885107,0.001315123867051418,0.0012992727130331314,0.0012911438103995756,0.0012877484490168491,0.0026229876743851053,0.062135119964664476,1.6,-0.10836308725021844,-0.0003635546791621643,-0.0003636212390886288,-0.0003637362157552452,-0.00036390618758957646,-0.0003641415023909302,-0.0003644577109811362,-0.0003648779369213127,-0.00036543679429433887,-0.0003661868862463599,-0.0003672093212876504,-0.00036862810897483016,-0.00037060903526928536,-0.00037314677794192435,-0.000373407589225376,-0.00032850252793741735,-0.0002594959165120427,-0.00030526301716267114,-0.0003230652980587192,-0.00033021997657107415,-0.0003329540038188326,0.002649855461271951,-0.07166981474484761,0.0,0.0688177733662188,-0.00022814699595610343,-0.00022820871911229457,-0.00022831565053034374,-0.0002284744589295708,-0.00022869578918626504,-0.0002289959830285124,-0.00022940008079597304,-0.0002299471920966089,-0.0002307005499125653,-0.00023176750118911117,-0.00023334224110056935,-0.00023580422919383686,-0.0002399463446102472,-0.0002470705407336764,-0.00024276547245309857,-0.00018194067721786773,-0.00019320475138318504,-0.00020141887045775243,-0.00020519923567586672,-0.00020672240242744229,0.012968512901344669,0.13822024064702862,0.0,0.05553404487283152,0.00044715519474317674,0.00044718170036665676,0.0004472270719312384,0.00044729316858615255,0.00044738270734911084,0.0004474993106714321,0.0004476473744063621,0.000447831304315315,0.0004480527188806499,0.00044830095303828723,0.000448519534714233,0.00044847294666276505,0.0004470941184484706,0.00043801446912265036,0.0003703778812759496,0.00033872165263913837,0.00039845977130658684,0.0004165923101759878,0.0004232441031972804,0.0004256819827237851,4.125973438674477e-06,-0.0021698305168370707,2.0,-713.7407977363504,0.07394943929902809,0.07394789510132682,0.07394520506090174,0.07394117516641074,0.0739354889571402,0.07392764579054045,0.07391684735044635,0.07390178037961093,0.07388017310272588,0.07384780738703611,0.07379605156635273,0.07370467381879386,0.07351595945867473,0.0730112277138737,0.07135292231857449,0.07272678645589536,0.07391709573581018,0.0741035032863877,0.07414407019467095,0.07415395833473237,4.6971724400102284e-06,0.0022880226748406827,0.0,458.54641685116485,0.051480340006889946,0.051484622426187336,0.05149202039024203,0.05150295796465088,0.051518102415283096,0.051538456993597485,0.051565514514035016,0.05160151179864414,0.051649853233795895,0.051715801037159885,0.0518074400898314,0.051935734521234345,0.05210137853210384,0.05212715585100014,0.04928790575178432,0.044857236747933626,0.047759349918875316,0.048892515175032784,0.049348422057294165,0.049522724836400966,1.28090547014382e-07,0.00034991921442658567,0.0,1482.4379900391284,0.02498043418299289,0.02497679278337728,0.024970464103304838,0.02496101769212089,0.02494775721029896,0.024929593441413544,0.024904814838535568,0.024870657580684963,0.02482245035350417,0.02475176915660171,0.024642006609894903,0.024456109197799947,0.024095530069608632,0.023228948729389742,0.02106814811692459,0.024457264715636032,0.025805853755137772,0.025856464575184646,0.02581776104869249,0.02579331307364097,1
2022-06-08 16:27:04.225446500,0.006989904942293458,0.008707832309041017,0.011110243925767784,-0.002084221060018954,0.002020662449813413,0.0006598045531786154,0,1,0,0,0,0.0,-17.520738587735778,11.105646568983488,36.11835884898379,547.1179595500557,-0.037110192755403566,-0.3391441632617884,0.15652704287989222,0.24400323135820198,-0.014872755573659947,0.011304866774667787,-0.0070178979904533,-0.005859548185051911,-0.04009251026207942,0.02025998228108599,-0.013336980439264266,-0.02372006908960277,0.004084630250404291,39.81720625000004,-15.31221442076508,10.516418472184704,20.545270975332716,840.2622050932857,0.049468494750610666,-0.22164722417535396,0.09848395523625812,0.14773489599862186,-0.011708573304810508,0.0076682467908986045,-0.01317157260435216,0.3900766501092033,0.2714186799855781,0.2408748109879089,0.1705026135755635,0.25060316725763665,0.3002054147752255,104.70534616295157,5.332893788914365,6.185823099335862,31.04264549296894,1102.7527851176324,0.18396778674589134,0.35117589794743004,0.10235416959985658,0.1387068943037308,0.03130246755654231,0.01885481312391577,0.040476470321066715,0,1,0,0,0,0,1,1,0,0,0,0,0,0,0.0004788540818783671,0.026134445782285774,0.0,0.30336376427965783,0.0004037133171564816,0.0004036663272796587,0.0004035843282615553,0.00040346115722179193,0.000403286705556484,0.0004030448610902078,0.0004027096851846428,0.00040223800137802716,0.00040155403734691136,0.0004005146180637003,0.0003988203962662631,0.00039575051508217515,0.00038917385972939925,0.0003705723497487348,0.00030234069731767746,0.0003426309775740616,0.00039377298602952335,0.0004033937856190266,0.0004059741468583518,0.00040674922260931946,0.00022217181125374692,0.017564181922673668,0.0,0.3699810706738604,0.0003208825451017569,0.00032088864726548955,0.00032089908276018714,0.0003209142612254495,0.00032093477423203454,0.00032096139352030817,0.0003209950144171213,0.00032103642332398374,0.00032108552170007423,0.0003211388023226392,0.0003211806553682665,0.0003211493544736784,0.000320772334267032,0.00031844828401384785,0.0003015756718871259,0.00029414869390891225,0.0003090054929825517,0.00031347547562185843,0.0003151077764214222,0.00031570453809093936,0.0015570020579888206,0.04892143727978809,0.0,0.5053326921693913,0.0012387771021375588,0.001238742409435889,0.0012386820788368306,0.0012385919443738266,0.0012384652518597774,0.001238291404071317,0.0012380536821017564,0.0012377249486123475,0.001237259033428922,0.0012365719629264286,0.001235496309899036,0.0012336526418244894,0.0012300078491229956,0.0012209360751628386,0.0011958687712086222,0.0012277635622430453,0.001244380287304175,0.0012458607882098564,0.0012458322457270536,0.0012457191177785935,0.003330843167223549,0.0718562419573245,1.6,-0.1002391992050407,-0.0003716320354484499,-0.0003716666950553914,-0.00037172678001971306,-0.00037181610735678543,-0.00037194078802915177,-0.00037211024304208747,-0.00037233899159733365,-0.0003726498886108924,-0.0003730802846718421,-0.0003736945592992089,-0.0003746118726361313,-0.00037607413796199887,-0.0003786284595496713,-0.00038350664340125847,-0.00038582803518578783,-0.0003520237050684996,-0.0003544057032749549,-0.00035797714919589516,-0.00035974306618040186,-0.00036047198461769647,0.0024204816400694557,-0.06944636245063626,0.0,0.07379552647887992,-0.0002285089758179625,-0.00022852600753976802,-0.0002285555847124773,-0.00022859967736171304,-0.0002286614625639956,-0.00022874588871936094,-0.00022886068781047915,-0.00022901825491638243,-0.00022923934432568106,-0.00022956092963320133,-0.00023005472510667475,-0.00023087712585322627,-0.0002324296600389772,-0.00023597160674216733,-0.0002433277136595297,-0.00022724531092766734,-0.00022322350836104232,-0.000223597365354925,-0.0002239900888902769,-0.00022417988994331817,0.020588236610616917,0.17469739252539626,0.0,0.04543590084727818,0.0004598732736866371,0.00045990718998751467,0.0004599659177889244,0.00046005306644304923,0.00046017438363393917,0.00046033866305033016,0.00046055931607821366,0.0004608571550123253,0.00046126552856072225,0.0004618403174094167,0.00046268057677056006,0.00046397299392573056,0.0004660759882652124,0.0004693228398307799,0.0004633070545424301,0.00042952565442294036,0.00043877896630793587,0.0004441146342926294,0.00044647573264756913,0.0004474134038016911,4.160004911846932e-06,-0.002179927280741976,1.2,-715.3762108891887,0.07427808149773796,0.0742783687545483,0.07427886301289277,0.07427958908047573,0.07428058500141788,0.07428190577612526,0.07428362851428005,0.07428585837912037,0.07428873120937851,0.07429239425324853,0.07429688263751189,0.0743014856435078,0.07430113443913555,0.07425871320166523,0.07382829142467172,0.07351016410036948,0.07390546065251337,0.07403491037226395,0.07408388206437877,0.07410209351064267,4.93715724990019e-06,0.0023719741160781074,0.0,457.4059887112928,0.051989606692231405,0.05199181534848663,0.05199564428104253,0.052001336846359436,0.05200928268212124,0.05202008253995416,0.0520346624034147,0.05205448016203285,0.05208191899604131,0.052121088196827266,0.05217959776616432,0.052272910631080194,0.05243605649824445,0.05274834221314606,0.052903933482822296,0.05075035663077188,0.050895791370331615,0.05112169297893932,0.05123364279719933,0.05127988558069263,1.334343442394159e-07,0.00035665190681787045,0.0,1481.8757491751505,0.02542003401313764,0.02542000424938351,0.025419946285893502,0.025419845167832026,0.025419674092816532,0.025419385497741587,0.025418892990586528,0.02541803284619704,0.025416475890537527,0.02541350613914517,0.02540739233207745,0.0253932821621845,0.02535428070777357,0.02520837649878871,0.02443708663128774,0.02440091462354843,0.02504147350060748,0.025209291878720563,0.025266542408797218,0.025286746108528213,1
2022-06-08 16:27:06.975446500,0.006765074933432081,0.008534044501908165,0.010442105027123946,-0.0018858750283536,0.002142107704069197,0.00041322640374644713,0,1,0,0,0,0.0,-17.560632945369402,11.077818440172367,36.104638057136995,624.4413713917476,-0.02352241392191681,-0.34676257568089225,0.1499113577629945,0.23814839183391315,-0.014813671982173888,0.011066423000337923,-0.007451021615636558,-0.0043610862120365135,-0.04013807812042385,0.021863612177753608,-0.01420324374854329,-0.02498141530674847,0.005049411749815979,37.78080937500003,-15.342327758779808,10.62366777092291,22.31541120204939,853.765406827664,0.04776270017666419,-0.23868228857405915,0.09897779049983003,0.156145897496513,-0.012451113743990523,0.007333290529299955,-0.011331035133114556,0.38771291137397296,0.2699465259683157,0.2370403061227564,0.17022261672793565,0.24965721374466476,0.29916265171530604,104.59384899855532,5.334570854902079,6.147417347426223,29.64256616601747,1095.959550429954,0.1843435362813381,0.33836423521611897,0.10254374486171383,0.13282044028825826,0.03087828278485501,0.01862093985720045,0.03883115838962061,0,1,0,0,0,0,1,1,0,0,0,0,0,0,0.0005574449987517763,0.028486209678235182,0.0,0.2941480865419096,0.00041707573100385065,0.0004170916968268441,0.00041711923704909615,0.0004171598573971536,0.00041721590665154065,0.00041729087079739503,0.0004173898391827899,0.00041752022327721546,0.00041769280298103225,0.0004179229456064936,0.00041823031394582193,0.0004186259003851143,0.0004190065029734298,0.0004181885578126345,0.00040261504308327246,0.0003856236815068439,0.00040062550337346346,0.0004059696348112391,0.00040805537858384233,0.0004088421309435741,0.00023888906345700064,0.018342391477853957,0.0,0.3628561420598404,0.00032405922816158145,0.0003240675737875495,0.00032408202398089697,0.00032410346562626585,0.000324133310720457,0.00032417371886052024,0.00032422798222021815,0.00032430120659706664,0.000324401566274014,0.00032454274122022635,0.00032474893239554416,0.0003250655842880895,0.0003255791496781192,0.0003263630304362486,0.00032480043838887043,0.00031647945841040663,0.0003188255077716312,0.0003201570752467287,0.00032074452296310986,0.0003209775493950293,0.0017429503369066274,0.05183677634005232,0.0,0.4779400698595799,0.0012438136854994938,0.0012438152281629491,0.0012438178356800472,0.001243821555412819,0.0012438264331775806,0.001243832474099104,0.001243839548736806,0.0012438471623618904,0.0012438538601032224,0.0012438555751943632,0.0012438405204209628,0.0012437707319670858,0.0012434982207640119,0.0012422283061785649,0.001234257371989832,0.0012320646077584856,0.0012389163061896358,0.001240869694797515,0.001241565478912977,0.0012418166896019968,0.003912616720211588,0.07839537555955549,1.8,-0.0921065378852778,-0.00037093775336881184,-0.0003709454131114072,-0.0003709587272845219,-0.0003709786044658906,-0.0003710065151951722,-0.00037104476130440673,-0.0003710969631530387,-0.0003711689740338864,-0.00037127070272138015,-0.00037142005599976203,-0.00037165243866228194,-0.0003720471769350707,-0.0003728166519385333,-0.00037468398914691694,-0.0003794825243163681,-0.00037237653299983237,-0.00036932263503803236,-0.00036915962703263884,-0.00036922238724622944,-0.000369267395724297,0.002118820999372988,-0.0644715892468174,0.0,0.07877517837759472,-0.00022698163297485592,-0.0002269828805764717,-0.00022698506936492247,-0.0002269883843889001,-0.00022699313357849892,-0.00022699981713316696,-0.000227009259349402,-0.00022702287093117647,-0.00022704320870264145,-0.0002270752861111514,-0.000227130039420828,-0.00022723512927899477,-0.0002274772777316808,-0.0002282312298646995,-0.00023145516448300812,-0.00023050591714540104,-0.0002279680096327601,-0.00022739866839522368,-0.00022722220255328444,-0.00022716336055677002,0.032851090321519096,0.21716399494961988,0.0,0.035325950395738215,0.00046077500174443887,0.00046078585156905666,0.00046080468380591515,0.0004608327360175732,0.0004608719999717818,0.00046092556911506865,0.0004609982587728768,0.00046109775021938986,0.0004612368217958078,0.0004614380422736715,0.0004617446689068612,0.00046224941184389257,0.0004631835969818752,0.0004652288913631568,0.000468769374772446,0.0004584263707928022,0.0004568213104018917,0.00045731414348297117,0.0004576519597793337,0.0004578039432890733,4.159792584288472e-06,-0.0021812844989546353,1.4,-717.0118720471164,0.07435810677829124,0.07435835223540721,0.07435877742728536,0.07435940878779945,0.07436028849046039,0.07436148123304775,0.07436308605418772,0.0743652574325715,0.07436824467139402,0.07437246987608859,0.07437869353992532,0.07438839111888562,0.07440459634507235,0.07443188809873648,0.074408929427495,0.07416615615752775,0.07421594402628884,0.07424999627098572,0.07426551574012398,0.07427174615412557,4.9740514020524085e-06,0.002387253552898545,0.0,456.2650054767946,0.051943895381441514,0.05194438039208649,0.05194522346335617,0.051946482172297685,0.051948249718059,0.051950672008082684,0.05195397857476891,0.05195854061728866,0.051964986732761176,0.05197445339094031,0.05198918886937953,0.05201423450043308,0.05206310334260245,0.05218190469454776,0.05248879862215894,0.0520391075576665,0.051843186400484235,0.05183218710020476,0.05183592811780091,0.051838695502699934,1.3624409686526482e-07,0.00036132334634701567,0.0,1481.3132171531593,0.025567404973742214,0.025567709856801457,0.025568237303829733,0.02556901889204255,0.025570104685911588,0.025571570799783668,0.025573532295659614,0.025576165547889215,0.025579748251111308,0.02558473361934688,0.025591891012830104,0.02560255339706785,0.025618721772389108,0.02563737244231845,0.025526058318547484,0.025217449094270702,0.02534846500649479,0.025409162963786255,0.025434769116259304,0.0254447512043452,1
2022-06-08 16:27:09.725446500,0.006540041217569521,0.0083601952511662,0.009773901999628527,-0.0016875158550348605,0.0022635382656435235,0.00016660716033382804,0,1,0,0,0,0.0,-17.60052894832213,11.049989496844576,36.0909146943709,701.7647832334392,-0.009934623980498044,-0.3543809684313162,0.14329568767250792,0.2322935341430561,-0.014754583053019882,0.010827973680789938,-0.007884151728150011,-0.002061423772804864,-0.03745730067298348,0.02229048151673247,-0.009093673515733392,-0.02594838414205705,0.004329652179199026,35.580127083333366,-15.494912062018635,10.697204146103047,24.114555687493983,869.0406135358028,0.04662610670652748,-0.25637480128908,0.10052452716409073,0.16417812123069744,-0.01321497472785235,0.007224044399753331,-0.00932811823171388,0.38361764000304216,0.2663926620016462,0.20296464974296385,0.14120286634465293,0.24923242299630924,0.2981910953797129,104.3517844476093,5.294019839898062,6.0354726018333125,27.990231879892693,1088.5644110858113,0.18446143083123628,0.32315965064908136,0.10265190923061424,0.1265104699249636,0.029544566882685162,0.01830367739945274,0.0361358497490662,0,1,0,0,0,0,1,1,0,0,0,0,0,0,0.0006084291504115822,0.029977508984568437,0.0,0.2849219254434111,0.00041993236549622484,0.0004199426328150464,0.00041996042537433687,0.0004199868618147904,0.00042002373009841076,0.000420073780190839,0.00042014123666998283,0.00042023272083764515,0.0004203589898500665,0.0004205384317401417,0.00042080466136567614,0.0004212245400538814,0.0004219431616119748,0.0004232417545558965,0.00042313396224956385,0.0004130514609389071,0.0004144217488272076,0.0004156566852711449,0.0004162407104772491,0.00041647823448488617,0.00024938826474428543,0.018799360292084368,0.0,0.3557282769838243,0.0003242968799353138,0.00032429958091324124,0.0003243042688695769,0.0003243112515556694,0.00032432102419723344,0.0003243343557677928,0.0003243524429157006,0.0003243771937624113,0.00032441178098241603,0.00032446180423444446,0.00032453798608150965,0.0003246632749090584,0.0003248947941846625,0.00032539995751486306,0.000326259650742549,0.0003236830012658398,0.0003233015397111098,0.0003234290436329064,0.00032351479802111187,0.0003235532209645174,0.0019517061152523614,0.05497360520440739,0.0,0.4505439322753555,0.0012453238310194336,0.0012453274420566596,0.001245333692511487,0.001245342962560292,0.001245355856571255,0.001245373296916468,0.0012453966854965928,0.001245428187510998,0.0012454712491240492,0.001245531587692009,0.001245619177158241,0.001245752262215934,0.0012459632327651345,0.0012462591152664678,0.0012453478884303425,0.0012417274067975676,0.0012429389656503714,0.0012435673843508375,0.0012438395425832527,0.0012439467421570926,0.00460647560119946,0.08514536099708878,0.5,-0.08397359333889465,-0.0003699665583948436,-0.00036996651602166745,-0.0003699664562998584,-0.0003699663997559768,-0.00036996638542278586,-0.000369966486944498,-0.00036996684605625354,-0.0003699677456930166,-0.00036996978113984735,-0.00036997429902740876,-0.00036998466776021807,-0.0003700106113364572,-0.0003700868966788429,-0.0003703866926374304,-0.0003720440961434753,-0.0003722269614287207,-0.0003708369718130968,-0.000370463624600913,-0.0003703345571757877,-0.00037028868237740304,0.001876351355324974,-0.06008417914474457,0.0,0.08375393165789285,-0.00022635733454578336,-0.00022635633861262106,-0.0002263546176894168,-0.0002263520723664982,-0.00022634854600644356,-0.00022634380261913383,-0.0002263374900196369,-0.000226329078216945,-0.00022631775525097306,-0.00022630225225797436,-0.0002262805777482509,-0.00022624986493078905,-0.00022620883781724469,-0.00022619330354677232,-0.00022680338004111295,-0.00022783250321445567,-0.00022719862155868155,-0.0002269455696956267,-0.0002268430843456509,-0.00022680379799492158,0.059667813195862326,0.28093355517842805,0.0,0.025214339594621736,0.00046002079443467625,0.0004600220528618732,0.00046002424940937283,0.0004600275501274657,0.00046003222758515556,0.00046003871667251866,0.00046004771840317,0.0004600604014713153,0.0004600788206861689,0.0004601068672812583,0.00046015269841519533,0.00046023602009875197,0.00046041532592173664,0.0004609257580525573,0.0004628198930713499,0.0004617467162866191,0.0004603211426436405,0.0004600486066444,0.00045997439196959777,0.00045995182580001485,4.1442416928154675e-06,-0.002177469366490887,1.5,-718.6476105793382,0.07436071435172664,0.0743607844054992,0.07436090604484491,0.07436108734429325,0.07436134131870631,0.07436168822515299,0.07436215968564852,0.07436280633068648,0.07436371280024545,0.07436502955959767,0.07436704760938184,0.07437039891578934,0.07437669509026001,0.07439091920381813,0.07441930854439249,0.07435299839391263,0.07433801514324577,0.07433996824717681,0.07434172681742535,0.07434255829644343,4.9833579853379636e-06,0.002390024866593043,0.0,455.1240054619642,0.05188180773627949,0.05188180392684672,0.05188179819781169,0.05188179173457996,0.051881786827870265,0.05188178786722375,0.05188180341658821,0.05188185076752205,0.05188196664486711,0.05188223477063225,0.05188286590423274,0.051884471742033256,0.05188924950667762,0.051908191078592125,0.05201369783820908,0.05202642978411909,0.051937807281234434,0.05191390959114362,0.05190563110757207,0.051902685385368574,1.3692574166806868e-07,0.0003626501849525401,0.0,1480.7505569908767,0.02558646649538332,0.02558658746505671,0.02558679730512381,0.025587109576463263,0.025587546048171816,0.02558814040905588,0.0255889448455946,0.02559004207298443,0.025591568528724903,0.025593762422914782,0.025597072967016743,0.02560243949850971,0.025612107582851703,0.025632033101928187,0.025655878840510127,0.025539227770828173,0.02553438908356753,0.025543357177390646,0.025548318498870515,0.025550436309653257,1
2022-06-08 16:27:12.475446500,0.006314944765322349,0.008186334495212562,0.00910567123873068,-0.0014891683102786855,0.0023849586927891927,-8.000672546200298e-05,0,1,0,0,0,0.0,-17.640425268483288,11.022161380969912,36.07719086626838,779.0881950751311,0.003653162773497588,-0.3619993602476338,0.13668001799613275,0.2264386674243739,-0.014695493270915953,0.010589522502997002,-0.008317282861770086,-0.003484747793423229,-0.03566422924610069,0.02250539351253917,-0.014928585449130031,-0.025366694762994902,0.0040798179808266355,33.334200000000045,-15.853223934311297,10.820627089283214,25.963229427576128,886.0874536566494,0.0456973966871095,-0.27530623469182985,0.10353979943741684,0.17130605672429594,-0.012799526710158595,0.007128799028440636,-0.007918560449751224,0.3785500689822943,0.2650337774833041,0.18859406012277286,0.1152078473962991,0.2461387573578039,0.2970286192769851,104.03432841676823,4.8592730160822635,5.871944451974528,25.97774187975307,1080.6070736481245,0.1844744063069749,0.3037271743179146,0.10166707120807343,0.12095367765106575,0.028741506767744337,0.017987803928114866,0.03415234652402113,0,1,0,0,0,0,1,1,0,0,0,0,0,0,0.0006486355461198724,0.031045936414578132,0.0,0.27569285459244297,0.000419878611689694,0.00041988120328862594,0.0004198857054253415,0.00041989242076958047,0.000419901838117142,0.000419914720252235,0.0004199322620903143,0.0004199563855630303,0.00041999032265184813,0.00042003986385289247,0.0004201163270815917,0.0004202446670459464,0.00042049007613422564,0.0004210643657244547,0.00042237567280922853,0.00041994483326593737,0.0004191724247723456,0.00041918665961956583,0.00041923175926589137,0.000419255446783558,0.00025878032156864233,0.01917508217356053,0.0,0.3485999886932391,0.00032411238531081243,0.0003241127021726478,0.0003241132552007017,0.000324114086122769,0.00032411526341759664,0.00032411689630861343,0.00032411916078423086,0.00032412235009622245,0.0003241269795343313,0.0003241340242212589,0.000324145526579174,0.00032416641567596487,0.00032421130391444616,0.00032433882733736737,0.00032481032990602614,0.00032453965128375825,0.00032418523567108014,0.00032411781885068654,0.00032409954677124287,0.00032409401172490493,0.002192590541308261,0.05837236473014482,0.0,0.4231464340479969,0.0012454718949163612,0.001245473161212568,0.0012454753585249972,0.00124547863015214,0.0012454832064535439,0.0012454894446194476,0.001245497899443157,0.0012455094533631516,0.0012455255687836633,0.0012455488153085767,0.001245584082716111,0.0012456417384782096,0.0012457471795341796,0.001245972071100084,0.0012463102678935466,0.001245096730424878,0.001244972072227327,0.0012450462630946091,0.0012450914247206322,0.0012451111957013472,0.0055337793920996105,0.09329921646956958,1.4,-0.07584130166346882,-0.0003696505420648071,-0.0003696498596684854,-0.0003696486789245279,-0.00036964692879008597,-0.00036964449653318927,-0.00036964121055625037,-0.00036963681100577643,-0.00036963089859739763,-0.0003696228424708802,-0.00036961160750707784,-0.00036959542060974784,-0.0003695711525638756,-0.00036953380916282985,-0.00036948761634814325,-0.0003697126030802514,-0.000370401285429331,-0.0003701282285524629,-0.0003699977410095939,-0.00036994227465661847,-0.00036992058629017416,0.0016830398942828868,-0.05643395731540483,0.0,0.08873217079925756,-0.00022624807088285868,-0.00022624757588578242,-0.0002262467176837894,-0.00022624544160141939,-0.00022624366006462543,-0.00022624123797749214,-0.00022623796695454268,-0.00022623351858669458,-0.0002262273553140081,-0.00022621854849710479,-0.00022620537365057247,-0.0002261843111272385,-0.00022614731827741777,-0.00022607567310804462,-0.0002260317901073396,-0.0002265136928939625,-0.00022648863465971191,-0.00022644000494581227,-0.00022641560016707329,-0.0002264054786944563,0.14544749067314292,0.3974192005856418,0.0,0.015103109761965869,0.00045965013103739207,0.00045964967558786903,0.0004596488898127051,0.0004596477304869176,0.0004596461301061705,0.00045964398830848136,0.00045964115819144226,0.0004596374249768591,0.0004596324742347751,0.00045962585220685165,0.0004596169600563388,0.0004596053760682698,0.0004595936617956501,0.00045961369528814714,0.0004600400423136888,0.00046052323223340585,0.00046011024333291833,0.00045996177170315266,0.00045990364050304953,0.0004598816819845509,4.125797514396495e-06,-0.0021724153829288176,1.5,-720.2833577316652,0.07435473799867509,0.07435474314790724,0.0743547521784862,0.07435476584829104,0.0743547854171851,0.07435481292951351,0.0743548517497743,0.07435490762668451,0.07435499096188636,0.07435512211007023,0.07435534537752453,0.0743557725612547,0.0743567532115641,0.0743597927241737,0.07437270659689688,0.07436875542638077,0.0743586084558494,0.07435634573882233,0.07435564740382805,0.07435541511271104,5.0003305857442325e-06,0.002393955976242271,0.0,453.9830473164391,0.05186173635002689,0.05186169343851077,0.05186161919124288,0.051861509144664815,0.051861356216910785,0.051861149630351384,0.05186087306894649,0.05186050147181653,0.05185999526660368,0.05185928957974717,0.05185827345122185,0.05185675163892967,0.051854415523951765,0.05185155760984728,0.05186595999818522,0.051909288501345685,0.051891905135054366,0.0518836430688685,0.05188013571743433,0.051878764973582125,1.37013101456729e-07,0.0003628541173288365,0.0,1480.187872400457,0.025581127327399145,0.025581148007518092,0.02558118399963405,0.02558123784162092,0.025581313659699845,0.025581417954455787,0.025581561035707526,0.025581759750437527,0.02558204300262901,0.025582463924408216,0.02558312990142753,0.0255842887457618,0.025586632855734592,0.025592701117098212,0.02561123152241862,0.025592521958976988,0.025579618929896242,0.02557793983245915,0.0255776831184491,0.025577653658988453,1
2022-06-08 16:27:15.225446500,0.0060898419717923214,0.0080124736056232,0.00843743543411094,-0.0012908259964404874,0.002506376861995836,-0.0003266152442126785,0,1,0,0,0,0.0,-17.680321866292328,10.994333993825855,36.06346707223603,856.411606916823,0.017240945918364576,-0.3696177549265564,0.13006434881797907,0.22058379548817766,-0.014636402848970909,0.010351071381029852,-0.008750413518883152,-0.0009776911254408254,-0.034980007638470006,0.023015308033430684,-0.014430677215906662,-0.025164562442815255,0.0036000330169556243,31.131620833333372,-16.174876079166573,11.030532553620768,27.838699335960413,904.9062324693097,0.044524787239876636,-0.2947584136297126,0.10589412480693666,0.178054733560188,-0.01284022421545311,0.00714745999254912,-0.005934010039938676,0.3745557400923036,0.2641386064431948,0.17923183279043492,0.11494659398896108,0.24555346438205464,0.2962670959343828,103.697734655672,4.4765684794660086,5.702896875759232,23.56898455759356,1072.118144932818,0.18452616768168245,0.2808282243028636,0.10109225292312056,0.11527388469075266,0.02865319161333155,0.017941966730613327,0.031401898990652495,0,1,0,0,0,0,1,1,0,0,0,0,0,0,0.0006900271906513068,0.03207118916914913,0.0,0.2664635668857487,0.00041960970370899514,0.00041960981872248704,0.0004196100223312939,0.00041961033495026967,0.0004196107911609362,0.00041961144841882667,0.0004196124039569215,0.0004196138292324857,0.00041961604532553086,0.00041961970426464783,0.0004196262823039634,0.0004196396640166562,0.0004196725640771325,0.00041978279588544484,0.0004203011479429917,0.0004202324975619478,0.00041981377237577597,0.00041971213640587453,0.0004196789636334896,0.0004196675470970112,0.000268727424025137,0.01955861172685965,0.0,0.3414717901093769,0.00032401823834417315,0.0003240181315019228,0.00032401794735878106,0.00032401767612145685,0.0003240173025942962,0.0003240168044056982,0.00032401614928916425,0.0003240152911386935,0.00032401416501374314,0.0003240126840836094,0.0003240107562284744,0.0003240084204065904,0.0003240067651725772,0.00032401567246645793,0.00032413853511507364,0.00032425383268361313,0.00032413786284481334,0.000324097955653138,0.0003240825723973689,0.0003240768021882509,0.002479951325709773,0.062174901079034416,0.0,0.395748714113063,0.0012453986617808402,0.0012453988357964475,0.001245399139067828,0.0012453995936984874,0.00124540023579571,0.0012454011225960307,0.0012454023456045895,0.0012454040558418922,0.0012454065156204813,0.001245410214481572,0.0012454161607282667,0.0012454267380950408,0.001245448828337891,0.0012455089985047279,0.0012457143815718544,0.0012455611630853914,0.001245411270242137,0.0012453861491321314,0.0012453802084512972,0.0012453786198217554,0.006802819628790475,0.10335497079646,1.5,-0.06770928738609781,-0.0003696122690832748,-0.0003696120054191981,-0.00036961154801426217,-0.00036961086723727443,-0.00036960991550373176,-0.0003696086191368833,-0.00036960686392338923,-0.0003696044686663834,-0.0003696011341089752,-0.00036959633686967,-0.00036958908754470697,-0.00036957730937047634,-0.0003695560039888679,-0.0003695116775770846,-0.00036945483283784786,-0.0003697086687832398,-0.0003697232844994097,-0.0003697048200813563,-0.0003696943791296837,-0.00036968989471003043,0.001521546579936025,-0.05327392286503473,0.0,0.09371028897991167,-0.00022625973031411078,-0.00022625962265627846,-0.00022625943550801456,-0.0002262591560675169,-0.0002262587636077231,-0.00022625822566908502,-0.00022625749116647872,-0.00022625647744015318,-0.0002262550444146697,-0.00022625293861427973,-0.00022624965799668837,-0.0002262440750054372,-0.00022623315996384092,-0.00022620652914612406,-0.0002261369923927592,-0.0002262366878980401,-0.0002262813597645953,-0.00022628411627096613,-0.00022628339423715318,-0.00022628281836739985,0.8480256068172193,0.680469472436143,0.0,0.004992171642016713,0.0004595717950198817,0.00045957150810617756,0.0004595710108930432,0.00045957027209993895,0.00045956924172493077,0.00045956784285152737,0.00045956595729465207,0.00045956339976906184,0.000459559869142625,0.0004595548503942924,0.000459547401270968,0.0004595356450854737,0.00045951549796373136,0.0004594789566154239,0.00045948059497114344,0.000459762226948971,0.00045972508296767735,0.0004596908787799045,0.0004596746635738329,0.00045966806333481926,4.107642757300357e-06,-0.0021673486617683952,1.6,-721.9191016870926,0.07435197626672617,0.07435197072619815,0.07435196115188347,0.0743519469893883,0.07435192736512164,0.07435190096207123,0.07435186581324515,0.07435181895495191,0.0743517558389506,0.07435166933752058,0.07435154819823175,0.07435137598788444,0.07435114387156716,0.07435104253292124,0.07435435547305502,0.07436007362319685,0.07435661494312029,0.07435522523322291,0.07435466127212909,0.07435444498938182,5.022849706994706e-06,0.002399444965529552,0.0,452.8421070469964,0.05185956311336781,0.051859548761328256,0.05185952385509296,0.0518594867665243,0.051859434877446375,0.05185936412603098,0.0518592681990846,0.051859137045845216,0.05185895399072393,0.0518586896840727,0.05185828815068128,0.05185763030086577,0.051856422685460764,0.05185382542174466,0.051849729777085685,0.051863461448794716,0.05186509372203752,0.0518643112431576,0.05186381943603635,0.051863602425781696,1.3705720985123857e-07,0.00036291392175340513,0.0,1479.6251895537796,0.02557755670085271,0.025577552919941127,0.02557754639722987,0.02557753677521646,0.02557752349471798,0.025577505726019467,0.025577482255499717,0.02557745131154832,0.025577410307320747,0.025577355528682236,0.025577282133106397,0.02557718699024747,0.02557709266721986,0.025577270240489725,0.025580870396652244,0.02558488674834081,0.025581407533664446,0.025580161440284854,0.02557967416858986,0.02557949023937489,1
2022-06-08 16:27:17.975446500,0.00586474355933654,0.007838620643146901,0.007769197285107597,-0.0010924834881766436,0.00262779584089455,-0.000573222291077697,0,1,0,0,0,0.0,-17.720218867886892,10.966507426715028,36.04974230897832,933.7350187585147,0.03082872684417909,-0.3772361445591893,0.1234486798089247,0.21472891142382608,-0.014577311029252126,0.01011262107554994,-0.009183544973415541,0.00011735206888715383,-0.03141020132777672,0.016831495130687643,-0.013074268577142334,-0.02500756550883939,0.007355098428836352,28.076293750000048,-16.624800166684516,11.080129983524852,29.64926769145865,925.4988076037922,0.04463493373906245,-0.3139341787864106,0.1096001298199592,0.1845251882739776,-0.013101091404084204,0.007689506822406266,-0.0048359760010676526,0.30192330637071657,0.22116770068561267,0.15560048695765366,0.1071887341193359,0.23477251504981456,0.2846190744658708,102.51660766561855,3.4177461832354235,5.650590457374373,20.939922044951253,1063.1181272814454,0.18446251813216186,0.2558194233933185,0.09830674115969104,0.1091062521274742,0.028243870986506818,0.015475152698458602,0.030207370450645463,0,1,0,0,0,0,1,1,0,0,0,0,0,0,0.0007361047829112518,0.03316977805141249,0.0,0.25723444863582073,0.000419510968158357,0.0004195107963019563,0.00041951049918031313,0.000419510059341828,0.000419509449207954,0.000419508627050447,0.00041950753021253485,0.0004195060635667431,0.00041950407942964636,0.0004195013420073965,0.0004194974661309815,0.00041949183872266003,0.0004194838209036368,0.0004194775275827255,0.0004195631843717318,0.0004197390957571034,0.0004196461035701916,0.00041960679711672093,0.0004195906119486819,0.0004195843642586545,0.0002794443287837712,0.01996399863888628,0.0,0.33434366462925924,0.00032399737110055954,0.00032399737940988493,0.0003239973941548472,0.00032399741687452743,0.0003239974501857458,0.00032399749845627573,0.0003239975691169527,0.00032399767534657854,0.00032399784197407674,0.00032399811973530743,0.0003239986242326142,0.00032399966162562863,0.00032400224073249236,0.00032401098314687946,0.0003240526597381877,0.00032404806038064884,0.00032401427703073084,0.00032400599466907414,0.0003240032748724293,0.000324002335553234,0.0028294380697380704,0.0665032073057437,0.0,0.36835102556725946,0.001245357095258054,0.0012453570256085525,0.0012453569052433414,0.001245356727183948,0.0012453564804276484,0.0012453561483817784,0.001245355706250284,0.0012453551166441788,0.0012453543221109269,0.001245353232426272,0.0012453517046488616,0.0012453495278339241,0.001245346575755979,0.0012453451702120026,0.0012453861021822152,0.0012454579250631738,0.0012454150431865365,0.001245397731428545,0.001245390696694334,0.0012453879962187953,0.008588545771315922,0.11590268226836012,1.5,-0.059577323061768925,-0.00036962388254516317,-0.00036962383461641626,-0.0003696237512460527,-0.00036962362663777766,-0.00036962345138499657,-0.0003696232107090326,-0.00036962288125309616,-0.00036962242502075216,-0.0003696217771837341,-0.0003696208194089916,-0.00036961931466220803,-0.0003696167223892417,-0.00036961155738151984,-0.0003695985244379792,-0.0003695611758527764,-0.0003696050149508664,-0.00036963024226118607,-0.0003696328898412941,-0.00036963305694122416,-0.000369632973728749,0.0013830178633355069,-0.05046150154150609,0.0,0.0986884056003196,-0.00022627285835137567,-0.00022627285792616367,-0.0002262728570378118,-0.00022627285536214525,-0.000226272852312223,-0.00022627284683489956,-0.0002262728369962514,-0.0002262728190934168,-0.00022627278561186117,-0.00022627272006996504,-0.0002262725823186985,-0.00022627225908072347,-0.00022627135352512335,-0.00022626792751062735,-0.0002262496211132853,-0.00022624847766394493,-0.0002262637190409483,-0.0002262677373958645,-0.00022626911287754702,-0.00022626959917593575,0.8187603833072462,2.3696704011084484,1.7,-0.00511868684995181,0.0004595731028439728,0.0004595730338826929,0.0004595729141075051,0.00045957273550970186,0.00045957248516607626,0.0004595721429320709,0.00045957167729764764,0.0004595710376787999,0.00045957013922385664,0.0004595688304074506,0.00045956681636942547,0.00045956345105220743,0.00045955706328948225,0.0004595423302523167,0.00045951041552401434,0.00045957535298709473,0.00045959341793788694,0.00045959237718491935,0.0004595909494265319,0.0004595902384080501,4.0899300151051716e-06,-0.0021624020962320283,1.6,-723.5548440447652,0.07435081716059244,0.07435081585356329,0.07435081362592655,0.07435081040388525,0.07435080608647128,0.07435080055549292,0.07435079370733888,0.07435078554566132,0.07435077644639065,0.07435076794895322,0.07435076534349605,0.07435078740092926,0.07435091213800504,0.07435157937129944,0.07435611377350426,0.07435778266192372,0.0743538314064196,0.07435266944355945,0.07435224951766717,0.07435209685792499,5.046979829456794e-06,0.002405450007324255,0.0,451.7011705960992,0.051861203403959166,0.051861202298383084,0.05186120032287533,0.05186119724777427,0.05186119267886369,0.05186118595058176,0.05186117591642159,0.051861160514889086,0.05186113580779228,0.0518610936332653,0.05186101513062269,0.05186084964160997,0.05186042785061496,0.051858961877050185,0.05185177270022123,0.05185224451899195,0.051858112964540126,0.05185958037384086,0.05186006787027075,0.05186023738447654,1.3713645949805213e-07,0.0003630215966333428,0.0,1479.0625091272846,0.02557641144488798,0.0255763990894593,0.025576377655767143,0.02557634575607892,0.0255763011619905,0.025576240423873745,0.025576158194610343,0.025576045993467744,0.025575889818178155,0.02557566518908061,0.02557532585534261,0.02557477482608661,0.025573779014195,0.025571711806023245,0.02556910167789539,0.025581001327751096,0.02558164117250783,0.02558076392357833,0.025580270543841262,0.02558005897719795,1
2022-06-08 16:27:20.725446500,0.005639650451465374,0.007664813557573437,0.007100944666018256,-0.0008941398351221078,0.0027492143991727103,-0.0008198266696170951,0,1,0,0,0,0.0,-17.76011401891466,10.938679948389833,36.03601270713239,1011.0584306002063,0.044416518556108606,-0.3848544867082566,0.11683299195935873,0.20887401249883664,-0.01451822216355739,0.009874170520344144,-0.009616685109049679,0.003611263159005897,-0.02972965830919665,0.016211740140399937,-0.011972152846388391,-0.02519519795564897,0.009426403334227795,21.988843750000047,-16.892289419301623,11.261475157819035,31.449166297867645,947.8620667275881,0.04342834031495503,-0.3337826388200065,0.11089231174393696,0.19063425969713255,-0.013795042458253214,0.008142725685968872,-0.0051856873342849075,0.29658302994773045,0.20116453636859025,0.1433048786825865,0.0964198225688207,0.2320364532170864,0.2812690913757,93.30399967140309,2.9736222822400284,5.466826642724949,17.793644255289568,1053.6228229017267,0.18427861200944534,0.22466323444033845,0.09788718802145446,0.10277558348605902,0.02758068819493352,0.014758946943862582,0.026702720339588624,0,1,0,0,0,0,1,1,0,0,0,0,0,0,0.0007875810976619187,0.034358893125226685,0.0,0.2480054172501575,0.0004194992241696727,0.0004194991555234381,0.00041949903632345487,0.000419498858648934,0.0004194986097304856,0.0004194982696891364,0.00041949780748384846,0.00041949717339523086,0.0004194962842655565,0.0004194949921664118,0.00041949301074654857,0.0004194897173189355,0.0004194835205700792,0.0004194694779703885,0.0004194410925245518,0.0004195060217351849,0.0004195211773949337,0.000419519389423785,0.0004195177095787923,0.000419516910121977,0.00029089891790075984,0.02038864245546771,0.0,0.3272155815169209,0.00032401892922157,0.0003240192288789072,0.0003240197481138851,0.00032402051948167415,0.00032402159499335045,0.0003240230545940824,0.0003240250209919793,0.00032402768628673166,0.00032403136206718934,0.0003240365797401931,0.00032404430740951614,0.0003240564594972498,0.0003240771399286788,0.0003241139121446992,0.000324104641776346,0.00032380985630651483,0.0003238549656148452,0.00032389236902713014,0.00032390988222213155,0.00032391698049172345,0.003260976195453071,0.0714822573182404,0.0,0.3409533608225879,0.0012453393901069795,0.001245339261350821,0.0012453390383118206,0.0012453387071206035,0.0012453382456485836,0.0012453376199470095,0.0012453367780433794,0.0012453356388637225,0.0012453340715496244,0.0012453318544930465,0.001245328588302866,0.0012453234976751706,0.0012453149864599712,0.0012453006290525995,0.0012453124466194256,0.001245439777312344,0.001245413849557747,0.0012453960369956695,0.0012453879130523253,0.0012453846509018433,0.011213398252229485,0.13192579545251262,1.8,-0.05144535266642092,-0.000369629375299052,-0.0003696293911950727,-0.0003696294188259668,-0.0003696294600780432,-0.000369629518004472,-0.00036962959738475517,-0.00036962970573693835,-0.0003696298552175912,-0.0003696300664095228,-0.00036963037651728797,-0.0003696308591219152,-0.00036963167915051153,-0.0003696332784276983,-0.0003696371629466904,-0.0003696471717783529,-0.0003696324293829094,-0.0003696260494027866,-0.0003696256998420669,-0.0003696258262157741,-0.00036962591824537833,0.0012628549973750286,-0.04792993306115225,0.0,0.10366653252352316,-0.00022627565814612588,-0.00022627568708242016,-0.0002262757373558289,-0.00022627581235522105,-0.00022627591755563882,-0.00022627606150582046,-0.0002262762576072481,-0.00022627652743566426,-0.00022627690731772364,-0.000226277462440977,-0.0002262783204919189,-0.0002262797638558421,-0.00022628253371563198,-0.00022628906050279048,-0.00022630432408041757,-0.00022627723580077817,-0.00022626809162123096,-0.0002262681122588144,-0.0002262685682442268,-0.0002262688158725737,0.14328236638829098,-1.5984047743584353,1.4,-0.015229539032279868,0.00045958067917463387,0.0004595807024994661,0.00045958074289172596,0.0004595808028411905,0.00045958088631461004,0.00045958099938515163,0.00045958115132400907,0.0004595813565376754,0.00045958163815358377,0.0004595820350312387,0.00045958261635205966,0.0004595835135267953,0.00045958498373732567,0.00045958730880679656,0.00045958367017489416,0.0004595604758812042,0.0004595664242079456,0.00045956998392400125,0.0004595715701073753,0.0004595722016565002,4.072443305289188e-06,-0.002157492772076884,1.5,-725.1905856424748,0.0743504243869495,0.0743504468104419,0.07435048577050196,0.0743505438965073,0.07435062543729032,0.07435073702886541,0.07435088907750398,0.07435109834379006,0.07435139306304707,0.07435182393941986,0.07435249038510605,0.07435361255136641,0.07435576948398825,0.07436086767212657,0.07437291535641323,0.07435194267221235,0.07434467312624092,0.07434464035550903,0.07434497694169817,0.0743451628780587,5.0713735702484025e-06,0.0024115686303538557,0.0,450.56023421027845,0.051862898822037096,0.0518628805206518,0.0518628486720587,0.05186280103745133,0.05186273397787389,0.051862641763772636,0.05186251531485908,0.05186233980722399,0.05186208983687735,0.051861718774270926,0.051861132547740496,0.05186011459422524,0.051858061878657935,0.051852775432786664,0.051836831500860825,0.051853427877139424,0.05186446653909549,0.05186585140593447,0.051866043767427435,0.05186605764840202,1.372332864311755e-07,0.000363184316554673,0.0,1478.4998269404327,0.025573502785448454,0.025573472571892356,0.02557342025563969,0.025573342621129317,0.025573234548076584,0.02557308820240678,0.02557289163655696,0.02557262630883628,0.02557226250939237,0.025571750450346542,0.0255710018750932,0.025569850425224416,0.025567976648588345,0.025565082820278917,0.025570436394154683,0.025600535553500947,0.025592295425553857,0.025587542043666645,0.02558543843791483,0.025584603103173897,1
2022-06-08 16:27:23.475446500,0.005414556658568141,0.007491134094995329,0.006432656419335414,-0.0006958069558514932,0.002870619313051904,-0.001066417066459162,0,1,0,0,0,0.0,-17.79999584494449,10.910839827736464,36.022273195615675,1088.3818424418982,0.05800437782939425,-0.3924726807178772,0.11021721251471372,0.2030191869109848,-0.014459164001000191,0.009635710000685995,-0.010049853373281922,-0.0038075959488724975,-0.017759582221209373,0.011806261967596205,-0.01354181210011544,-0.019720773247364543,0.01560281092041421,11.99799270833338,-17.244112598320992,11.466702401919786,33.260901744185254,971.9979232589887,0.04163104179366084,-0.35507872259847645,0.11251938749788072,0.1957929943574728,-0.01473022005082969,0.008770709025781509,-0.0077429541285507645,0.14619983629839248,0.16324377886958147,0.12022487096558487,0.09095451525762624,0.2125345942690951,0.2216493896467288,67.27495424559449,1.544188188461704,5.228973378807744,13.652077422101002,1043.6344237445403,0.18370697255815024,0.1803805626960882,0.09627510433020617,0.09745667431566184,0.02317977947642148,0.01066358862774927,0.018294864900289736,0,1,0,0,0,0,1,1,0,0,0,0,0,0,0.0008449511587510631,0.035641339156360134,0.0,0.2387764067515563,0.00041950833100383444,0.00041950825487985927,0.0004195081223143556,0.0004195079238252277,0.00041950764396267963,0.0004195072583210863,0.0004195067280560443,0.00041950598941266955,0.0004195049324033882,0.00041950335346613993,0.0004195008376237609,0.00041949641654660114,0.0004194873430671056,0.0004194632931349426,0.0004193857829456688,0.0004194538607733417,0.0004195091260605797,0.00041951737388719416,0.00041951902977170483,0.000419519390461847,0.00030309927628648667,0.020829581018906758,0.0,0.3200875875727037,0.000324129628382179,0.0003241301355946767,0.00032413101066296185,0.0003241323017022617,0.0003241340838476027,0.00032413646879169214,0.0003241396199911428,0.0003241437763580029,0.0003241492874884221,0.0003241566574453507,0.00032416655000200295,0.0003241794259015076,0.00032419240097870955,0.0003241698189775603,0.0003236935414854224,0.00032315530997734446,0.00032361646847586627,0.00032378214215482946,0.0003238469928173518,0.00032387148698618737,0.003802711854821029,0.07726946918277125,0.0,0.3135556788368742,0.0012453044664487642,0.0012453043479420179,0.001245304143968097,0.001245303844165345,0.0012453034326036158,0.0012453028861617382,0.0012453021722209198,0.0012453012458214837,0.0012453000476742436,0.0012452985098029695,0.0012452965998862046,0.0012452945603180342,0.0012452943029157516,0.001245310260822495,0.0012454795407137835,0.0012456102394801866,0.0012454540350547913,0.001245402436154344,0.0012453828506125207,0.0012453755562108902,0.01531267526287726,0.1530838050376075,1.7,-0.04331337905717952,-0.00036963166733093323,-0.0003696317873098892,-0.0003696319956141645,-0.00036963230602908223,-0.0003696327407648335,-0.00036963333436787184,-0.000369634140721019,-0.0003696352460012325,-0.0003696367940623439,-0.00036963904014186656,-0.00036964247656135683,-0.0003696481683773806,-0.00036965881458626165,-0.00036968264808036094,-0.0003697284046258998,-0.0003696145935176165,-0.0003695913255539468,-0.00036959530731780387,-0.00036959853806048864,-0.00036960003977267136,0.0011579401430024407,-0.04563770785018305,0.0,0.1086446578829399,-0.00022628004159188847,-0.00022628016058941387,-0.00022628036701908066,-0.0002262806742404765,-0.00022628110370431342,-0.00022628168861638705,-0.0002262824804372737,-0.0002262835607766012,-0.0002262850643481125,-0.00022628722659272197,-0.00022629049214498024,-0.00022629579286130683,-0.00022630536539560401,-0.00022632520509232194,-0.00022634996005908067,-0.00022623532143182208,-0.0002262294772451797,-0.00022623801074902076,-0.000226242791805865,-0.0002262448401139771,0.05897028522134354,-0.5976386977158754,1.4,-0.02534038861835162,0.00045959084559555295,0.0004595909422657776,0.00045959110970889786,0.00045959135831101847,0.0004595917046363997,0.0004595921740824338,0.0004595928054989626,0.0004595936594228077,0.0004595948334148628,0.00045959649232914766,0.00045959893225818826,0.0004596027245497262,0.0004596090295732409,0.0004596194810461702,0.000459608826984479,0.0004595130751352914,0.00045953403003498616,0.0004595477996323132,0.00045955403524329405,0.00045955653278090654,4.055083618345084e-06,-0.0021524609540008854,1.5,-726.8263207312195,0.07435655627709536,0.07435665040320316,0.07435681353483402,0.07435705595914754,0.07435739412630937,0.07435785335515988,0.07435847257703188,0.07435931288802068,0.07436047371896848,0.07436212545313126,0.07436458072028529,0.07436846519860829,0.07437515405850803,0.07438744731598845,0.07438856779014102,0.07429631556025383,0.07430711616060393,0.07431796882880093,0.07432316172544784,0.07432528210856493,5.095856302389356e-06,0.0024179365863192105,0.0,449.4192920418554,0.051858790323649366,0.051858689657059635,0.05185851506983141,0.05185825533934008,0.05185789246502637,0.05185739862329086,0.05185673078077357,0.05185582087409557,0.051854556950948094,0.051852744307408834,0.05185001782006715,0.05184562059480946,0.051837771622306406,0.05182194676514662,0.05180621059109747,0.05190363350212834,0.0519042284974347,0.051895852674613614,0.05189141012510312,0.051889536354257526,1.3733447248138812e-07,0.00036340114387616767,0.0,1477.9371368441375,0.025562693561340662,0.025562672750538692,0.025562637178765613,0.025562585480770398,0.025562515697657773,0.02556242530523889,0.025562311451658104,0.02556217184825726,0.025562007642541573,0.02556183260389133,0.02556170443318706,0.025561846406123582,0.02556323332378696,0.025571550058906208,0.02563121971819271,0.025656723996704045,0.02560427703535595,0.025588561309241697,0.025582833194988552,0.025580740924917574,1
2022-06-08 16:27:26.225446500,0.005189416421709336,0.007317500463096755,0.005764381987732545,-0.0004975353966563532,0.002991969864489585,-0.0013129734725296925,0,1,0,0,0,0.0,-17.839839413869875,10.882953805963723,36.00854539840449,1165.7052542835902,0.07159241374449933,-0.4000907620751885,0.10360124043737193,0.19716486137019545,-0.014400209184378357,0.009397208402351,-0.010483046647469676,-0.0019769727332434477,-0.00756301070619673,0.008228261953325338,-0.012499994806068749,-0.018796998006862832,0.011092705510172605,3.284371875000048,-17.220892644381053,11.936296510730815,34.902162165994675,990.0305544814747,0.03739874429781752,-0.3737978106117815,0.11040293382937844,0.2007673318788948,-0.015527102341349368,0.008776438334168964,-0.00932368224128937,0.12258073177709684,0.14376374995044192,0.10269502118653047,0.08953077618198678,0.21030117378187305,0.20560619078353715,27.481006292841244,1.5221666837120649,3.908353090535603,8.655076101747797,1026.2818350992218,0.17809552781594015,0.1344835575523926,0.09420792783062973,0.09077651667776802,0.02087299928524413,0.010278281262733256,0.010686627759421068,0,1,0,0,0,0,1,1,0,0,0,0,0,0,0.0009090031362270953,0.037025678395676734,0.0,0.22954737814507736,0.00041949922573530224,0.0004194988234182857,0.00041949812536406367,0.0004194970861503798,0.0004194956327838069,0.000419493652137011,0.0004194909686126812,0.00041948730314991193,0.0004194821938063456,0.00041947483014974623,0.0004194636733361752,0.0004194454714023365,0.0004194123036335715,0.00041934213165841904,0.0004192416259770748,0.00041962777327801855,0.000419661577567107,0.0004196364629969456,0.00041962158386618084,0.00041961511424731384,0.00031609771739355655,0.02129043004200736,0.0,0.3129597259484321,0.0003243719609031525,0.00032437057303521394,0.00032436815040863537,0.0003243645096291832,0.0003243593496038387,0.00032435218981703706,0.00032434225547683064,0.0003243282544177148,0.0003243079137522521,0.0003242769270488787,0.00032422626125343934,0.00032413407831739013,0.00032393549634684646,0.00032336935425147413,0.0003212629725060264,0.00032244504854389734,0.00032403180843987387,0.00032433624868617554,0.00032441942848324004,0.0003244447877247241,0.0044962292392791365,0.08407563457840236,0.0,0.28615796990980563,0.001245242842540073,0.0012452434724713676,0.0012452445695832065,0.0012452462125663727,0.0012452485296853937,0.0012452517236616351,0.0012452561173637439,0.0012452622411524648,0.0012452710109239534,0.0012452841239359374,0.001245305045634716,0.0012453418787666704,0.0012454176737905405,0.0012456194277285814,0.0012462757027617325,0.0012457136221072102,0.0012452438716042905,0.0012451723149719176,0.00124515747576832,0.0012451540879349107,0.022276966218457414,0.1823107004209792,1.6,-0.035181435576362025,-0.0003696641457616853,-0.0003696645468704643,-0.000369665241703134,-0.0003696662734818143,-0.00036966771117124186,-0.0003696696605827994,-0.0003696722837218264,-0.00036967583334503423,-0.00036968071750281714,-0.0003696876274338258,-0.0003696978094961619,-0.000369713685097097,-0.00036974024835772286,-0.0003697851625929855,-0.0003697493642540781,-0.000369352782790754,-0.00036943270528945417,-0.00036948797012673263,-0.0003695132005144038,-0.00036952333561336687,0.0010658111048007523,-0.04355030598708697,0.0,0.11362275173119026,-0.00022631596500907213,-0.00022631626185198872,-0.00022631677543698096,-0.00022631753659526144,-0.0002263185942314979,-0.0002263200227457457,-0.0002263219347155643,-0.00022632450293547104,-0.00022632799998586158,-0.00022633287204313398,-0.0002263398802942605,-0.00022635035711970048,-0.00022636637304226763,-0.0002263855871694584,-0.00022628294064435967,-0.00022598295605400293,-0.00022610572711906967,-0.00022616355099186426,-0.0002261880440670976,-0.00022619760795967593,0.0324708050853873,-0.36751441612973335,1.3,-0.03545121536941434,0.00045962382762793416,0.000459623937987071,0.0004596241279217136,0.00045962440705254494,0.0004596247901617169,0.00045962529868402366,0.00045962596281465696,0.0004596268240693003,0.00045962793693326,0.0004596293630913743,0.0004596311286535039,0.0004596329965177544,0.00045963314607856513,0.00045961793821369337,0.0004594584120182514,0.000459336538451832,0.0004594835780398328,0.00045953204829365214,0.0004595504313091496,0.00045955727526406277,4.037823092817173e-06,-0.00214705810781216,1.3,-728.4620298428731,0.07438866236196873,0.07438881903884463,0.07438908943375823,0.07438948857097216,0.0743900399577413,0.07439077864201238,0.07439175613817639,0.07439304823927273,0.07439476704549007,0.0743970774010485,0.07440020687791105,0.07440436204045398,0.07440887913718798,0.07440386371730058,0.07426738500370432,0.07410203562170281,0.07423559538315773,0.0742844060697827,0.07430362441636706,0.07431090207459512,5.120507548711847e-06,0.002425115168977701,0.0,448.2783216077705,0.0518263990357184,0.05182616389780037,0.05182575727205574,0.051825155102605436,0.051824319327099744,0.05182319225001919,0.051821687015522144,0.05181967127045084,0.051816938420296665,0.051813155772089566,0.05180777149105786,0.0517998759364211,0.051788344547741616,0.05177757293194318,0.05188303534394656,0.05212271612068165,0.052005287398996465,0.051954116670470014,0.05193286922764884,0.05192463923828372,1.3743770910007447e-07,0.00036352344620372635,0.0,1477.3744418536803,0.025547074168116524,0.0255473198586742,0.025547747313368063,0.02554838640023149,0.02554928562560121,0.025550521272378997,0.02555221405434338,0.025554560663600512,0.025557897370852345,0.02556283955743055,0.02557062396035548,0.02558408331306694,0.025611049442886724,0.02567974285809527,0.025881427523493983,0.02565756827187471,0.025519704351637532,0.02550385986091541,0.025502221905178143,0.02550237129507593,1
2022-06-08 16:27:28.975446500,0.0049640814812424465,0.007142602472048325,0.005096581602866037,-0.00029941217709876804,0.003113235866568954,-0.0015595399772418035,0,1,0,0,0,0.0,-17.879665717079114,10.855008476310447,35.994983957815435,1243.0286661252815,0.08518046029755476,-0.4077100462187098,0.09698546369648152,0.1913119228649212,-0.014341361933911822,0.009158638431495086,-0.01091602764159014,-0.0011301626709455575,0.004506826008605181,0.007240200051874418,-0.007873933167435388,-0.0034051171465641645,-0.0061861146690255905,4.8287300084363476e-14,-17.294360147976036,11.510078991850655,36.140325624682376,1017.7108205612207,0.0416605587542672,-0.38675602211487387,0.11058692707942956,0.2078737854412422,-0.014654589172456827,0.008422527402263728,-0.009082883268488644,0.052367485447350585,0.06663888619213397,0.06112688973770605,0.07080158184726049,0.039179942093492175,0.09576260398167334,4.4424616382782344e-06,0.7970531288317587,2.158440791402481,1.4370010125881194,1015.4209130851939,0.17591001993245273,0.10225718060105396,0.09330020023385263,0.07632619698698284,0.013246433514796714,0.007154070003635781,0.006934864086297683,0,1,0,0,0,0,1,1,0,0,0,0,0,0,0.000980806528454702,0.03852833990250053,0.0,0.22031823503370732,0.0004193754948015605,0.0004193743979319376,0.00041937249970520554,0.00041936968533529817,0.0004193657725240305,0.00041936048344345765,0.0004193533966548192,0.00041934386303615553,0.000419330853463476,0.000419312670547141,0.0004192863815136111,0.0004192467206490099,0.00041918482626862597,0.00041910338010444064,0.0004194259473355253,0.00042052958897039437,0.0004201233234858272,0.0004199222643445208,0.00041983609615774646,0.00041980229370047403,0.00032998698543325035,0.02180842078471084,0.0,0.3058314496527237,0.00032419675743416976,0.0003241847126556826,0.000324163806148324,0.0003241326637424824,0.0003240890737383553,0.00032402960095125754,0.00032394889776940315,0.0003238384331389465,0.00032368401353309074,0.000323460567118513,0.0003231200294508893,0.0003225593568877694,0.00032152131162099546,0.000319247007777428,0.0003152962533371148,0.00032677676982795657,0.0003285755786406833,0.00032803296122245907,0.0003276594798895067,0.0003274913028021942,0.005405119231844095,0.09218197416619464,0.0,0.258760444174525,0.0012453652935675054,0.0012453693726093976,0.0012453764494556492,0.0012453869834665279,0.0012454017125525171,0.0012454217797413722,0.0012454489579828284,0.0012454860621983839,0.0012455377461883955,0.0012456121606108756,0.0012457247443641512,0.0012459080032427988,0.0012462405981357061,0.0012469378577462465,0.0012478797235700911,0.0012439580167379015,0.0012436797440581833,0.001243951530075462,0.001244108288209882,0.001244175974335334,0.03567377519971974,0.2253064186641235,1.6,-0.027049601618263003,-0.0003698060781226159,-0.0003698065486270386,-0.0003698073582487642,-0.00036980854773974484,-0.0003698101796333108,-0.0003698123444192871,-0.0003698151691552266,-0.0003698188275711371,-0.0003698235452220338,-0.00036982957011230514,-0.00036983697661976126,-0.0003698446485604113,-0.00036984445147726126,-0.0003697764002377365,-0.0003690788248890911,-0.00036855774286548596,-0.0003691992113487908,-0.000369409737654205,-0.0003694894456263792,-0.00036951909691640287,0.0009844621041512796,-0.04164035607807999,0.0,0.11860076515851647,-0.00022643215250158638,-0.0002264321462932001,-0.0002264321294507144,-0.00022643209013888975,-0.000226432006678534,-0.0002264318396857836,-0.00022643151596465815,-0.00022643089381397998,-0.0002264296828317133,-0.00022642724056897963,-0.000226421990192991,-0.00022640945318658018,-0.00022637384608916464,-0.0002262376293719905,-0.00022550231670118075,-0.00022544572264476207,-0.00022605927813117984,-0.00022622196539516957,-0.0002262778242108901,-0.0002262976053144267,0.020702235516310872,-0.2653425162998409,2.0,-0.04556201505138901,0.00045968365159918846,0.0004596830801891858,0.0004596820848195168,0.00045968059377826583,0.00045967849010489405,0.0004596755887903525,0.00045967159486210156,0.00045966602313943163,0.00045965803437932073,0.0004596460702441736,0.00045962694098748095,0.00045959316476199387,0.0004595233662099663,0.0004593363318897465,0.00045871917919208387,0.0004592271811944293,0.0004596715426580305,0.00045974130644027843,0.0004597564368345841,0.0004597601018078961,4.020659773311519e-06,-0.0021416694907897,2.0,-730.0976976779277,0.07446184784352282,0.07446146311376367,0.07446079121680782,0.0744597807219165,0.0744583470706246,0.07445635505801107,0.07445358615572673,0.07444967485507803,0.07444397602058928,0.07443526235362796,0.07442094717708159,0.07439474123423295,0.07433782625487062,0.07417370980963868,0.07355095277594614,0.07387553093973764,0.07434778340092052,0.0744407636171065,0.07446677155017856,0.0744748468429246,5.1454900280382265e-06,0.002433102239739611,0.0,447.1372876879648,0.05173067982031654,0.05173079381128787,0.05173099674775728,0.05173131095023109,0.05173177454519262,0.05173245153229189,0.05173345149157527,0.0517349701072618,0.05173737869396789,0.05174144153063765,0.05174891273775195,0.05176447184495103,0.05180365282529742,0.05193820047861486,0.05258917520546191,0.052532706411223984,0.05200311673875824,0.051871914202722635,0.05182855489378646,0.05181352386621718,1.3755698808642582e-07,0.0003626855591131372,0.0,1476.8118175826658,0.025602443161034216,0.025603777621711288,0.02560609201522368,0.025609535152895543,0.02561434573186716,0.025620892729676825,0.02562974686941999,0.025641810926337882,0.025658570012829784,0.025682607471502198,0.025718769083848514,0.02577710418896828,0.02588127691109321,0.02609152356242816,0.02630261292559055,0.02501137914859441,0.025001440432227184,0.025111916128494727,0.02517060969642415,0.025195378362269597,1
2022-06-08 16:27:31.725446500,0.004738412969028993,0.006961537463666396,0.004430736878326493,-0.00010124420662673654,0.0032347508043949896,-0.0018065433725695426,0,1,0,0,0,0.0,-17.919853936531354,10.827326109665313,35.982029871022185,1320.3520779669736,0.09876652340327946,-0.4153359877849999,0.09037276558943157,0.18545942742060764,-0.014281808362071284,0.00892023463986288,-0.011347773824727462,0.0008658161382868624,0.0014918250745093345,0.0056915403168479786,-0.0010108123307780864,-0.0007949359320283332,0.0024129010590178144,4.8287300084363476e-14,-17.286768163331676,11.349933626844196,36.26787396281054,1047.161839850566,0.04740739524323778,-0.39034138560235626,0.10860310555676356,0.20718381409284628,-0.015911948248365983,0.008806397962445147,-0.008633945273921523,0.0194896627730118,0.01539894821890194,0.011161295580531505,0.009603749489216572,0.02031005635207636,0.010708810371755887,4.4424616382782344e-06,0.35579163873146424,0.3142198721282731,0.2798867201444512,1004.0334118074576,0.17311541213566806,0.10012617942631384,0.0918434768410204,0.07508071608769773,0.0019801812428955155,0.00416562667908142,0.0048269495085717954,0,1,0,0,0,0,1,1,0,0,0,0,0,0,0.001061698350131284,0.04016730115865545,0.0,0.2110887925472736,0.00041895288920823845,0.00041895263248013787,0.00041895220871403596,0.00041895162868861406,0.0004189509192252458,0.00041895014255332984,0.0004189494383534317,0.0004189491192464634,0.0004189499021626224,0.0004189535198102466,0.00041896453719976814,0.00041899669547424285,0.000419100875379645,0.0004195387204765114,0.0004220948486344444,0.00042256391862741625,0.0004203965445282488,0.00041979834156077606,0.0004195886299381453,0.0004195135353466221,0.00034512803576291834,0.022512739905730536,0.0,0.29869978990120016,0.00032063317114773565,0.00032059542877439784,0.00032053007526209465,0.0003204330928581293,0.0003202980832122844,0.0003201152564621893,0.00031986968049864736,0.00031953818002737963,0.00031908361305348423,0.0003184437257656488,0.00031750811877519994,0.00031606856525683453,0.0003137245465057977,0.0003100972110184905,0.0003167178977985536,0.00035430812950853607,0.00034407070274647573,0.00033814854430222734,0.0003355263955789698,0.00033448483980157064,0.006630601982199608,0.10196107427484803,0.0,0.2313640581587377,0.0012466285812022838,0.001246639515445791,0.0012466584368114734,0.0012466864872103314,0.0012467254795693655,0.0012467781755120914,0.0012468487613331565,0.0012469436788917845,0.0012470731273316613,0.0012472538941962188,0.0012475148867065295,0.0012479076586804961,0.0012485172240355707,0.0012493004173995028,0.0012459285077482546,0.0012349133222450412,0.0012390940851559837,0.0012411331351434842,0.0012420040411196028,0.0012423452255472865,0.06724633875289285,0.29491502739168785,1.5,-0.01891788757075321,-0.0003700669283856295,-0.0003700644290314525,-0.00037006007532472336,-0.0003700535536922285,-0.00037004435272355065,-0.00037003166350986185,-0.0003700141964424882,-0.00036998983051395317,-0.0003699548972953486,-0.00036990258600376013,-0.00036981895797828833,-0.00036967132555926826,-0.00036936632738249247,-0.0003685494008808518,-0.00036585631847137597,-0.00036807891458562873,-0.00037001723339312296,-0.00037032095869123067,-0.00037038664947416266,-0.00037040250654977433,0.0009122665850129123,-0.03991121119269505,0.0,0.12357879080394453,-0.00022653509926385748,-0.0002265316605843826,-0.0002265256839816855,-0.00022651676251135742,-0.00022650423774523383,-0.00022648707951004613,-0.00022646366848762343,-0.00022643138859437285,-0.0002263858154701328,-0.00022631896355700942,-0.0002262150700624724,-0.00022603889792715732,-0.0002256964285274133,-0.0002248695631384733,-0.00022277745855955362,-0.0002259728389574999,-0.0002272919426714826,-0.00022735132057435416,-0.00022731839872104946,-0.00022729651047476558,0.01441988580561915,-0.2077014422591849,1.7,-0.055672981575228916,0.0004595758022064717,0.0004595720062325449,0.0004595654201791557,0.00045955561599541836,0.00045954190592975656,0.00045952322435510116,0.00045949791776035215,0.00045946335955831033,0.00045941520445393546,0.0004593458352868923,0.00045924080537981153,0.00045906963904528294,0.0004587583364631767,0.00045810258177122587,0.0004571887245931878,0.00046083507905665764,0.00046112524204764717,0.00046088062261041504,0.00046073760177533455,0.00046067562664937786,4.003991995127211e-06,-0.002140751215963006,1.7,-731.7334798475093,0.07441985067914914,0.07441633028511774,0.07441021928029556,0.07440111503319713,0.07438836928873371,0.07437097469506426,0.07434736208228188,0.07431502607011352,0.07426979387210507,0.07420428428916992,0.07410432067456796,0.07393943017791038,0.07363322015216056,0.07295819962370231,0.07175018859829052,0.07510043966510692,0.07566955942802522,0.0755229852275967,0.07541819671792371,0.07537064626075729,5.171825040703359e-06,0.002435454321589712,0.0,445.9962938353235,0.051675929872132535,0.05167915326214256,0.05168475350168933,0.05169310805669625,0.05170482673858956,0.05172086166065881,0.05174270530804392,0.05177276024582866,0.051815070997241364,0.05187689365007486,0.05197243583311817,0.05213310015125483,0.05244123287596558,0.05316643975080915,0.054857374952945286,0.05184473220544028,0.05083324300631098,0.050836313524546206,0.05088708291986066,0.05091460646766377,1.3784931028455748e-07,0.00035865826572499,0.0,1476.2495646605255,0.026029394161128042,0.026032526721564864,0.02603794406520876,0.026045967000868583,0.026057103210789027,0.0260721224270668,0.026092183791249116,0.026119054429869948,0.026155494515954558,0.026205953444026875,0.02627782450341698,0.026383343957078864,0.0265379184768193,0.02668525426306445,0.025304460397720163,0.0221206742120188,0.02366282985467194,0.024337508907450456,0.024617970722150773,0.0247266711988452,1
2022-06-08 16:27:34.475446500,0.004513492530435429,0.006767493640778353,0.0037681574120781436,9.88310073790798e-05,0.003358349475913138,-0.0020553794349188414,0,1,0,0,0,0.0,-17.961859694183442,10.801541670110051,35.96992384449216,1397.6754898086654,0.11234330137131854,-0.4229783530147643,0.08377153031976965,0.17959299292655412,-0.01421786235198795,0.00868333472226399,-0.011776308363051196,0.002686347257897985,0.0012727108109132346,0.004990780193924421,-0.0015970179767557185,-0.000117684005367065,0.002249504348568423,4.8287300084363476e-14,-17.309061254660424,11.346069438106985,36.25563815008061,1078.3255028054134,0.05286072129123393,-0.39338844023679104,0.10593883986370466,0.20473257190348745,-0.01578173992254554,0.008803008138835288,-0.008829416916217435,0.008449010735837037,0.009187285922839844,0.0058767636863287145,0.004885112101944686,0.007074002083010954,0.006525646762962719,4.4424616382782344e-06,0.3270281529972633,0.2855635376579761,0.2631633360731116,992.1445864083287,0.1711149594914163,0.09893218778165072,0.09072975389464784,0.07409222927982645,0.0010676282709764604,0.004092202365886752,0.004639267910679732,0,1,0,0,0,0,1,1,0,0,0,0,0,0,0.001153356460222957,0.04191281739021902,0.0,0.20185931302684612,0.0004184968144143493,0.00041850830767812056,0.0004185282896832093,0.00041855813179445667,0.0004186000553910632,0.00041865754150085047,0.0004187360731805288,0.0004188445318715952,0.0004189979881643376,0.00041922375905002404,0.000419576065114273,0.0004201770245735917,0.000421356065482624,0.0004242501226826116,0.0004319376769341592,0.0004213100965987544,0.0004163269604184833,0.0004159755168897045,0.00041603237182794283,0.00041608652312789926,0.00036372761819510215,0.023555856448309268,0.0,0.2915577979071778,0.0003067482471452096,0.0003067182943009075,0.00030666700827504037,0.00030659226326694433,0.0003064909432655208,0.0003063588717414373,0.0003061909271804622,0.0003059818340982023,0.00030572916034894785,0.00030544364064066966,0.000305185917200349,0.0003052133417064959,0.00030670164465721773,0.0003167028180528853,0.00039173874087961464,0.00042727738569383646,0.0003609398698950946,0.00034078641220723887,0.0003333933247020495,0.00033068375377886747,0.00834216053615113,0.11398696620277984,0.0,0.20397064054975408,0.0012508550859719506,0.0012508569604960836,0.0012508599948872039,0.0012508640007831903,0.0012508685798770269,0.00125087290691271,0.001250875267203241,0.001250872023268193,0.0012508551457916118,0.0012508057656589336,0.0012506752144576655,0.0012503194139681598,0.0012492121456575964,0.0012446812182778768,0.001218793338720995,0.0012147997925531786,0.0012366485840606964,0.00124261112265952,0.0012446894258325738,0.0012454314660672607,0.17808106486459502,0.4277284610107129,1.5,-0.010785444625190451,-0.0003695952523014297,-0.00036957868746361627,-0.0003695499473550345,-0.00036950716414992313,-0.00036944733682902167,-0.0003693658155621061,-0.0003692553854281328,-0.0003691045858576901,-0.0003688944576664245,-0.0003685917675528623,-0.0003681334897128362,-0.0003673866842101631,-0.00036602861788918655,-0.0003631686725030604,-0.0003591900727897406,-0.0003751022333784624,-0.0003763605288902662,-0.0003752911295741188,-0.00037466641805085176,-0.00037439577333744337,0.0008480554155441782,-0.038460653877290835,0.0,0.12855779623249086,-0.00022565551495796685,-0.0002256402450866984,-0.00022561377495240734,-0.0002255744252979957,-0.0002255195082535872,-0.00022544488132633306,-0.00022534416298668292,-0.0002252073136452086,-0.0002250179387503284,-0.00022474781020303397,-0.0002243447637811564,-0.00022370317232778896,-0.00022258536675338458,-0.0002204652582153397,-0.0002196004273226824,-0.00023450714271657045,-0.00023332572768474833,-0.000231717132235079,-0.00023092704095546744,-0.00023060161943824629,0.01065736119300361,-0.17090953208724138,1.6,-0.06578500953401575,0.0004584054253093575,0.0004583950729670936,0.0004583771572524925,0.00045835059462153663,0.0004583136641931494,0.00045826374319497256,0.0004581968529258677,0.00045810686475216463,0.0004579840613219975,0.00045781241294209647,0.0004575642166811567,0.00045718970936074553,0.0004566050248675927,0.0004558343056530504,0.00045886672728200333,0.0004692793325823095,0.0004654556220717735,0.000463561276687228,0.00046274922158624543,0.00046243063057302414,3.993201814270369e-06,-0.002159822433105404,1.6,-733.3702385188493,0.0733997205444723,0.0733880838600669,0.07336793260986951,0.07333802535416112,0.07329638468195299,0.07323998427683875,0.0731642068809002,0.07306188411224213,0.07292152406132503,0.07272385940601113,0.0724347076397045,0.07198950945143777,0.07126317803504989,0.07012355429437632,0.07190005007106492,0.08314361998656139,0.0802979884884536,0.07860413976047552,0.07784933398574534,0.07754817031887384,5.214529348703901e-06,0.002402617455665939,0.0,444.8562262198793,0.05254971985803536,0.052563088448224,0.05258625342979428,0.05262066788072417,0.05266865340161075,0.052733778752862996,0.052821522305244166,0.05294046211428238,0.053104516919635365,0.053337442112889384,0.05368258733076736,0.054226049803700604,0.055154907761723486,0.056839581263732335,0.056862478291158425,0.0440164361040587,0.04555740831433575,0.04706912371238392,0.04779493893186881,0.048092398481835774,1.3960838542030543e-07,0.00035114577450603675,0.0,1475.688185211456,0.02732778258916824,0.027326473011953567,0.02732412827811004,0.02732046761896356,0.02731500828141975,0.027306933559884783,0.027294833198553192,0.027276167117328498,0.027246075989651786,0.027194485614145947,0.02709814442681591,0.026894822336316796,0.026377928093261,0.024595954620338038,0.015966411819853477,0.016584887816115668,0.02356656115210853,0.025315264010920657,0.025902061961339484,0.026107709466886675,1
2022-06-08 16:27:37.225446500,0.004295697557087366,0.006584735884368361,0.003098015731291773,0.00030690287470011525,0.0034883840428334718,-0.002307380344512315,0,1,0,0,0,0.0,-18.010647359710113,10.783816614093345,35.95556903528829,1474.998901650357,0.1258894993767956,-0.43063904355932425,0.0772045058313234,0.17363738511158022,-0.01413572422218079,0.008453861521352836,-0.012201263104282824,0.0028886565555000434,0.0016238994797567665,0.005240875387064162,-0.0009646184690888203,0.000709557723581182,0.0016020414745487835,4.8287300084363476e-14,-17.3222574172545,11.331842780543347,36.25177865288194,1098.3524566666358,0.05642000491578977,-0.3953468168714984,0.10426435671542617,0.20323904831594225,-0.015733632499162844,0.008740762659785871,-0.008888335995716553,0.008134490210212644,0.007920405016594047,0.005406707731274053,0.002633829666634625,0.0049373022040181645,0.005344960720354028,4.4424616382782344e-06,0.34095211347694016,0.2967503379537617,0.2655217378249227,976.3195273657127,0.16841063613649204,0.09733410614130314,0.08923151026604162,0.07295555354085533,0.0010786668417643859,0.004015944175973538,0.00460345386159191,0,1,0,0,0,0,1,1,0,0,0,0,0,0,0.0012585620101669163,0.04351998124652867,0.0,0.1926330396961869,0.00042125743447454095,0.0004213127901265268,0.0004214087656546801,0.00042155147966408367,0.0004217507321954903,0.00042202164040907805,0.0004223875194222645,0.0004228851031809668,0.00042357448935611934,0.00042455940193542735,0.0004260321482247179,0.0004283841618876122,0.00043250606306462783,0.00044045934430713904,0.0004453889080405661,0.0003925098797941274,0.0003950716980462448,0.00040027544929768094,0.00040288884968439463,0.00040397448699763545,0.0004088345691373888,0.02413784684017664,0.0,0.28440745572638365,0.00028461937781676735,0.00028492246090462686,0.00028544998357220297,0.00028623918251041713,0.0002873506072687687,0.00028887963883729087,0.00029097752357839894,0.00029389130144747566,0.00029804447705031935,0.00030421435763182484,0.00031396773656064154,0.0003309028347456694,0.00036498864638343816,0.00045225709819381865,0.0007121980782049468,0.00043902881494536477,0.0002606757538917001,0.00023815995269804195,0.00023480693084081128,0.00023445213736034967,0.0108465896780715,0.12967488622606813,0.0,0.1765775541490908,0.001255377047815899,0.00125526044244614,0.0012550576990913616,0.001254754877119315,0.001254329389766683,0.0012537458314416002,0.0012529484132940245,0.001251846731394269,0.0012502873190703403,0.0012479919117194668,0.001244408170854936,0.0012382929533225134,0.0012263007352633672,0.0011969577635422269,0.0011200226093137427,0.0012286712724583256,0.001277861479981358,0.0012810313219090127,0.001280345041270267,0.0012797653650054102,1.433591298383309,0.7821936605667397,1.4,-0.002648371028784225,-0.00036448814155865466,-0.0003644429227686912,-0.00036436466785685684,-0.00036424864488923935,-0.0003640873389226934,-0.00036386929720471636,-0.0003635771475738884,-0.00036318413389074773,-0.0003626478400652084,-0.00036189831551600464,-0.00036081472180001466,-0.00035918016159263566,-0.00035662977934099226,-0.00035327389410296336,-0.00036653479385593104,-0.00041193928450229336,-0.0003952492364024975,-0.00038698932889821716,-0.00038344888756715686,-0.0003820597531560041,0.0007921361202660348,-0.037498240032263964,0.0,0.13354103301431666,-0.00022054407577035487,-0.00022051548668548633,-0.00022046610919959284,-0.00022039313193886016,-0.00022029213652982084,-0.00022015649162116305,-0.00021997635521331735,-0.00021973703551519648,-0.0002194163009357139,-0.00021898012086622815,-0.00021837722350552533,-0.00021754209244944983,-0.000216497183711598,-0.0002165592425811933,-0.0002367932201411795,-0.0002665107705294477,-0.0002460619848239291,-0.00023820592026071574,-0.00023506099463375,-0.00023386125842448619,0.008220575369111192,-0.14557979534842164,1.6,-0.07589986194874837,0.0004544152787129118,0.00045441274298196535,0.00045440854898995246,0.0004544027877570207,0.0004543956956472384,0.0004543878348899711,0.0004543804866407545,0.0004543765458579676,0.0004543826936773236,0.00045441514661281396,0.0004545167516212081,0.00045481671345532854,0.00045579387367938564,0.00045991109488315116,0.0004839750264838613,0.0004884609195054247,0.00046807139172238757,0.00046243618109249055,0.0004604573605298025,0.0004597479377395249,4.0570139812072385e-06,-0.002250027406095094,1.6,-735.0116347210318,0.06774269998928162,0.0677250297545271,0.06769488814372693,0.06765121898759219,0.06759252230627055,0.06751689065616517,0.06742220043008018,0.0673067479358167,0.06717114159287974,0.06702388738827736,0.06689878612490574,0.06691561556851687,0.06753817494535852,0.07112757195480057,0.09488761061871998,0.10878523589869003,0.09040172436817072,0.08429415078205871,0.0817628989311121,0.08075948739297001,5.478839598066968e-06,0.0022291534728249448,0.0,443.7216686549417,0.05893101715189175,0.058946654559427714,0.05897338751761794,0.05901226186489339,0.059064817515949386,0.05913314697561845,0.05921991746058097,0.05932823043213097,0.05946093648720562,0.05961818411025278,0.05978885919770605,0.05991748739273195,0.059742371949809574,0.05758062834902234,0.0363394310697398,0.012578637481878374,0.03171531826463258,0.039487980255849216,0.04285582168457936,0.044194762762300055,1.6705402162847233e-07,0.0003599732263795163,0.0,1475.127436975296,0.02924107794927977,0.029185428035191308,0.02908875665632138,0.028944580553698532,0.02874245484433402,0.028466141739272643,0.02809035127484094,0.027574757797722785,0.02685241696678986,0.025805652447544958,0.02421078544630006,0.021593911610018782,0.01678068239876751,0.006155150903140338,-0.017247966819965654,0.022703004528068504,0.03768560258195919,0.03890245459353281,0.03888519048803119,0.03878818390243843,1
2022-06-08 16:27:39.975446500,0.004109885401687418,0.006607798541668572,0.002365744421651019,0.000529362180548294,0.0036235562384577353,-0.00255280465878191,0,1,0,0,0,0.0,-18.287423103379066,10.682907708214461,35.780836812652176,1552.3223134920486,0.14046955733066593,-0.4372836398655278,0.07268794804928685,0.16623205791699086,-0.013521184524528312,0.008608873063173348,-0.013157177826011621,0.003006356899074164,0.0017611033999723996,0.005305134561940782,-0.0008877504518885586,0.0011233423684172028,0.001426528657126137,4.8287300084363476e-14,-17.340367374145664,11.312860719186695,36.244238968949865,1126.3071267833252,0.06138909763509885,-0.3980650884745753,0.10192385590036626,0.20114326997060525,-0.015690365236669526,0.008665359960602614,-0.009047963938091477,0.0067454591270914134,0.007212463195631374,0.004957436782469782,0.00120834793239066,0.0035274228635802773,0.005200735172247986,4.4424616382782344e-06,0.36026226352220203,0.3096557818572723,0.26991586015626245,960.7163629950197,0.16574215345925195,0.09577325228751392,0.08775061667827068,0.07183040138136511,0.0010932359166644628,0.0039519277465432994,0.004555711045826167,0,1,0,0,0,0,1,1,0,0,0,0,0,0,0.0013918077891467027,0.0439556372430838,0.0,0.1834260138463868,0.0004432812410562551,0.00044342808622723634,0.00044368113790956015,0.00044405381427284004,0.00044456698677685166,0.0004452515273999265,0.00044615236064516386,0.00044733480507286484,0.00044889425510585487,0.00045096969368851886,0.00045375538976933494,0.000457463880851384,0.0004618894942673554,0.0004620623563215704,0.00038992747579526775,0.00026792951810101703,0.0003319562833572829,0.00035872138878365826,0.00037038249717595784,0.00037508513651064745,0.00102400024090115,0.018404927070208545,0.0,0.2773262957846019,0.0003321982197973076,0.00033444047733129784,0.00033832652901821114,0.0003441011807129371,0.00035215542324190663,0.0003630898751591366,0.0003778254169794545,0.00039780105717730427,0.0004253444392477157,0.0004644106816766537,0.0005221803569541449,0.000612890205620319,0.0007681706622453943,0.0010637827800286527,0.001360999572691833,-0.000316755712105184,-0.0004152759167425262,-0.00032096299677029065,-0.0002659088263961148,-0.00024145451173547466,0.014837473782923615,0.15334453351875738,0.0,0.14916016637056145,0.0012354688725176935,0.001234839999656059,0.0012337491516564954,0.001232125948976268,0.001229857614214,0.0012267701250246886,0.0012225951206890993,0.0012169102342641045,0.001209026371707758,0.001197761010518674,0.0011809452067730894,0.0011542479765942663,0.0011081318276918537,0.0010217087091812546,0.0009690980856098703,0.0015013363558911586,0.0014796364565520506,0.0014336471775968096,0.0014111204471479314,0.001401811802424168,0.5369453309660679,4.240209112848422,0.0,0.0055013752061247425,-0.00034672873652145475,-0.0003467172737128489,-0.00034669832784960336,-0.0003466723334341904,-0.0003466403987820344,-0.00034660513182852975,-0.00034657243253250153,-0.00034655555932520954,-0.00034658496129221764,-0.0003467341764775993,-0.0003471963996946998,-0.0003485501415890572,-0.00035292090675966833,-0.000371138074654945,-0.00047660532437244346,-0.0004964634516391479,-0.00040760030735703234,-0.00038288513199245664,-0.0003741231478043844,-0.00037096235399492416,0.000753884514869597,-0.03675915269764486,0.0,0.13853215008725028,-0.0002075820152989509,-0.0002076309978541156,-0.00020771674546977807,-0.00020784617896400445,-0.00020803074965253417,-0.00020828892062110024,-0.00020865083887412067,-0.0002091675350109042,-0.0002099303191787365,-0.00021111557771819056,-0.00021310140881030228,-0.00021682445887763165,-0.00022514791913524727,-0.0002500507345127934,-0.0003506058398365843,-0.00031177560457854465,-0.00023406057038602565,-0.00021733493229829023,-0.00021226543233249367,-0.0002105979550666155,0.006568309797697562,-0.12600616130196945,1.5,-0.08601546613286579,0.0004497080950832296,0.0004498196764001223,0.0004500136757321872,0.00045030341553753487,0.0004507104728934769,0.0004512686516015968,0.00045203117307462693,0.0004530841803488485,0.0004545736656083655,0.00045676372624508084,0.0004601769000050259,0.0004659843406998624,0.0004773234957866695,0.0005049371313142059,0.0005777619810743476,0.0004778398936518876,0.00043037594301031517,0.000426590073623083,0.000426870987703121,0.0004272773571972367,7.7441439326874e-05,-0.005347326823745451,1.0,-737.8390256493158,-0.9711924209864408,-0.5966419262122855,-0.19282022779105998,0.069830312602285,0.15013088762716364,0.1424965247667629,0.1833821576789028,0.3339738613171121,0.5305209056075952,0.6385611715263302,0.5656685771588315,0.342817916984,0.1107582261542248,0.02387058289036048,0.1469782322755293,0.14994805176218762,0.12119424223496368,0.11407323258663915,0.1101187013050815,0.10828096649996244,0.00011305473549801229,0.003984747991037929,0.0,441.7995549849721,-0.5929735095011281,-0.26316604646186903,0.12090978169388222,0.3949346709714732,0.455367406460617,0.3081582972150869,0.06229863132005065,-0.12964683262365995,-0.15396761248422308,0.0026431071562758035,0.24686923352924064,0.432833159955079,0.44693475007285777,0.2726485152919853,-0.02193183873189497,-0.08725006366372412,-0.0368721960684244,-0.01711131939890631,-0.007374795934119938,-0.0031931013793222718,4.258883582105387e-06,0.0012996997100761913,0.0,1474.1828581189004,-0.2953066357232785,-0.15545440691761314,-0.010602292306771231,0.06198939964586714,0.03075099718483898,-0.07177007689388404,-0.16845880034087202,-0.18384933331233103,-0.09000877473093992,0.07491652625434853,0.2268723801810921,0.2839704762392046,0.2156124639516328,0.0654500845026007,-0.03063286271736132,0.13947008617984125,0.15256591457296764,0.1513314312918581,0.14999041035724048,0.14924549200083706,1
2022-06-08 16:27:42.725446500,-0.0013055002781453824,-0.001014329184952075,0.0030447507099797396,0.0007292274675176296,0.003703473655021561,-0.0027039430764920517,0,1,0,0,0,0.0,-18.07551161083829,10.735374308088911,35.939158483876156,2348.847459707007,0.2772543461324858,-0.5176731773915708,-0.0014844122352734724,0.10841648220690174,-0.014451986265744357,0.004908308856516911,-0.01631718247663778,0.002378745868683679,0.0019834730590776077,0.005259779023587593,-0.0008971082057788838,0.0009083350623212416,0.0007490186975701673,4.8287300084363476e-14,-17.363235834909247,11.289172713780522,36.22719851963304,1184.1752825606225,0.07157526658941563,-0.40368496644514656,0.09690814291007943,0.19677595770119505,-0.015621401146219438,0.008431922668627238,-0.009408166979450345,0.005059486268679636,0.0070582284240875625,0.004986060512244536,0.0011669136441902627,0.002927480247421823,0.003260985087570051,4.4424616382782344e-06,0.3754767769195271,0.31802064667434315,0.2750797172986849,983.0525945025868,0.16969179683548702,0.0979733110275412,0.08959072763881633,0.07356502689251684,0.0010757659369393458,0.003947850400077381,0.0046635962450357294,0,1,0,0,0,0,1,1,0,0,0,0,0,0,0.15340953165701196,0.32613279444972804,0.0,0.15647680832404587,-0.015262781588450337,-0.00998568225085843,-0.0034021933705003504,0.0021960659215975267,0.0051478512102658145,0.005050284301880122,0.002782209721074669,-4.165932036045636e-05,-0.001881495567761327,-0.0019419414575877077,-0.000401446311635802,0.0018499855795864586,0.003763861710537405,0.004643880557877059,0.0042859684078446715,0.004031993381850447,0.004115050199035771,0.004110983067528641,0.0041038858185024115,0.004099842431417918,0.2341938832731863,0.2908773517542076,0.0,0.24043968563266124,-0.02585449866563195,-0.016365257373662182,-0.004184029249484359,0.006669232965560899,0.012853689970731094,0.012889521260507223,0.007608202163875956,-0.0002734855235072432,-0.0072609155057827965,-0.01042720120467811,-0.008488236255097228,-0.002231533356910323,0.005804571310254084,0.012159225680617029,0.012162504320361051,0.005833545240941351,0.005485503323803289,0.00521301426762313,0.005045589665188948,0.0049687704329431865,0.1565710086951794,0.1296570579285304,0.0,0.11504847907628273,-0.003917192776089812,9.561773188142447e-05,0.004860201582235187,0.00842908139853332,0.009472795357930192,0.007813171438551906,0.004387941610967951,0.0007035677889936903,-0.0019159288597859036,-0.002896122367690645,-0.0025315184303643435,-0.0016452934196692114,-0.0010128991355959364,-0.0008375311670457937,-4.829896955465445e-05,0.0015439878291677801,0.0013655041380010013,0.0013975445689225273,0.001445236867917423,0.0014714587559902044,0.13078897484832208,-1.2684077845085835,0.0,0.013663016341394269,-0.0003172785421200299,-0.0003179253276327596,-0.0003190486883245956,-0.0003207236567071261,-0.0003230711243484004,-0.0003262790832711628,-0.0003306405150419904,-0.00033662318875465435,-0.000345005486555829,-0.0003571614322001621,-0.00037572217872648337,-0.00040633711880107737,-0.0004633663481779299,-0.0005935422578747936,-0.0009176867446276069,-0.00047237704424361524,-0.00024602815124011545,-0.00021589939121136512,-0.000210503038672249,-0.0002096985993197561,0.0009190632154251996,-0.032392938792494136,0.0,0.1435108823562673,-0.00020718215335691417,-0.00020785117006273147,-0.0002090117571061905,-0.00021073902180578956,-0.00021315348033358082,-0.0002164414994150713,-0.00022089145547123277,-0.00022695966350017114,-0.00023539708282318715,-0.00024751116589193014,-0.0002657616515547396,-0.000295302181311683,-0.00034871627575398535,-0.0004632241020955507,-0.0006777734775435558,-0.00014928433217512417,-2.203731686951059e-05,-2.943442156418986e-05,-3.9847714003918686e-05,-4.5218426293454495e-05,0.0057951029598993795,-0.10173945060755332,1.5,-0.09608979948711653,0.00048643468658437177,0.00048715750809586936,0.0004884067805024242,0.0004902552540243262,0.0004928179762120351,0.0004962693181759289,0.0005008720684826795,0.0005070282108605821,0.0005153713616902387,0.0005269453716764535,0.0005435775595672072,0.0005687408816118281,0.0006097671552287308,0.0006823029072940139,0.0007127372057505808,0.0001818451121696654,0.00018004955744558562,0.00022029969580108618,0.0002434971932394792,0.00025388043370456846,0.00010255718774766191,-0.002325830434558429,0.8,-739.8737931686023,0.23453948408491954,0.211428091322162,-0.7420027569428029,0.5379143619803486,0.3844051312208237,-0.2524430081198261,0.32272242538919826,1.188602228105662,-0.116603533097436,-0.5358462261418353,0.7727017259706788,0.3719689346701962,0.23601790587924756,-0.0643823755422055,-0.06287543080679825,-0.07617533370824958,-0.04253874026791138,-0.030051625989170105,-0.02432002693466373,-0.021879644465194747,0.00019918546663701023,0.002287207084165209,0.0,439.9788455627083,0.4123014243245393,0.7986161920591144,-0.23806772562416256,0.31696906727410834,-0.004897128610249268,0.3837961131625143,0.12861822480532226,-0.7390707149248996,0.08188129011459823,0.16539213580607282,0.2934106851191913,-0.16170352090942508,-0.7119566026872519,0.5461962748492244,0.236141717440054,0.036782895798124216,0.05601527125131689,0.05592028388885684,0.0546336656016253,0.05387883851250908,2.186482524792924e-05,0.000467911611206916,0.0,1472.0039647550495,-0.6376122615313307,0.6085235376966125,0.7682416024171062,0.6711347948501043,0.013951572940328559,-0.21627107620679453,-0.3630359927602456,0.262350001877401,0.668835733852049,-0.29886793457460925,-0.11579477435617493,0.23226064276347105,0.12051348706134846,0.03236420150066266,-0.38440339720739297,0.0011009258163028337,0.018193127385316643,0.028784060557285333,0.033650795835370666,0.03569478206890864,1
2022-06-08 16:27:45.475446500,0.0011059701298812524,0.003639194826194549,-0.0009996212704450015,3.5274512263961205e-05,-0.006787906979492598,0.0014574992685348293,0,1,0,0,0,0.0,-18.182843040977897,10.872469566772287,35.77737013757267,1041.8136947510793,0.05113047281557349,-0.3865906946450519,0.1177231502694933,0.20358514832636632,-0.014008605266983895,0.01040737534780367,-0.010911039274606463,0.002219697463362901,0.002101087827914468,0.005234425897778101,-0.0008971661550519279,0.0007282846493242513,0.0003057355559418145,4.8287300084363476e-14,-17.379703785959986,11.269282456777074,36.217259220662974,1239.0641903327155,0.08120546050949283,-0.4090619112318497,0.09210391749316313,0.19267730940966493,-0.015582253959431832,0.008226208737612813,-0.009729132070453141,0.004883980037883341,0.00700296970543383,0.005019184117164651,0.0011860023004700946,0.0026600094782796234,0.0019456939005534184,4.4424616382782344e-06,0.3909800171278613,0.3264196000802108,0.2810629642664389,1004.9158072448198,0.173557520215121,0.10011228796348702,0.09138342112591136,0.07529073630071753,0.0010886199663568909,0.00397590135339926,0.004792153940538754,0,1,0,0,0,0,1,1,0,0,0,0,0,0,0.46977575097314,0.2504006175389945,0.0,0.11196388718266438,-0.007222119840014357,0.017725607802165706,-0.002893005780248783,0.009170551080841563,0.009180140231976964,0.0015165103112148096,-0.00010490510606039113,-0.0025516458611153712,0.006813655399318328,-0.006241504956423957,-0.01931849800819273,-0.004059194796000813,0.003622836154810764,0.00458128748873155,0.004705948964536211,0.0043444975379321885,0.0040892511630677775,0.0039245139595456896,0.003829668750511432,0.003785438231422963,0.4483092153786252,0.18205674341254724,0.0,0.1753032714991535,-0.013751224837954615,0.025859378101555416,-0.004195734367466432,0.014101371617385231,-0.0033308148000152373,-0.004800988747280733,0.023436523641888647,0.007459465762013867,0.01090430977413562,-0.0036180187700946866,-0.02222555413025945,0.012027357814195238,0.0005684094868377504,-0.010154083859511935,0.006566599357970946,0.001332399206720617,0.0024842888454486307,0.0027406733603227373,0.0028884226647033673,0.002954663347223086,0.7419795737348134,0.4191384014137837,0.0,0.07548196744712123,0.002752047255277926,0.004927966708186149,-0.009527423289583687,-0.004179115351473565,-0.0061228827801531795,0.009604217252860214,0.015869510880288984,-0.002688876541936129,0.005893531872567722,0.00870136449483779,-0.009036239729425228,-0.00969895234393982,0.0015189024044775688,0.005513118710681107,0.004509975509360975,0.004098315537630824,0.0030757161499395265,0.0029808690437888377,0.002953485860657927,0.002944002344635278,2.1623609891226367,0.06213800213794087,0.0,0.012755423510449986,-0.0071516908255835065,-0.0021616796279287664,0.0020136156473241247,0.0025914045579768412,-0.00031687027886401637,-0.0039311462279482175,-0.005029659591790827,-0.002347047022967458,0.002651734347557988,0.006998755828056566,0.008308146840782077,0.006148697216011936,0.0019420951577655387,-0.0021928754804260145,-0.004267277636039512,-0.001915396343721603,-0.0013095297736035265,-0.0010840209158499519,-0.0009694403157754406,-0.000920171178431301,0.4968245755253406,0.6767223079675385,0.0,0.12350316651531908,-0.02254572338872965,-0.016169578886538732,-0.009581063491699416,-0.005672263994042493,-0.004796024116599013,-0.004939147066406018,-0.003650575674753471,-4.193845601287508e-05,0.004682404428726037,0.00835293226120621,0.009499017392629924,0.00822465466910452,0.005844507939271625,0.0038652693977752227,0.0036448410458084337,0.006110018506986689,0.006281615431519898,0.006273624859355187,0.0062585170674865215,0.006249249489970068,0.28975094790998296,0.3479655577759534,0.1,-0.0923379509749234,0.012771936958676759,0.008881254786212895,0.004663823584686016,0.001986431210934704,0.001410150651885692,0.0018936097840165972,0.0016388921540724825,-0.00047040475479287637,-0.0038897174114967577,-0.0066941372424885156,-0.006999324967052579,-0.0044730039805084415,-0.0007304657091457747,0.0017478726445460408,0.0010049409663309603,-0.0015960605069372693,-0.001993677352420719,-0.002192899804792552,-0.002293893011881961,-0.002337043989601246,0.00016460184805994088,-0.003198816443877728,0.4,-741.3868456041906,0.924864357398434,-0.6602927822722789,-1.1447612035761097,1.0301621911160908,0.24928459837357764,0.5578356096931145,-0.30689621308881954,0.5251942467935109,-0.1539036606432731,0.270618213345184,0.9186899279795072,-0.4981791697469902,-0.5461873938914454,0.4148648117455984,0.14375002626977815,0.08521571329676902,0.12315086516407092,0.12206787577286347,0.12158742513367038,0.12139553722864616,0.0004129383563543616,-0.0011491328528040116,0.0,438.8700557396938,1.4524632550559886,-0.02711934175027864,0.7749722669210257,0.6433261878984098,-0.30953713759129897,-0.5736255795656221,0.7735609869006552,-0.16700500749296054,0.12472718551291173,-0.4828570062169728,-0.037593070738273233,-0.6177974217095876,0.7941870159013185,-0.6937092283290482,0.036068672840867684,-0.03788431470933595,-0.0007023062221112043,0.007111926156776248,0.010187883789927632,0.011384442223348891,4.006049173903221e-05,0.0012856102732593452,0.0,1470.3232484683665,0.9633577509429188,-0.9271967027911217,-0.3217312131094872,0.05266027759419956,-0.13107639403034455,1.213525088545282,0.25753841987670256,0.6419236267839068,-0.8650545469823001,0.5221101310969587,-0.17911015073663705,0.13736672993967858,0.1261113381232022,0.4899638934863617,-0.4344630419723714,0.08560892456947045,0.09314195737376707,0.0892602832250482,0.08663589150893536,0.08540507304209033,1
2022-06-08 16:27:48.225446500,0.004403279793829835,0.004084566024603046,0.0029374229671432373,-0.0007618430249929063,-0.002776709118280014,0.001728185331510838,0,1,0,0,0,0.0,-18.312643204388607,10.306862659648312,36.211819426763505,1731.8208706981409,0.17282930068094174,-0.4578909314505392,0.05817028753791793,0.15742406963895492,-0.014260041757458332,0.008045086634656777,-0.014093578427861797,0.0022925774870469835,0.0021019613529101627,0.005342492954284122,-0.0008709788722868521,0.0006465596010913887,0.00017954028757878786,4.8287300084363476e-14,-17.396722503043907,11.2482429786337,36.21026042139089,1239.9700866178378,0.08151060072453839,-0.4090793074351233,0.09221958586477877,0.19261769645133728,-0.015542040550793718,0.008251386423277706,-0.009786787442533676,0.004855482173733463,0.0069869222508340215,0.0049598936375720324,0.0011998330075568048,0.0026425732468565873,0.001720445296640732,4.4424616382782344e-06,0.40903316116360666,0.3359225725932673,0.2834253472001223,1001.3951481925614,0.17300116342009425,0.09971331171737824,0.09102750161031263,0.0750295754888707,0.0011114137460315027,0.003961232102063208,0.004799671957583923,0,1,0,0,0,0,1,1,0,0,0,0,0,0,1.6652307618199398,0.06463818762785416,0.0,0.07133400942104602,0.0280121426313406,-0.009492709468301769,0.0014206332067561989,0.001401107187340411,-0.01811753449390301,0.00769540855286675,0.01908496284613915,0.017024299348352156,0.00661662112766922,0.021489969958847614,-0.016212032313156963,0.025014369875220575,0.00782122493920759,-0.010519830339087636,-0.010030245101349757,-0.0066912194970035034,-0.0046891845597016825,-0.0036022556144417717,-0.0030515835304946127,-0.002812125830741505,1.1141801388697448,0.21041993319399616,0.0,0.10134260272232548,0.036076006170958894,-0.01269139531037443,0.006350639896779657,0.011976162975252577,-0.0030842468023049305,-8.522279396448383e-05,0.009980309727956032,-0.0015132038466548602,0.013844377210166877,0.05077109512984719,-0.01993215734018766,0.0068630009412703795,0.00033631476514094013,-0.0054732045394051,0.0009637763737548572,-0.002982593760660436,-0.002272014328492904,-0.0016410716024660285,-0.0013305892605415307,-0.0011952315623398125,1.3685558152307442,-0.0814456288262431,0.0,0.07685575026051071,0.042970784210416925,0.01956854711243676,-0.00022182772274880738,-0.012261442578458329,0.003892100551572947,-0.02405135286973507,0.00047082805336982073,-0.021488083619157137,-0.009711934192632405,0.0017086426399025,-0.009758148662526092,0.00853020264979522,0.012457829265909309,0.006010687485077925,0.005874961940600032,-0.000664140810591947,-0.0008724155069067647,-0.0008774432366249116,-0.0008990895994197078,-0.0009114502173943127,1.8675674446059591,0.6651008105777687,1.4,0.010499851209189807,-0.0006120681738344113,0.0003981842420030741,-0.0017621735277119997,0.00302304862453902,-0.001612210621810048,0.003235105321177844,-0.008027139773253486,0.0004925013016956413,-0.0008040527032850036,-0.007981068968093726,0.0073863285061304814,-0.003621522149916344,0.0005145859799095926,0.011165836147335838,-0.0006008566762481946,0.0006231907601606773,0.00015122043148972208,3.6256709112578694e-05,-2.0500508829061415e-05,-4.5137122183104324e-05,0.989129354244393,0.5074168287476949,0.0,0.08755956093675259,-0.00965919215132271,0.015587842829901062,-0.020580597070943448,-0.0094704643425554,0.01596973383854075,0.003682659642498336,-0.02051872970401448,0.006389533665379484,0.017503998320863832,-0.0028460005825320465,-0.0016086971450235653,0.00048128941067696914,0.0072847322206923155,0.005996744681610554,-0.0005984660960473166,0.004040650778596571,0.004051403894745151,0.004104259670164808,0.004128402139274961,0.0041381296398522865,0.7719897965976881,0.4521100259633406,0.1,-0.06800449399578036,0.011655356507543846,-0.009528426023412405,0.009476523727298965,0.004130905306296152,-0.008211755043501677,-0.003353529522519264,0.01144429569635544,-0.0005729802049966844,-0.007037835309454477,0.000797509398260861,-0.0008178102588707074,0.005428790314686299,-0.008302470148345027,-0.010048078459649655,0.00037860765635906913,-0.0018102575050582446,-0.0019807340585325656,-0.0020883627677255414,-0.002133304390553252,-0.0021511574610728005,0.00022895506705106637,-0.005530610491198478,1.1,-743.451895501172,-0.6780563365046817,1.0414800491718808,-0.5584906550349444,0.5971023005731979,-0.7113548070033602,-0.2055348100434813,-0.539149774220558,-0.2170418402935148,1.256865843170047,1.1928201099999711,1.2821275435921962,-0.5489523727413328,0.8439393162477984,-0.1536576366840734,0.02167286315886585,0.11796825061475855,0.0967745815298997,0.09860297513278482,0.10008884473610458,0.10080677757177492,0.0003153747151078328,0.007728206257808439,0.0,437.5070065033132,-0.9499279548226768,-1.0521880223420297,0.056961805875197065,-0.09758758914063036,-0.3339648225325185,0.18787646784252127,0.7951522379195417,0.4709021220403784,-0.02118776168559755,0.8167465136632384,0.3058714653896484,0.5769173208395477,-0.2806173455175358,-0.1811186963843756,0.06230693970458034,0.16857696277135406,0.17288393796283152,0.17144377779705255,0.17069275797597427,0.17036600487061904,8.030463243154016e-05,-0.0016470942469987832,0.0,1470.3770887657256,1.7298548513858805,1.7705197647116506,-0.5773298258000352,0.2802933378421528,1.1429270592170155,-1.2670701598687517,0.4073431090709647,0.12532799108830514,0.7086711519507176,-0.1910220815333119,-0.3350567498285173,-0.19014495971037704,-0.450076031872392,-0.3908493022154715,-0.8900065081769455,-0.06776910665085012,-0.051443607468740986,-0.049687858820064434,-0.047816678228826966,-0.04685319853950265,1
2022-06-08 16:27:50.975446500,-0.010522967814440372,0.007505104904486369,0.002231558214239304,0.0037064728757490047,0.004112593411248729,-0.003348137695197935,0,1,0,0,0,0.0,-17.908767162669413,10.857189996533805,36.08342414551087,176.6517099091079,-0.09918884014944787,-0.3022033995968453,0.19437819760360686,0.2709996603484651,-0.014002602780925572,0.012719497175432415,-0.005559092093556586,0.0021799382763717087,0.002152537857206592,0.005429937102926042,-0.0007770677965876169,0.0007029142840362883,9.566593751464488e-05,4.8287300084363476e-14,-17.41798363356982,11.233593190762901,36.21501722253719,1217.3014084022973,0.07769342463190093,-0.4068718397838368,0.09451221089646056,0.19432437434129915,-0.015489764467417837,0.008364258772950883,-0.009698789985812657,0.0050796793559021,0.00702160142625104,0.0048774877565035115,0.001333918611755633,0.002690922689316832,0.0017754916998996265,4.4424616382782344e-06,0.4118892902489204,0.34390512090611425,0.2761184717028813,1013.2047176634883,0.1750474695637763,0.1009190426469031,0.0920814645876856,0.07588094470861136,0.0011168220261628756,0.003996705076213322,0.004858053401942717,0,1,0,0,0,0,1,1,0,0,0,0,0,0,1.990139628954005,2.8116306724496667,1.4,-0.0522405893383768,-0.05213215488152915,-0.0013595519929678387,0.0239412255331522,0.017133661642305068,0.03571715450224607,-0.007877549656989983,0.0010270462916894367,0.002958695627718288,0.006286606093511582,0.028268225308295564,-0.007973437163032901,-0.006087665652037593,-0.01073182570460588,0.03595353244869475,0.008153978860326122,0.005348350257196162,0.006535923553713175,0.006676968768945745,0.006716354309265619,0.0067282954877114325,1.5344445673447935,0.001848338701396697,0.0,0.08569132564495263,0.06057214756976205,0.0312620243379926,0.0017640451884831352,-0.011948645256329844,0.013054359552621995,0.02717591057409997,-0.003233606222165362,-0.010578660532488716,-0.012754518627786949,-0.0044315343865653205,-0.0074408341717896575,-0.024667206073699592,-0.006775204764645373,0.022994714546504685,0.006880964182590335,-5.146818725646668e-07,0.00019265465139336752,4.261143914395467e-05,-4.7542015952344514e-05,-8.946247300519131e-05,1.530143742519544,0.02114680333894054,0.0,0.07746398628869157,-0.0029748728414448968,-0.015955683642689397,0.035470143346717185,-0.014467116416435938,-0.010673762532445306,0.02718812089618776,0.003932972294318453,-0.009006415174539279,0.004884179510760913,-0.019922408066688317,-0.004717609870368639,0.026536261041879842,-0.017608990989707876,-0.0015718837903031596,0.009832640339215656,-0.0022805473805873797,-0.0005772882808144227,-0.00043348705962268383,-0.000387445183980401,-0.00037151271089675374,1.4016442788462569,-1.1926755639212523,0.0,0.03476385690589332,0.02664235755100655,0.006170797962846326,-0.009118586562108255,-0.006026356191337681,-0.0030552867851577703,0.0012742967780012258,-0.0005108419913176124,0.0033025935576931173,-0.008753829637704725,-0.0064668205725810475,0.008015474521477555,-0.0028302745028470173,-0.0039402513768035646,-0.0025584412020802604,-0.0017069169084259685,-0.0011996743898755279,-0.0014994933818895874,-0.0015377766166287088,-0.0015529174277442053,-0.001558664400966678,1.2870857893012742,-0.03346498749522079,0.0,0.07672432195742819,0.049431294074369365,0.0004902259867586474,-0.006445113216494691,-0.012001119390805564,0.003695740912082072,0.016226818910079356,-0.022155672989608875,0.015757298975019183,-0.012038453858525837,0.011415726180143049,-0.008930727784918359,0.0017732617589032754,-0.00031578004274988863,0.006326651360156557,-0.005810627129904758,-0.00035995493371243284,-0.0004177048330196278,-0.0003819100865163484,-0.00036064448208763785,-0.00035130716260168166,0.9359914595424971,-0.0785008335341114,0.7,-0.06533737700070008,-0.035543240879525526,-0.0008084844928271844,0.005420966311024412,0.009392577153583137,-0.0017701254525234952,-0.010057270633233079,0.00994248900077026,-0.0039464489554277785,0.005037060658304888,-0.003948273462389807,0.0015089518093061936,-0.0005070151584103314,0.005715915201062157,-0.0071373700156303,0.002355352103180336,0.0009866228510309713,0.00060996386136104,0.0005501675354839955,0.0005245886262630307,0.0005145581159387252,0.00024848402433028154,0.006816195960758394,0.1,-741.4799708212227,2.0940863084707932,-0.8443822223868693,-0.0035283967593642274,-0.3323367157264769,0.74104094476521,-0.3429416911525109,-0.7553157937417865,-0.12624861469676674,-0.5354270355773423,-0.5387069972810679,0.9360094953773306,-0.4184562551947408,-1.1921460075121717,-0.3462849981157952,-0.22444934932542893,-0.1365624780249135,-0.19269047817938656,-0.194201297284188,-0.19373586422149106,-0.19330213995876824,0.0007502306559282508,0.004144131309276745,0.0,438.80227408646255,0.6281588847567008,2.2474376527863167,-1.5429568684038628,-1.0834969818717894,1.1920176036786714,0.38268034647620297,-0.30937651599667504,0.3970104686807705,0.2709941516675691,-0.2147393463324594,-0.1246400596365671,0.4099511997375895,-0.04518224501458512,0.6621959365088195,-0.20014552270848365,0.09543931644215853,0.03882180884786735,0.025111628849784573,0.019504666969620388,0.017290298563676032,6.353719886199062e-05,-0.003354465262700338,0.0,1471.5130166525873,-0.08878675573942019,-1.290498396648644,0.2426739166045877,-0.31865800867643657,-1.9872456016275064,0.5565622666060364,0.5557631116466624,-0.4177454481619591,-0.37524051055580543,-0.19930559345568355,-0.25661816664174353,-0.21596298176802972,0.7327516481138191,-0.3579775548486026,-1.1582496001231275,-0.13977575355763605,-0.19086479502169595,-0.19016129225111555,-0.18909529355838828,-0.18858681236407548,1
2022-06-08 16:27:53.725446500,-0.008365938843324794,0.007399589368218881,0.0021976455406027173,0.003294314767626133,0.0035258396906025103,-0.0028716369374001344,0,1,0,0,0,0.0,-17.933281271467518,10.824926501037428,36.07769308416442,500.1101510239351,-0.04308259813968174,-0.33438300679307104,0.16526711481766032,0.2469658667284701,-0.014124112613947996,0.011600657274939266,-0.0071807067282316185,0.002018601470007591,0.0022411380527636725,0.005496188387928597,-0.0006629449917057927,0.0007812796069121392,-6.981771417366324e-06,4.8287300084363476e-14,-17.439239193456064,11.219279918695431,36.22034052431554,1181.946412989371,0.07168143670783257,-0.4034049755205663,0.09795767619011247,0.19697698602001507,-0.015430967942829232,0.008524431547966116,-0.009548646173053036,0.005319294690193478,0.0070651241559730234,0.004815346364151514,0.0014760704916473547,0.002728516641009979,0.001827474389293029,4.4424616382782344e-06,0.4131586093466407,0.34715674304006944,0.27067982846944216,1015.8321964078017,0.17546302735725622,0.10125729186833417,0.0923461617314337,0.07603286493488441,0.0011221139623688325,0.004003766522902769,0.0048545107306378205,0,1,0,0,0,0,1,1,0,0,0,0,0,0,0.5907159108481204,-1.0921672389309869,0.6,-0.1680971162621628,-0.003634233016304968,0.01626392997577223,-0.008224538489915374,0.006759575364541706,-0.008204715452751334,0.031115459803820605,-0.007983998811110206,-0.002960548864252701,0.013093050307974571,-0.018725280346153443,0.007212683327665923,-0.017804976139843474,0.029193690963485463,0.00808627584873653,0.007371163558823803,0.004953903794792671,0.005557444472324209,0.005481881579956193,0.005420218484385381,0.005388664818287965,0.8813440200484506,8.585566031721065,0.0,0.14356103723698388,0.00791710633898172,-0.020508308397821987,0.004271372414652793,-0.02484750056767177,0.003470973932227817,-0.02383819018019889,-0.0027802011629020893,-0.014886423383111996,-0.0048941694503620405,-0.050674488813014576,0.017115196089598134,-0.007508126781892562,0.0041856397149342564,-0.01273340744837359,-0.004072770817833676,-0.007401966994429071,-0.0064013978019551885,-0.00626815246068063,-0.006201843697303174,-0.006173627284589775,1.045731932638333,-0.031241680603709864,0.0,0.09848721111910938,-0.028134408131972283,0.013739693117523356,0.02034119011219926,-0.0153909558652608,0.009599682023885291,-0.017430398442179314,-0.00135065683958345,-0.003837988276079585,-0.015805534223492547,0.0013366951103082126,-0.006742029957148545,-0.0029473086109461488,0.0189399450183304,-0.00891206021529142,0.011484964314067607,-0.00028701322850937724,0.00038556876903634614,0.00034995765112159384,0.00029897164341107684,0.0002720270251524241,0.6311037315721965,-0.4848424957120643,0.0,0.06627774712471994,-0.0008212998098309222,-0.008861573905780386,0.003265092501555286,-0.006700019724160866,0.0043199345784345955,-0.009133935968524309,0.006189972555432193,0.00047642167583381717,0.007146959401073672,0.0058891263257501774,0.0053780901396875145,-0.001686302501680319,0.00023828395000582026,-0.01398684854907979,-0.0013074395330840522,-0.0020943870040225345,-0.0017763792208009169,-0.0017157124639487324,-0.001679118819539199,-0.0016622048463843233,1.044740563289905,0.1111766008900926,0.0,0.07733986835708173,0.010618264514726904,-0.0023310365680860746,0.031565680470366946,0.0020924528889702575,-0.008406875299893805,-0.018784884567846355,-0.0020983650796868487,0.021057883547164195,0.010485895966252868,0.0007676873293864426,-0.007794675106717417,0.0075699694625315315,0.00039071291395107767,0.0012792344209915706,-0.0054835943959853405,-0.0005291803102673524,-0.00034872651230069936,-0.0002494231951783389,-0.0001970975218464337,-0.0001743314502550888,0.7292583674540256,0.10655642327482344,0.6,-0.06943682699004321,-0.010957172815697766,0.001405182250745142,-0.017809795668730748,0.0013520736426035028,0.0018011335036374895,0.012187418320882404,-0.003802500403588788,-0.009662497810685143,-0.005004009027094986,-0.0007255059402490432,-0.0001137672429914802,-0.008507486455351038,-0.0047753610142348074,0.007548796313472655,0.0024407608438840388,0.0009263323309127653,0.0005612021648465583,0.0004237646324189882,0.0003552647898543984,0.00032566251051157117,0.00011232810739845057,-0.005322886306835102,0.3,-739.4057266741797,0.08624776257866529,0.5236879135421759,1.186339122708148,-0.1980830838928611,0.3949458696581232,0.7948736785392825,-0.3524990435927968,0.4026551644856582,0.0874044480471099,-0.07479873754250832,0.932969981336914,-0.16104122585891467,0.6252780962542488,0.1119547825025613,0.14811752862361516,0.07631357769616542,0.08823679152454744,0.08383102083407756,0.08196519758387666,0.0811960488201886,0.0005822503917292974,-0.011161475152971851,0.0,440.09833020314295,1.210315182213293,-2.2465475825739247,0.12961066170338853,-0.9100747983829932,-0.17070925746528687,0.07204372773711754,-0.5984969432028606,0.14089611356838816,-0.5827497342481216,-0.5628433873976029,-0.2273636610857501,-0.2825759527435361,0.13683608734765862,-0.09252222457536696,-0.5528604806173051,-0.11348965335628948,-0.1600175976414384,-0.16412681622783598,-0.1651494337532018,-0.16543906012938026,4.3144118912000423e-05,-0.002681294087227007,0.0,1474.910671925613,-0.6616405212720622,0.3112190019808736,0.8447497297934491,0.031850987359646865,1.0106791961559765,-0.5751075960794481,-0.10054861171322926,-0.5068942010390316,-0.3085784888110368,-0.2226392896047216,-0.43863125867714814,0.017213920165417562,-1.0126622928460591,0.7702797317167409,-0.9486324109142784,-0.1098418974442552,-0.1479642066149296,-0.14860761726090388,-0.14804402300953612,-0.14766525112046658,1
2022-06-08 16:27:56.475446500,-0.0066200638837398676,0.007034491053313112,0.0019530067714853237,0.00286021395976996,0.002974936545123136,-0.002339636592439968,0,1,0,0,0,0.0,-17.958850575821792,10.797398415359456,36.08820937878696,823.5685921387623,0.01297173298085512,-0.3667145135260132,0.13617327280329827,0.22299226349126208,-0.01425172829429057,0.010465525778870366,-0.00876755576472064,0.0018895081286774145,0.0023439732125461053,0.005547972933213029,-0.000566216362439732,0.0008410302229915923,-9.030542049891218e-05,4.8287300084363476e-14,-17.454819423600426,11.200185278439655,36.217793647317755,1146.6984344214634,0.06571974585397593,-0.39985657378183853,0.1013485539758208,0.19962834126444956,-0.015383985361311412,0.008682486143187606,-0.00941735785301197,0.005476832036216553,0.007103521055507029,0.004765814708989329,0.001576190516013211,0.002752488302147762,0.001859884941142325,4.4424616382782344e-06,0.4183425677189173,0.3459037323567193,0.27073731367560605,1006.0075565176489,0.17379181297755622,0.10027469434346012,0.09145056014619636,0.07525199684854479,0.0011286036982921985,0.003961022607991937,0.004815751492273983,0,1,0,0,0,0,1,1,0,0,0,0,0,0,0.5849115824527567,0.2062056947436672,0.1,-0.2540648736786765,0.08478559603567376,-0.0013475921124392748,-0.010630654733485087,0.011937164488316748,-0.004381593609917654,-0.02254543010636732,-0.004776129474608721,0.00310482057721212,-0.017190050764733428,-0.012058903605030868,0.02236890309530676,0.02180908663847724,-0.0170276657770803,-0.028153421814771908,-0.0007130638774804928,0.0003978250903582583,-0.0003336974141354404,-0.0002636258697767454,-0.0002083386744554765,-0.00018046957646257767,0.4860156563915328,0.04246115907221757,0.0,0.2192972167554504,-0.058119237449380225,0.003102138482454504,0.013024698954881515,-0.013643424258959869,-0.018493102147680938,0.00012662230854232348,0.003120618921222229,-0.011327017285657541,-0.010788222876111524,0.010907592486067636,0.02544482515623929,0.0146228373426577,-0.006700523986029904,-0.012004671582009518,0.003445339236710464,0.0018913628216198925,0.0003849499893015034,7.731339141400003e-05,-7.941092136369392e-05,-0.00014784715419897672,0.5583923773494868,-0.4661303626185232,0.0,0.11569760508268542,0.011118034015146813,-0.001305403478398772,-0.015999567626156834,-0.020196441314979503,-0.00988813229789921,0.0032080289366694425,0.00795004440404578,0.006494633045547699,0.004486802834668619,0.00038010832378731606,-0.007924337185768002,-0.014928409989688085,-0.013130199976717249,-0.002402919444420053,0.007978945342989725,0.0013293474250782409,0.00011131583975855032,-0.0001112826837729522,-0.00021071693594168148,-0.00025123195654156366,0.42070304336248976,-0.3474586931855674,0.0,0.10162549514918423,-0.029144404093552918,0.000785026935465321,0.005212401207462913,-0.0057237182147257095,-0.004605522856421912,0.004243337880796233,0.002823510066568097,-0.003573559369203125,-0.001662580093957403,0.0022091161097800302,-0.0026075889222805025,-0.008900349201091319,-0.005923445829967181,0.0014921812970155393,0.002878580972888031,0.0002174873670855314,-9.254543077989815e-05,-0.00028841919287027774,-0.00039215753067320353,-0.0004371387186341061,0.5365625378817431,0.06316557625670985,0.0,0.1083601739959138,-0.029500575045643587,0.008817853044367259,0.017756033842348518,-0.0008676893239202287,-0.013419308369119313,-0.0069699039872825495,0.0036532534619250203,0.00556207936110539,0.0004731984323531791,-0.003958519936534361,-0.002516405630346284,0.0026985258908727053,0.003976171512149906,-0.0002510083153509004,-0.0016693410901770936,0.0008845937811744815,0.0008259849229533643,0.0007573416489004476,0.0007099251736221028,0.0006865640978627853,0.5076869060927335,0.06906395041730855,0.1,-0.08874805290266369,0.026629901666437236,-0.004559389790979284,-0.012094058523241105,0.0018957321731079872,0.009615936636364857,0.0022622128838479427,-0.005285084550118516,-0.0034290945923517685,0.001854007180810072,0.0034590311349833613,0.0020034274994345136,0.001019203860546171,0.0014057901831998265,0.0009459193028481769,-0.0022498424927533105,-0.0021542893470155944,-0.0014351392285528487,-0.0011708285345740491,-0.0010348233963421991,-0.0009752951644983773,0.0001836773016608276,0.005331718404414575,0.3,-737.1067861343608,-1.88970696364251,-0.09929535189711204,0.6209400966782823,-0.19509912864483425,-1.145851284804401,-1.0243721863353772,-0.32666413627427104,-0.022717130561837,0.01813132662875461,0.2674735736403946,0.3442296219534171,-0.12022464518811304,-0.4899006308678313,-0.2561710100990737,-0.12425491989214164,-0.24728242685591795,-0.19537120562623045,-0.1847960020084507,-0.18038295145460825,-0.1785801839500123,0.0004891261790948403,-0.0025306503221069593,0.0,441.0794352117792,-1.7022640298129943,1.0246945384423327,1.3992471435454874,0.008794817975491753,-0.7231084325861517,-0.51418566972972,-0.31902464625741445,-0.07975544178676762,0.3882009082316138,0.4558865493198994,0.003338154320756459,-0.2385193900218425,-0.15548598257008628,-0.24872612286482895,-0.2940463651260217,-0.0007542025614863945,-0.013947037706913079,-0.019374608436975468,-0.02155871996193426,-0.022432672221708968,2.627303583309648e-05,-0.0019381341005861785,0.0,1477.5465419825996,-0.5055411261300833,-0.10158658173764934,-0.7216765748992771,-0.9458357987554108,-0.013243976694283788,0.5099784278203003,-0.07924492427378738,-0.3756359442792032,0.0657828168350747,0.10173054087320564,-0.21517959557001376,0.15275800562902475,0.6264588252614374,0.012122765394096293,-0.8317202511265336,-0.2916605949542159,-0.206253778075876,-0.18517592377968128,-0.17533147043722866,-0.17123302593852507,1
2022-06-08 16:27:59.225446500,-0.004938268005381889,0.0067289220975207155,0.0016650105945303867,0.002377800187855941,0.00247086790642057,-0.0018004535174363165,0,1,0,0,0,0.0,-17.985964990385717,10.771993994599129,36.102688686465896,1147.0270332535893,0.06900979017892288,-0.39908868903270256,0.10709135129620848,0.1990229386207486,-0.014373293569320038,0.00932865291681541,-0.01034719885059722,0.001793341112389345,0.0024897279126373678,0.005602783867865386,-0.00048716607147375734,0.000882133780478819,-0.00015362464581707136,4.8287300084363476e-14,-17.470798015669903,11.181703648762342,36.216046418973406,1114.7097244091824,0.06031710542421467,-0.3966424417378505,0.10444575376868843,0.2020366087816624,-0.015338659714552191,0.008829563021655856,-0.009301307981745005,0.005567368573054885,0.007121619221530821,0.0047017547156557385,0.0016462391295561053,0.0027660510088948946,0.0018778673594554692,4.4424616382782344e-06,0.42387071525740266,0.3448603121718273,0.2699828529565555,970.1663786542937,0.16765273432609626,0.0966938022068506,0.08814853546669338,0.07253237733333953,0.0011277900417193045,0.003816502046904893,0.004665866968728575,0,1,0,0,0,0,1,1,0,0,0,0,0,0,0.19137919300003786,-2.5773915845457998,1.5,-0.31567110385098524,0.01096392100202606,0.010969091259027413,0.010978039713991632,0.010991309648408054,0.011009765958489563,0.011034732041588908,0.011068228520466052,0.011113401527068164,0.011175331949632371,0.01126268203864862,0.01139140926982232,0.01159449925965315,0.011954327631194358,0.012759973862831848,0.015249785533365309,0.013263266265975626,0.010525880398475051,0.009500995683254892,0.009006149369877925,0.008794796913159725,0.003459744122585856,0.03400463599625155,0.0,0.29884228163240034,-0.0008906777712575088,-0.0008849021281431002,-0.0008749005081839199,-0.0008600563888932143,-0.0008393864693119307,-0.0008113824996374593,-0.0007737346571841594,-0.0007228338816813398,-0.0006528296597424384,-0.0005537135553006414,-0.00040702358009250984,-0.0001748186297723291,0.00023499595004569491,0.001118715921105033,0.003583363294303057,0.002502478697826764,0.0009136280324300184,0.0005018738244067346,0.00033727131830809217,0.0002731656398357609,0.021889025674072214,0.16779943160231206,0.0,0.08923845260419291,0.00036491026708969886,0.00036859502101830964,0.00037497656324286463,0.00038444958274689705,0.0003976441311510578,0.0004155279182098802,0.000439585889431941,0.0004721450285517627,0.0005169939626061509,0.000580656846294068,0.0006752925428444015,0.0008262913270720343,0.0010966700471395211,0.0016903948827627555,0.0031943123529106256,0.0014963317036398515,0.00045071992436582735,0.0002758544700252213,0.0002299929555748625,0.00021699971543237128,0.018091441880436272,-0.25031889469772456,0.0,0.13054757196865138,-0.001149293416216713,-0.0011489749178420893,-0.0011484248781523012,-0.0011476119945490627,-0.0011464868778389252,-0.0011449748846524414,-0.0011429638751704833,-0.001140282799336163,-0.0011366624008273655,-0.0011316577660459935,-0.0011244792578031391,-0.0011135660756088953,-0.0010953097953959065,-0.001061005069221911,-0.0010796149040514318,-0.001563772067282108,-0.0015389991961493373,-0.001465176283311693,-0.0014145095678912002,-0.0013896447273217395,0.003921854716734562,-0.030917909881890332,0.0,0.1380056393481709,-0.0006281386198361254,-0.0006279543054244843,-0.0006276365571588859,-0.0006271683066289192,-0.000626522958477968,-0.0006256610832015669,-0.0006245251423121325,-0.0006230312269316893,-0.000621056529296542,-0.0006184224892224793,-0.0006148841349003652,-0.0006102011840535213,-0.0006047346603232842,-0.0006014525870836457,-0.0005000346773196282,0.00026853576394564495,0.0003764416745825603,0.00037627211860680014,0.00036932355041090735,0.0003650861720674843,0.005170958115615563,0.09951082854974284,0.1,-0.11283432852734646,-0.00018814944921868512,-0.00018902276939506378,-0.00019053591593917382,-0.00019278366769224543,-0.0001959176744697113,-0.0002001716456291689,-0.0002059059082117265,-0.00021368885029830756,-0.00022445453447578027,-0.00023983330690356767,-0.00026292643079766764,-0.0003004301888498255,-0.0003700374356189742,-0.0005383745128539671,-0.0011719166026519833,-0.0012717229749228958,-0.0008397165366815317,-0.0007130933032497178,-0.0006638484940332303,-0.0006451346716692477,1.1627811583114787e-05,-0.003044280192507372,1.4,-735.2600859454816,0.1466982076018013,0.14680228895547032,0.146981327198894,0.14724427118130026,0.14760494143874325,0.14808358391375265,0.1487093015378207,0.14952379113737635,0.150586960131605,0.1519848032167026,0.15383752874046408,0.15629059756323116,0.1593635577889927,0.1613352846791507,0.130274379843069,0.03317122162723507,0.043946366129752334,0.04992181312431576,0.052530875851710235,0.05360727899371653,5.068840893666526e-05,-0.0072801566286493,0.0,443.28806128887015,-0.1859010635964964,-0.18597704789152655,-0.1861086312080218,-0.18630392532045192,-0.1865758605356405,-0.18694425153465488,-0.18743939714762806,-0.1881085208623752,-0.1890278618816037,-0.1903269421884648,-0.1922417418511184,-0.1952452711262609,-0.20041314812175592,-0.21032773268879268,-0.21309153152945906,-0.10600879702778164,-0.09225914051677896,-0.09179583722610117,-0.09159313096869236,-0.0914589264150596,2.3990490260654826e-05,-0.005170637353335878,0.0,1478.7714025411594,-0.3959075238687433,-0.3960912237980949,-0.3964095433424575,-0.3968824747168327,-0.3975420023225809,-0.39843740190723054,-0.3996445923561964,-0.4012831637372116,-0.4035491318198368,-0.40678298310770333,-0.41162660627257003,-0.4194417694186861,-0.43368267229396906,-0.4656644130317744,-0.5363253037778293,-0.35162163619997955,-0.2703476932353652,-0.25197807422052776,-0.2448970223612719,-0.24217005447730605,1
2022-06-08 16:28:01.975446500,-0.003249098267470544,0.0066987182181905604,0.0014319729502148071,0.001824666508500241,0.002027768244579526,-0.00133608458986553,0,1,0,0,0,0.0,-18.014537885562362,10.747117235310556,36.11675076805664,1470.4854743684164,0.12504739180565694,-0.4314641851198737,0.07801843675501881,0.17504360235603486,-0.014479450730759628,0.00818975309345447,-0.011931377735689887,0.001748800375593942,0.002690873933666135,0.005639503432693399,-0.0004089062241863777,0.0009713477510864344,-0.0002395427317298707,4.8287300084363476e-14,-17.489451944551252,11.163743278170552,36.21271834136131,1119.8478064915762,0.061332733480584815,-0.3971249128976382,0.10418833870450853,0.20165601306485426,-0.015301491716054206,0.008837170198816727,-0.009360291825097431,0.0055598497219722385,0.007004654094982904,0.00461464897198159,0.001671960046154766,0.0026935812321114585,0.0018068549713125867,4.4424616382782344e-06,0.4280883695349301,0.3453160983332728,0.2695387083826211,948.106903576248,0.16387304149266327,0.09447765722690694,0.08609637811525174,0.0709029141498725,0.0011197660359509372,0.003725545576387975,0.004580703805459588,0,1,0,0,0,0,1,1,0,0,0,0,0,0,0.025635539343529683,0.18589145793218773,1.6,-0.2595962768170165,-0.003118649263735292,-0.003119106704998032,-0.0031198922271321802,-0.0031210425100407675,-0.003122613006585003,-0.0031246821081780327,-0.0031273558699976885,-0.0031307703156735578,-0.0031350800649232987,-0.003140391491636257,-0.003146474380285524,-0.003151493581074709,-0.0031454022294365395,-0.003062210531763251,-0.002321633915956023,-0.001812859513332964,-0.002474796562750812,-0.002692619236568389,-0.002776558816715832,-0.0028081454202711605,0.002663703138279786,0.05591824212150049,0.0,0.28482422103999444,0.0010339533406332065,0.0010343692252657126,0.0010350859607401973,0.0010361415867042416,0.00103759509930465,0.001039533285163598,0.0010420811369113382,0.0010454167607922005,0.0010497894891987776,0.001055527223127968,0.0010629535940818186,0.0010717687459840632,0.001076924883143075,0.001033750419890944,0.00047866920616627685,-1.2891237960215884e-05,0.0005186630170656162,0.0006990305386297559,0.000767461953614876,0.0007928361318399646,0.017581629949895206,0.16759406871106566,0.0,0.07794428147090009,0.0006103900383507572,0.0006107439415497866,0.000611361728268903,0.000612290199171207,0.0006136061833308263,0.0006154322688179509,0.0006179660456525045,0.0006215368250613515,0.0006267231728253878,0.0006346190460272028,0.0006475109524151615,0.000670892694028979,0.000720913654573321,0.0008614158791864874,0.0013683165238279828,0.0010597076755410428,0.0006847456342590631,0.0006147929753554486,0.0005958313696958221,0.0005900563935358294,0.01272716103855082,0.1464319470743253,0.0,0.11422904055034455,0.0007543172837727407,0.0007543925384767522,0.0007545272921871144,0.0007547377067085528,0.0007550515798579929,0.0007555159627300164,0.0007562121621847934,0.0007572867882060915,0.0007590207953776526,0.0007619982152876076,0.0007675728398592093,0.0007793936845455772,0.000809716641893678,0.000916030914184266,0.0014453804383210227,0.0014252891132501373,0.000989850924069472,0.0008791502442640657,0.0008420523526754707,0.000829106873839342,0.014452807117292453,0.13953340356777294,0.0,0.11767293529555475,0.0010575713054570383,0.00105743518752662,0.0010571951451526609,0.001056828726117261,0.00105629817467381,0.0010555413391083797,0.0010544541791625336,0.0010528554736875817,0.0010504103924802305,0.0010464487208543104,0.0010394758523977492,0.0010256190574322787,0.0009923856095826016,0.0008836278662701625,0.0003811542363896469,0.00045581694341227576,0.0008626564411014213,0.000961820390626034,0.0009942727992884614,0.0010054344546144584,0.023416622851372776,0.1854024376270164,1.8,-0.09233754301595476,-0.0009505091996891699,-0.0009510347125052076,-0.0009519481430191793,-0.0009533117970493015,-0.0009552265127813467,-0.0009578501226652306,-0.0009614308475489726,-0.0009663699533349096,-0.0009733465810488057,-0.00098358755748629,-0.0009995164932725294,-0.0010265533096442594,-0.0010791423641503893,-0.0012058632841954462,-0.0015214524068731545,-0.0010242672939177726,-0.0008293616757928077,-0.0008230754980236327,-0.000829132971869221,-0.0008328334308757401,2.259797576710429e-06,-0.0015606466877252415,1.5,-736.4912364173069,0.05458503906507417,0.05460755009278273,0.05464663037535189,0.05470486042891309,0.054786394251472366,0.0548976844132838,0.05504877459300772,0.0552556786460201,0.05554500360675618,0.05596362047691983,0.05660093287695744,0.057646966234353066,0.059569903401396125,0.06373165329143404,0.07101203730223205,0.05098539658827761,0.04744968310076203,0.0481654756165284,0.048703761092687266,0.04895207138015767,3.4319966762657013e-06,0.001913648649218278,0.0,442.48670161275857,0.043407958566312736,0.04338713558112062,0.043350907653646686,0.04329674427012265,0.0432205377403001,0.043115833042154605,0.042972427429770484,0.04277372644810384,0.042491437777282925,0.04207400251151583,0.04141845623425056,0.04029117008892058,0.038054737399713545,0.03244970977861605,0.016340544742648788,0.034416118114643623,0.045423107750645286,0.04676447725196908,0.046946384037204865,0.04695658657385016,3.705287198486087e-07,-0.0006305993860029457,0.0,1479.7283237880765,-0.03448229113053003,-0.034497050337648716,-0.034522938752715504,-0.034562134745740984,-0.03461825770402527,-0.034697173762182835,-0.03480851934737217,-0.034968713902273414,-0.03520733702050194,-0.03558190833548736,-0.03621648475033723,-0.037420114541703235,-0.04014348553596392,-0.04841507452236726,-0.08302786808066287,-0.07301973624564084,-0.04586026564410872,-0.03957154132835683,-0.03754758731380292,-0.03685684951586588,1
2022-06-08 16:28:04.725446500,-0.0014465623661340811,0.00678771736261982,0.0014197408375287454,0.0013797708863519285,0.0014777070294931481,-0.0012489631778176847,0,1,0,0,0,0.0,-18.045977659962393,10.7209584151669,36.127393256119156,1793.9439154832435,0.1811009801817937,-0.4638136206643924,0.04896550436069032,0.1510428660640287,-0.014556368618321953,0.007044200171007089,-0.013524681825885844,0.00163722895720257,0.0030989603891644845,0.005499241134851506,-0.0003859896804037896,0.0011242021803465562,-0.0003092744587822645,4.8287300084363476e-14,-17.514366061658443,11.145097910747122,36.20405714893767,1108.9053300224627,0.059591245593788214,-0.39597248015349895,0.10544325033238318,0.20241888527181334,-0.01523700171719124,0.008918408057847023,-0.009361325698528343,0.0055908119665871525,0.006661295069013715,0.004652482812664737,0.0016947008100903346,0.0025301832662911433,0.0017768211427912782,4.4424616382782344e-06,0.4271340936688177,0.34610190468068064,0.2661058504609957,939.206038527316,0.16245962723876875,0.09352917029317023,0.08507268003581013,0.07029329887511103,0.001078762265728159,0.003657871052262968,0.0045817598608124226,0,1,0,0,0,0,1,1,0,0,0,0,0,0,0.05156169906206077,0.2646980722448215,1.5,-0.1895299440060427,-0.003207536069147053,-0.0032069674556175517,-0.003205979897038177,-0.003204507423995135,-0.003202443599228445,-0.003199622539093245,-0.003195784829490252,-0.003190514149079471,-0.003183112409423152,-0.0031723336106079143,-0.0031557547942230057,-0.0031280728464647798,-0.003075597672869443,-0.0029549436346849485,-0.002697387737970543,-0.003235365023803203,-0.003378997650073959,-0.003368703620219464,-0.003356300829855686,-0.0033502115445255155,0.00896364145118428,0.0313511912168749,0.0,0.26931877079274397,0.001471812371350717,0.001468747293302413,0.001463399223822305,0.0014553672711103867,0.0014439941037938352,0.0014282324815163006,0.0014063974582648464,0.0013756863323288045,0.0013311847058972686,0.0012636160203723882,0.0011536084408400654,0.0009545806281419014,0.0005290721334166807,-0.0006709438180480923,-0.005049861149480774,-0.00241676684065872,0.0008595999144350362,0.0014714576588482266,0.0016343895707058235,0.0016830395071960995,0.01863329849368626,0.11893653277206802,0.0,0.06647086052685608,0.0006779113066430953,0.0006788792546413829,0.0006805534623204271,0.0006830335569278654,0.0006864773326926483,0.0006911243281842294,0.0006973358977976858,0.0007056643078483091,0.0007169753423730597,0.0007326726616841093,0.0007551120708442907,0.0007882781545445808,0.0008376482819444121,0.0008892945362352524,0.0004945569515635705,-0.0004892735473841013,-3.863643609720857e-05,0.00016337562048460518,0.00024788412087121665,0.0002807164771434518,0.02176231351788116,0.16428493029375582,0.0,0.09588906713138924,0.0006371719631334486,0.0006391024876759543,0.0006424602411512144,0.0006474780937039534,0.000654533828643492,0.0006642206920547374,0.0006774756799312657,0.0006958218555814756,0.0007218551791643562,0.0007603080340949056,0.0008206441296001027,0.000924397183012402,0.0011305422918739276,0.001648178491327216,0.0031127248672838032,0.0013435400968280836,0.00036071269063652763,0.0002629179740983455,0.00025922403957566394,0.0002636502455957371,0.027075566678596157,0.17365093643307689,0.0,0.09575868567816098,0.001161306253741324,0.0011595352020852432,0.0011564552792376961,0.0011518536954691367,0.0011453854326264664,0.0011365091038247714,0.001124370459373183,0.0011075826708737482,0.001083785711625606,0.001048685934606487,0.0009937193401136943,0.0008994676216115303,0.0007130191784113535,0.00024843120657891274,-0.0010391718877714026,0.0005886824096321808,0.0014435193585655688,0.0015207888204488895,0.0015199013048280642,0.00151432620904955,0.04747689547015526,0.18005283626580254,1.6,-0.07127734681902563,-0.0011501560955278073,-0.0011524657703540402,-0.001156465779348902,-0.001162403181615975,-0.001170671725777163,-0.0011818745343669214,-0.0011969329297675693,-0.0012172798494881204,-0.001245218573542879,-0.0012846263232386187,-0.0013424258182633446,-0.001431835777629,-0.001579052605349758,-0.0018155807675403512,-0.001489425175056945,0.0008045810847219967,0.0002440706897546413,-0.0001008696720089723,-0.00025534755200940884,-0.0003169685141666339,2.144930676724833e-06,-0.001585954532451002,1.6,-737.6343577593359,0.050517491542535715,0.05050848582531842,0.05049298582815709,0.05047020529538315,0.0504389357022319,0.050397423561008736,0.05034319616384053,0.050272847237494034,0.05018188799847323,0.05006517509790953,0.04992025197840988,0.04976529429763943,0.04974340827445901,0.050931460626166825,0.06354346414935462,0.07334791116485917,0.061748952688837726,0.05790735828585625,0.0564439728464805,0.05589760653636855,4.059794549543689e-06,0.0021297324362908204,0.0,441.45885267924535,0.046212792603128605,0.04620155272488091,0.04618200569627362,0.04615280019203283,0.046111744975807056,0.04605540124195073,0.045978342056233856,0.045871755224265336,0.045720640440150014,0.045497696750794965,0.045148439318738916,0.04454921390045197,0.04336252281355968,0.040398096346550005,0.0321133719817972,0.04240017840101906,0.047933837300631055,0.048457024931961364,0.04846282662179746,0.04843143155950802,1.7914423451835074e-07,-0.0004106312460013688,0.0,1480.3284498766363,-0.029904455521119644,-0.029909860139980537,-0.02991921560737865,-0.02993309180737924,-0.02995239505656855,-0.029978509445797382,-0.03001354076830154,-0.03006074665233172,-0.030125326076486655,-0.030215946152935658,-0.030347869612811,-0.030549613489149863,-0.03087518443457072,-0.031369994020415966,-0.03037508671310718,-0.025025652606245785,-0.02648898878528172,-0.027339533736139288,-0.027720017668649174,-0.027872031412135456,1
2022-06-08 16:28:07.475446500,0.0008221319838778192,0.004316071749232176,0.0017292153153310374,0.0021873184062533016,-0.00020101149095104188,-0.002013273916901259,0,1,0,0,0,0.0,-18.08082123491299,10.687922549285448,36.13213303677651,2117.402356598071,0.2372064873560293,-0.49610036381285705,0.01995257462536476,0.12702883560192574,-0.014656702145171813,0.005900494812540735,-0.015098017272161944,0.0015892993201454494,0.003475010068483095,0.005363977233515647,-0.00036829742716856887,0.0012505216412374185,-0.0003623112561429893,4.8287300084363476e-14,-17.540059928627677,11.125724413979418,36.19498112921292,1110.153248267488,0.05996179680302211,-0.3960320784915516,0.10559841948004398,0.20227242211670726,-0.015178018496717068,0.008956377092457118,-0.009422399633953391,0.005601011104860209,0.00632945594873025,0.004696058714845106,0.0017144231990721805,0.002382964909251536,0.0017537897732735285,4.4424616382782344e-06,0.4252940947979735,0.3463953179951008,0.2613534081381461,940.3770396608708,0.1627986713288489,0.09358924740917936,0.08493940678314095,0.07042531801270308,0.0010364585608858788,0.003623281380305785,0.004630425287725948,0,1,0,0,0,0,1,1,0,0,0,0,0,0,0.12234904608467535,0.3960134600588551,1.4,-0.11908556173612027,-0.002918046064965613,-0.0029154510350444373,-0.0029109598028524593,-0.002904300232351473,-0.0028950399852300645,-0.002882519849551894,-0.002865739199418805,-0.002843155403964041,-0.0028123195930549933,-0.0027691849736887265,-0.002706737842075914,-0.002612311124968975,-0.0024642256702378834,-0.002265471451004011,-0.0029975857319331804,-0.005606978909163911,-0.004670809124093504,-0.004201816948200562,-0.0040003365535946685,-0.003921231308986738,0.08655992239024718,0.10645355243669063,0.0,0.2530699616300711,0.0011603526389823494,0.0011355778711861534,0.0010925730965935935,0.0010285073701702537,0.0009388233003385406,0.0008164401502269767,0.0006503305386785039,0.0004228926988902116,0.0001048204271242659,-0.0003557036387931067,-0.0010581492052377586,-0.002216181152853755,-0.004364909794243215,-0.009094456350878228,-0.0174961724582788,0.006096113539085328,0.01002402995630053,0.008968800726529738,0.008221764978035197,0.007883409943892826,0.08187633543760718,0.06310066114019841,0.0,0.05538462542217952,0.0011320215223255125,0.0011317740314917752,0.001131320299206028,0.0011305877849485074,0.0011294492604705152,0.0011276843689286171,0.0011249027390099488,0.0011203823158391184,0.001112704127923754,0.0010988459446558453,0.0010716388067299137,0.0010113394045959405,0.0008503228036097223,0.0002657020556728574,-0.002735969139538357,-0.0027481122221087147,-0.00027132225547672035,0.0003663791911003021,0.0005818305149975735,0.0006574562481217053,0.15242681016621454,0.07646738272641103,0.0,0.07811190911223022,0.0010847915466607998,0.001094537269469344,0.0011114370473529476,0.001136573066966848,0.0011716800661344378,0.0012194371716642708,0.0012839832966955824,0.0013718546942828285,0.001493780124981301,0.0016683653682589494,0.0019303568021947165,0.002351312119544832,0.0030975663266830447,0.004577064152863429,0.005815121663809571,-0.0036398502186362775,-0.003459021053306421,-0.002584957217005175,-0.0021332168495188267,-0.0019441463932929352,0.1414974317799751,0.3254677552315233,0.0,0.07332337599413788,0.0007422675831736582,0.0007336232365079295,0.000718634539524636,0.0006963438355164922,0.0006652165491251772,0.0006228838653811798,0.0005656887356086537,0.0004878611002407281,0.00037994141078539703,0.00022555271345921788,-5.813666340276271e-06,-0.0003767422918013576,-0.0010316381839799284,-0.002316921521086695,-0.00326862726603352,0.0051300142717871505,0.004847411607212579,0.004039648760212479,0.0036277887474043696,0.0034561244558236853,0.2514897987974368,0.09461469794807258,1.6,-0.050879976025404734,-0.00201206252189537,-0.0020144176370943514,-0.0020184624617814733,-0.002024386772195387,-0.0020324773516848136,-0.002043139114308569,-0.0020569180876049407,-0.0020745085103096713,-0.00209667780232994,-0.0021238631519038256,-0.002154453949705969,-0.002177208773382713,-0.0021314133070455595,-0.0016182589123375241,0.002809759434964503,0.005496645244134638,0.0015038251668819177,0.00024222393509036317,-0.00022819271490998877,-0.00040192920159100266,2.1826616874175944e-06,-0.0016054229045069268,1.5,-738.7806298293906,0.043319729239627236,0.043342021352259515,0.04338106326885338,0.043440032640447164,0.04352418071137265,0.04364195603515242,0.04380710615201622,0.04404277894166597,0.0443900712132006,0.04492749715685207,0.04582086156169396,0.04747332955922978,0.05109411763066874,0.061706705452870374,0.10513820057550304,0.09310314917850347,0.058820715916287014,0.05054695311756418,0.047782638486499,0.046819187419013815,4.52683144917165e-06,0.00237458514166716,0.0,440.4249672722383,0.042970585306548514,0.04293662958597366,0.04287787095212536,0.04279076154914208,0.04266966109406667,0.042505958487762285,0.042286552743480144,0.041991164896256095,0.04158737585610517,0.04102094442036908,0.0401956965288619,0.03892973980892744,0.03687117504704674,0.03370233756467833,0.04045863568885544,0.07671771951938489,0.06672117575245018,0.06077737261455062,0.05808864944878245,0.05701000632455532,2.107136423277241e-07,-0.00031042604351022595,0.0,1480.9171515664138,-0.036746203494885776,-0.036727507877799326,-0.036694711968522135,-0.03664505526143103,-0.03657396063744045,-0.036474032700084535,-0.03633317632591115,-0.03613090658002705,-0.035830611498646185,-0.035361800074753084,-0.034574158591262005,-0.033097092776284136,-0.029792620686791338,-0.019708748666971587,0.02563320907675859,0.02180536238608255,-0.01567104570936806,-0.025766827150341957,-0.02934105622612293,-0.030621302344503217,1
2022-06-08 16:28:10.225446500,0.003930021653600094,-0.010865252035683693,0.0009724468364410172,0.0073378025522993565,-0.005686454360974617,-0.0022564916406440988,0,1,0,0,0,0.0,-18.028469348063354,10.831404830778096,35.65941478080378,2440.860797712898,0.2930696369519164,-0.5246183864755071,-0.010789608869641521,0.09953906543774037,-0.015113866866290624,0.004825735709556525,-0.0170080467398718,0.0016070291641689975,0.0038069967228506678,0.005234169489216478,-0.0003513356451510034,0.0013467124410447711,-0.0003985064305304337,4.8287300084363476e-14,-17.566301732921115,11.105990041370891,36.18065990806394,1123.5915612266513,0.06245041206614916,-0.3972635029014199,0.10464558450505856,0.20118732809531664,-0.015123574109756002,0.00895216326977504,-0.00955091009135772,0.005601502810050998,0.0061422991932466135,0.004750424641491435,0.0017955087285670879,0.002296791492374275,0.001774074876815171,4.4424616382782344e-06,0.42220659392493104,0.3458726595183802,0.2607559270727537,953.0095412153357,0.16512873817486906,0.09475308792384332,0.08584787444925608,0.07143424242970557,0.0009951005779300093,0.003627564832278175,0.004741273897873871,0,1,0,0,0,0,1,1,0,0,0,0,0,0,0.6314567782213838,0.7375368434750776,1.0,-0.04791387827706648,-0.0019023388373155513,-0.0019010424681247175,-0.0018988447900739876,-0.0018956942414452575,-0.0018915308455795398,-0.0018863114996021109,-0.0018800734885696265,-0.0018730958059535766,-0.0018663251470666016,-0.00186258021811952,-0.001870327710109296,-0.0019174618779190468,-0.0021142926786297585,-0.003057201579198872,-0.009022385174873174,-0.010635943079573384,-0.0055247414767428575,-0.004081999779637838,-0.003571341454471847,-0.003387398202753914,0.7779410895137251,0.6169342509819302,0.0,0.2299092148000229,-0.006073713930964633,-0.006152771973448375,-0.006289675151396697,-0.006492855201778308,-0.0067757433718095604,-0.007158897878484423,-0.007673690998100348,-0.008368846183525487,-0.009322520457952614,-0.010665879885203068,-0.012631990859830229,-0.0156620466419801,-0.02061280701338777,-0.028372831578688938,-0.015552165735459676,0.06266811403110159,0.04219606882779242,0.03011792578094825,0.02475160033422352,0.02261672522419357,0.63779141055564,0.19395327734479934,0.0,0.04421864201012831,0.001502233750350801,0.0014880725717607336,0.0014634620431873595,0.0014267305635482024,0.0013751744936120966,0.0013045658556072011,0.0012082631445124931,0.0010755459370386318,0.0008883039657419787,0.0006138982103544531,0.00018803269284914164,-0.0005325983876493106,-0.0019285247906929625,-0.005274820184046223,-0.013540811329003768,-0.0003144214120407217,0.004809898139627904,0.004968356699084588,0.00480309865821462,0.004702534519779185,1.089774269251524,-0.469307893743563,0.0,0.06305381377334847,0.004252763740942314,0.0042742419986254365,0.004311372672698882,0.004366331361236825,0.004442554643048139,0.004545239011286626,0.004682180182234365,0.004865198523103558,0.00511260970343131,0.00545356807073726,0.005935439439547609,0.006632680530085625,0.00761778328144513,0.008343242894684966,-0.0026452431268031863,-0.024577534253224547,-0.012746207908433622,-0.007788261644356947,-0.005750832665475619,-0.004964818414921033,1.150102397928009,1.0135315356677148,0.0,0.04847408875365326,-0.002091686026174612,-0.0021100455066315467,-0.002141777940957132,-0.002188730856150877,-0.002253819389066393,-0.002341444437706392,-0.00245819298916172,-0.002614019669523496,-0.0028242732940819,-0.0031131931644653595,-0.0035195921046958047,-0.004102357868890529,-0.004906707948563275,-0.005382395917277436,0.004793067790578679,0.02361432950843776,0.012847495393049873,0.008433937904568005,0.006631436452231018,0.005937854890627039,1.4603942180069789,0.09719424511015434,1.5,-0.031074850928500805,-0.0034599516659573363,-0.0034431788889060714,-0.0034139771730202755,-0.003370270309373015,-0.00330867825520608,-0.00322386775106707,-0.0031073628755201805,-0.002945278113834432,-0.0027137143640000327,-0.0023685685232228914,-0.0018202660880967704,-0.0008608105314269685,0.0010958339052616645,0.006227404459894084,0.02237057626662517,0.007271018002148576,-0.004111555448842175,-0.0057166081268444574,-0.00600918116888949,-0.006063276573665186,9.255964490495042e-06,-0.0006701951864291793,1.5,-739.817150770194,0.1376053698642039,0.12000715497295288,0.1091971580067721,0.11780583923232513,0.14360408481213227,0.16729631179043736,0.16210028248481834,0.11039683720827044,0.017781434156361797,-0.08456318774642924,-0.1521212268881751,-0.14838622814542468,-0.06332053991077835,0.08574935833132002,0.2588522428830196,0.06327698323614328,-0.0069094041422275146,-0.015909152320245926,-0.017637881160311508,-0.01792662555661062,4.9117908191028584e-05,-0.0006962387365557545,0.0,439.55169409088717,0.19133131593828526,0.17290357445764926,0.16476030244726306,0.18273005619455773,0.22482987735214974,0.26761550629761643,0.27631653599860684,0.2239459269519664,0.10872996739966644,-0.040645742046828914,-0.17615487307435276,-0.2529412128934112,-0.25112069428167416,-0.18116773886067786,-0.03187486811601658,0.0463216448574908,-0.0054827263012064975,-0.01909708360006146,-0.022797885344703058,-0.023767481712197558,7.231524207620731e-05,0.0029379343189765124,0.0,1479.181854381649,-2.118960143729396,-1.4529112429263762,-0.5790358878685709,0.24106119801697898,0.7873368267519965,0.9536824312476142,0.7725085523994508,0.3860658817159006,-0.019110634238607812,-0.2851494046806238,-0.334200489606836,-0.1815742484707421,0.08901829018390828,0.377458874059883,0.6239960934154354,0.4160691348919627,0.2816784647707209,0.2393392331619779,0.22044038485996253,0.21267804132308396,1
2022-06-08 16:28:12.975446500,-0.00023868756741822266,-0.05225980196406282,-0.008450836391825214,0.018035263924725858,-0.01560849034133232,0.009458480152320642,0,1,0,0,0,0.0,-18.019932940139185,10.420278676912227,35.74493183017217,383.8221095124092,-0.060240371443626074,-0.3191378709231389,0.17762304815502342,0.2553667932750903,-0.016142136299878415,0.013475227220839943,-0.007333249265627536,0.0016547668983244355,0.004034969253652517,0.0051024551060145215,-0.000327945069949483,0.001406918514278347,-0.0004069778706781836,4.8287300084363476e-14,-17.59432793650558,11.085281827060788,36.161247804700615,1151.351718728237,0.06743013845599094,-0.3998820150375632,0.1024042251202246,0.1990034723578664,-0.015073938534204285,0.008898362908030697,-0.009757507366220029,0.0056114410668880385,0.007154530230022939,0.004895489869332978,0.002358730269152996,0.0025838070717399265,0.0022938123426802424,4.4424616382782344e-06,0.4197209720503067,0.3454443532218279,0.2616583119004294,991.3619365599803,0.17190390198711275,0.09844973945104896,0.08909818797271897,0.07438662251736032,0.0009616100574591774,0.0037324418758147657,0.004980099401273543,0,1,0,0,0,0,1,1,0,0,0,0,0,0,1.9909536343534748,0.4754350206218737,1.8,0.006784372474888509,-0.0160594527505586,-0.01251314033835094,-0.007674295744026421,-0.0027919008767805565,0.0009769821074408199,0.002910493419800961,0.002907534342488341,0.0014579557402941328,-0.0005867308283539581,-0.002362467788890683,-0.00335541034415402,-0.003711350561418775,-0.004607932898096632,-0.009594345545090312,-0.02755442603117467,-0.004268645396856718,0.007336048388229005,0.008055434158401006,0.007874544649172326,0.007729297499935919,1.8687897460644567,2.374422318723894,1.6,0.170898847359192,-0.04813852585457333,-0.04532157241767657,-0.04099349721517457,-0.0357096897425635,-0.030228893630058595,-0.02544272537864764,-0.022245442924070127,-0.021357235622120604,-0.02313773421554584,-0.027434132090837084,-0.03347548006991248,-0.0396659300235456,-0.04230239776821376,-0.025624286747521038,0.12839128790599938,0.20975644262688065,0.07617434257379456,0.035565960737547614,0.02062421585343348,0.015130560991014529,2.2596196597069658,2.242440394914661,1.6,0.029314341708577087,-0.001974410097263804,-0.002297313041827969,-0.002744591931497124,-0.003211310818826293,-0.003603422769135605,-0.0038709274833007264,-0.004030187856958555,-0.0041711924100738184,-0.0044527315288306855,-0.005097335009285187,-0.006410391937005157,-0.008875181156692773,-0.013450610096058736,-0.022134439042428004,-0.02511607280224333,0.03435918319930898,0.028710413470148573,0.022094342303397758,0.018900540931829142,0.0175931365769071,1.7654426005354793,-1.6428387437055458,0.0,0.05414747468235966,0.013556062695429676,0.013538918325012741,0.013508638470535728,0.013462311555400905,0.01339502938779823,0.013298688291625544,0.013159678920900768,0.012954219800255158,0.01263824866431854,0.012123407758422848,0.011212660169402965,0.009397107369139604,0.005048997989533593,-0.009034180310118278,-0.0726992995696917,-0.0619199251751169,-0.011211475578233477,0.0010570354700401704,0.005106998817849927,0.006512716327952325,1.4956696465675792,3.35375055597614,1.5,0.018381949153381226,-0.010153139214198468,-0.010134166738925856,-0.010100787760518664,-0.010050017660334854,-0.009976862302186676,-0.009873152929280293,-0.009725320500793515,-0.009509942685764895,-0.00918419417144768,-0.008663394043626826,-0.007761443582855558,-0.006004872812167701,-0.001902511217347749,0.011033574789827643,0.0676772110340986,0.05500362326601439,0.010133845529262914,-0.0004738828888100784,-0.003919582704944311,-0.0051028889104271615,2.04961872212822,4.2029248537252615,1.5,-0.006575749596838175,-0.00019165977077246785,-8.78573241356068e-05,9.22214741973168e-05,0.00036024499597404197,0.0007349493735737802,0.0012453389253477207,0.0019363615158657387,0.0028792874271587523,0.0041917181220446145,0.006079025526372284,0.008928483589059618,0.013549588798639592,0.0218767061713072,0.03905957109477523,0.06036085686631815,-0.038084790341287374,-0.04321518063773876,-0.03606070277459023,-0.0320535684360917,-0.030335197876693344,7.49388408738392e-05,-0.00033114463736708523,1.5,-741.337280295376,0.03267972012486098,0.6064930171633307,0.6334819975187997,0.006552054335891454,-0.4349681819898308,-0.11838063573397052,0.4567581566117589,0.2263329893053481,0.21544358685637374,0.4285587986836212,-0.35315776846136515,-0.6494928572089016,-0.3971891005330352,-0.0217777262661798,0.6965145376364035,0.030763315062905864,-0.03154450843234713,-0.038432838984437716,-0.0412824880427074,-0.042467882678228534,0.00017523943795154292,0.0062995561265621865,0.0,438.5438077977205,-0.02248027866207281,-0.2763222990370622,-0.30840951172718434,-0.19411760195352912,-0.07254306416424328,0.07279395131366684,0.12968255679436425,-0.5737333080378182,-0.3751674006109944,0.7106509871566082,0.08317897161836463,-0.4985637601360509,0.06263822630551807,0.269103428801337,0.6421542406722409,0.4556152964883982,0.23559056181895602,0.18070195895662344,0.16109230008985698,0.15396461188249355,8.617781303843014e-05,0.002686346727553002,0.0,1475.1991488498393,-1.4107433630097148,1.650789673628367,-0.668106636416141,1.2117029083318585,0.646741594699904,-0.2900006561698376,1.1532673493484893,-0.4287432034010053,-1.0243406128241899,-0.3138518876133887,-0.3382918686954781,0.6969804203829852,0.03743835034279641,-0.6049028866988948,0.8249694447990592,0.4357957262086316,0.3468445185935352,0.3391660580595541,0.33816480316912845,0.3380615863549421,1
2022-06-08 16:28:15.725446500,-0.01066153963660221,-0.17351666749223602,-0.043607590273056086,0.0725129232950953,0.16580311331511838,-0.032882234256799536,0,1,0,0,0,0.0,-18.68096134053334,10.765982775393882,35.62476860536569,0.22612869460321536,-0.12768419172416726,-0.2824206462630975,0.2168664577927364,0.2772574522970188,-0.009498684687908954,0.016343015322667884,0.005694721887309582,0.0016486898745178967,0.003938605211293324,0.0049725970870348616,-0.00012394719927593133,0.0018790275504640094,-0.0006100430554794552,4.8287300084363476e-14,-17.623467008276478,11.063802079016297,36.138119136754796,1182.8008750377576,0.0730582502878573,-0.40283778449411184,0.09983422274949484,0.1965203792419472,-0.015007577462067984,0.008828707453315906,-0.009959834205053095,0.0058669574037786745,0.01688589763801896,0.006111886896649124,0.007683507872801173,0.009342898896195323,0.0062255787921855574,4.4424616382782344e-06,0.4171195173261399,0.3447575886401542,0.2641749611696365,1043.3541247699775,0.1809888007628358,0.10350856621184276,0.09368510995998117,0.07833926564923804,0.0010556078361912097,0.003910418839936695,0.005349772852960783,0,1,0,0,0,0,1,1,0,0,0,0,0,0,2.2242162396798597,-5.2674949398549415,1.6,0.0046820020446235655,-0.045773388486878994,-0.013315922978844376,-0.028692133693102705,-0.011116157546366415,0.00664403534341325,0.005190268780886575,0.011356435094840826,0.011989558097420595,0.014847616172198925,0.01585149999494263,0.007827939026134687,0.0013859185484259946,-0.0235861389297002,-0.058068844245086,-0.07378960884397479,0.04563366165027062,0.039871572437044575,0.028427010166584943,0.022534623511684608,0.020004663230859056,1.519954688841981,18.195781664193497,1.5,-0.029297536822831382,-0.1916744580503632,-0.15513845526910935,-0.16379033154834385,-0.14584223070819366,-0.1363106413697483,-0.14303989132033265,-0.10891013125724226,-0.09340454291909056,-0.0966272695596551,-0.04472867397409458,-0.0036495975196815795,0.023832307806907246,0.1281121948396549,0.3244903947077805,0.8683994891868241,0.3468866649193055,-0.023132631879789884,-0.08246006959972513,-0.09801451751464677,-0.10263469708632894,2.1462624576298106,21.69340775013273,1.6,0.012383172472146684,-0.007924038309618894,-0.00972035989925868,-0.015119062021248018,-0.021168294917318538,-0.022546443141843158,-0.02705786168370509,-0.035501901236930165,-0.03829263478675339,-0.03878354165023292,-0.0415360038673703,-0.04587973895747581,-0.05272357204365507,-0.05435030810421063,-0.04315290737560819,0.047600220107655807,0.16760343440157288,0.08930597332945908,0.060419121476241636,0.04879887786795141,0.04430984321618927,2.0155609289874024,-5.203453228375619,0.0,0.13477366693790874,0.11013318016854423,0.1037637656878578,0.09439955951099133,0.08312552306019311,0.0704636795208143,0.05628726923889715,0.04019212150821008,0.02196147818948601,0.001687332737109165,-0.02064813186059832,-0.046026847769714885,-0.07765366850092234,-0.12379059441239368,-0.2087184285409192,-0.3707370764531159,-0.054494554771066496,0.05962908132580488,0.07323028064348261,0.07595186241587351,0.07654700875861446,2.5246781983082203,-12.339189547948857,0.0,0.198219830732719,0.1902364992191193,0.18448112686019655,0.17126318018781053,0.1478940560966856,0.1143713592742406,0.07419544843024083,0.033337017397825915,-0.001998828323504757,-0.02750496372659044,-0.04162657662492628,-0.04469336945229626,-0.036559561061120384,-0.012531409177480742,0.04713720828295696,0.1726316316555632,-0.12386893349272245,-0.22394809253163836,-0.23369590371817134,-0.2342180017958905,-0.23375077483092024,2.493274094719056,-7.042408049446781,1.4,-0.08389019380683875,-0.096658976917958,-0.09034634089506724,-0.0800659423419491,-0.06589976911829021,-0.04777775418782304,-0.025779367678748902,-0.0005790885427278857,0.02637384261395799,0.05324238943473316,0.0786600913990875,0.10257922916066774,0.1265531994918736,0.15294295708601416,0.1783978256324008,0.08704549822940583,-0.18848696910649784,-0.0891372488914958,-0.041862091039621886,-0.0214264322574058,-0.013333250955535343,0.00019863239832208754,-0.0076897211393161,1.5,-743.0182042449561,-0.26143774515982443,-1.1912308598304122,0.6847780487115145,0.04558141121793114,-0.1668732569748954,-0.900944726503198,-0.3840524016490363,-0.5346754705339904,-0.7170511615373627,0.13568711878201611,0.4128466519254221,0.546274563611961,0.8548843415708163,-0.24795659239280354,1.2119464959185464,0.1654635059073044,0.3847971969348478,0.4791691759123751,0.5273532546370294,0.5485759717069723,0.00040920174083085027,-0.0010568490059359539,0.0,437.4992542992289,0.01556523003989696,0.7246145410496823,-0.30201671903579097,-0.416796052550886,0.5667837487912769,0.4634802904401916,0.132499395113566,-1.017558899077894,0.7870512654414803,-0.110426304235812,0.4783019754454614,-0.0038287019936786852,0.03408670322838958,0.058839934826691476,1.2968746071341408,-0.023262362846962148,-0.4196803482565681,-0.4610244648296238,-0.4634350802882299,-0.4615243391710462,0.00012251776752686535,0.0037602357959020008,0.0,1469.6301958872973,2.032370061127068,-0.9285160788423354,0.19036608635013866,1.4576191238159026,-0.7890142302120609,0.6665574280275877,0.7944755300666273,-1.6650443227922196,1.5830873666613383,0.312978271064452,-0.8600513176445759,0.8346468833534573,1.1159051554909638,0.04043476327282747,0.6922714554660698,-0.1552809026313895,0.06712091272817132,0.2007498671330872,0.2666643836327047,0.29471788809019017,1
2022-06-08 16:28:18.475446500,0.01802445006694741,-1.7496053231532944,-0.30113697232048703,0.7350974577521372,0.35238721422711866,0.1982463643020828,0,1,0,0,0,152.01,-30.112523682430304,10.276580026304906,-22.524382281781755,0.04063636683451765,0.024793529133382883,0.2143388146777642,0.2755934463168616,-0.11013077204683863,-0.007712797105394931,0.05900314471736692,0.04315141825762075,0.003981165532280653,0.0031066849741913033,0.004820323121156955,-0.00432911869194892,0.01764374185420919,0.0002057195875064894,0.6407614583333815,-17.875787525519048,11.01718890972305,35.7072133220565,1158.0073986284958,0.07022027605463375,-0.3970986870789658,0.1039307164095592,0.1950791092026136,-0.01361675286061602,0.009541604895411858,-0.010011413249137137,0.05560811076260275,0.11593520913143485,0.022422499266902304,0.07809422178921548,0.14544843850870368,0.034073464403748366,9.801750728636557,1.7830239993138304,0.4784485940062586,3.9770549290999697,1058.1962555075302,0.1824097693047517,0.11307378148795705,0.09765471936190084,0.08105948171533191,0.012482016762643265,0.006995913461508317,0.00696087995976388,0,1,0,0,0,0,1,1,0,0,0,0,0,0,2.344085139968324,-1.3066390932948448,1.1,1.0939179999650486,0.8679533483127725,0.4322333130182219,0.04789366310838735,-0.41302759399181255,-1.1218275071612285,-1.6006450313652232,-1.300739544361132,-0.4008925388287818,0.6403912488106225,1.5174566208210802,1.7526499252865275,1.0605700305776786,0.0487069085330144,-0.5770503460628965,-0.5788092178717796,-0.18406368952403845,-0.19641959847242896,-0.18716020924274548,-0.1803004056376332,-0.17707069144179607,2.226044495550342,-103.81108549578464,1.5,-0.5655753250823841,-0.5587768655697994,-0.6404972096477958,-0.9136526801542778,-1.1918511106843424,-1.6405990297339874,-2.1919932482072517,-2.141176037967102,-1.268655211786814,-0.7541780938776587,-1.2609215547367991,-1.532138994564385,-0.7358693404344985,0.9779805246795624,3.2220049730969818,5.092633490892532,1.8878907030656782,1.2053048122770609,1.0293467348457657,0.9423606138665276,0.9049299874617068,2.2040207801692073,-100.80763208918924,1.5,-0.018084238332868468,-0.06436618570597237,-0.091434979042815,-0.05512052400888807,-0.08522493710286386,-0.2660275442237721,-0.5745162260292731,-0.7838225032714844,-0.6083578240580051,-0.15552549406317914,0.16585990340295145,0.2334986993630421,0.21728717995970065,0.1699579356712526,0.12909662787742876,0.5502793723522872,0.499571191796535,0.24648962004966465,0.1792420652749226,0.15020402350004547,0.13832526830345915,2.5114431048174954,5.0767514245021035,0.6,-1.8990553967945296,-1.5317669045053943,-0.5060904864740735,0.6835664092369793,1.4995406872459396,1.9531371029174052,2.0615103038134897,1.629003321750021,1.029397497015524,0.8321548042119306,0.6771134589214509,0.07817477114735277,-0.5484297955642061,-1.0012079998256622,-1.7526656838870782,-2.2102806635227616,-0.7097911720773147,-0.4272436606606048,-0.32026451798078154,-0.2641597420380109,-0.23945817399779895,1.7807885579261715,-1.3700330931565359,0.0,7.7315078638300285,5.872243089230922,2.473400362016592,0.192450156189568,-1.4638395209463364,-2.6674816381169486,-2.440328692039396,-1.8239873743753272,-2.022570828828858,-2.0847897261603743,-1.4220387321090844,-0.9149642643963821,-0.8487559381827997,-0.2936004960843829,1.0432176163356703,1.7658992677968344,0.4388815270442509,0.1882316568056316,0.0991140618632785,0.05443709312058437,0.03520243159087983,2.5522493056251467,-8.599978021995984,1.3,0.3194515951617771,0.4888569410123746,0.4196291023583626,-0.2679522588935193,-0.5696141567868829,-0.20601026432358532,0.0982814749042119,0.30525679586977866,0.4755140509492352,0.09317299964076317,-0.4509685347028428,-0.16111548657236266,0.6966355199197114,1.1114430527111858,0.8046369252939568,-0.3492573407998895,-0.8910481641734818,-0.5414181934455797,-0.4285897298141989,-0.3775011618917246,-0.3562075626418094,0.07384287356799682,-0.16021811128157962,0.6,-851.4556189475903,-76.93688531223447,-19.189045987755847,10.960505800050989,15.93008353913929,17.990120447113007,21.3825150924431,14.224103855715015,7.749145982159746,8.332847945530766,5.7038748202603,3.3318531062917853,2.3913699738759733,4.076672438822527,6.899592812899536,6.991509350911797,5.122477740709488,5.212522683415712,5.154190950781646,5.111579842156843,5.0905189035738685,0.020285605278481042,0.014612972425956732,0.0,424.72793757330874,-6.294217020852913,2.7983668491313907,8.94849135537283,5.860076140591332,2.2281282499875843,1.156078808428788,1.7666423324624994,-1.0117921943665102,-3.9918691272019617,-5.73112713750386,-6.200441055684136,-6.618851199982932,-2.92705188272468,3.0883836633358634,7.253981087043097,2.268209880115656,1.4301255250899954,1.1368250966919486,0.9827314612623884,0.9147306087824292,0.2119495168730016,0.3921563188270211,0.0,1268.5230753167825,-165.57551976432046,-105.83117825360478,-55.13465287282619,-23.307102865567455,0.4261733048162881,18.37640393723234,26.541683249553884,27.188886048231296,31.18206380474137,35.48507549455384,32.918259294027685,33.96917742987433,34.232124387780445,35.97640283350741,31.9067021404967,29.328021809188034,29.796823595261024,29.91691297743991,29.962790137491933,29.980524876240768,3
2022-06-08 16:28:21.225446500,0.02191170008327333,-0.15141620095715552,0.02338302910020995,-0.01901584977976473,-0.03653886062513388,-0.03564749228554025,0,1,0,0,0,233.01,-18.8207371404858,5.7233231873479475,-32.804023456625806,0.1461154865437956,0.0697443583021128,0.3583501239851841,0.1750717065495005,-0.07234036956432517,0.032502635787030484,0.015828836058106706,0.00016005626911839657,0.006559245225070121,0.0014349161856639773,0.004913561032882854,-0.005574518870757492,0.021316176803429787,-0.003079585371566812,5.96588333333338,-17.943382465184246,10.914761063237087,34.15173119611261,1137.99214416476,0.07125414719119083,-0.3807164746149911,0.10526417489859564,0.18827444114706185,-0.012045345612767478,0.009744596394953918,-0.009661052093761151,0.05970037733359069,0.12450630276033045,0.030635070510153312,0.10408896292708963,0.15464964183942415,0.06495194905188559,36.09561837356699,1.8255622721617664,0.9760906635388884,10.78058018982557,1071.5531569108703,0.1822506101408527,0.15798066035490715,0.09829471862577224,0.090414520336817,0.01842300531521743,0.007507124195827341,0.008587797801956877,0,1,0,0,0,0,1,1,0,0,0,0,0,0,2.144242690803208,-0.3743842883290329,0.0,2.27001543788606,-0.2058077731515733,-0.8515241779317988,0.35066697872847896,-0.7676176837640453,0.19653283073272415,1.3489829739303962,-1.6798560510147662,0.9116196092373482,0.04762467250777904,-1.3704910106997052,2.0466742965178324,-1.113585982435552,-0.6072297003722222,0.7696686585933687,-0.17240904070308907,0.05400889362659647,-0.021925386627194024,-0.02594973913727934,-0.02751923269971581,-0.028067904204525887,1.9268259884929708,-16.02093150248036,1.5,-1.4816748245099438,-0.1366424083219897,1.3599140790029058,0.3293846383920262,-1.832678066496124,0.1079123385200314,1.7378959701105838,-1.9422308505864196,0.7620813991219161,0.8375838265284781,-1.1778148734906693,-1.8527699178960688,3.83489147297684,-1.340179363267928,-4.838184445578759,5.219313163763215,-0.12541459329941318,0.1105370600016926,0.10791889351633056,0.10007718151848018,0.09601355022154244,2.2802244162685934,-7.158032142265448,1.5,0.06807328938119436,0.04428301410698851,0.2686231078287833,0.27929471362814673,-0.2190619313530798,-0.5230091692542872,0.38905959308391896,-0.3397542486792852,0.3855483680295894,0.3136996571241553,-0.7096077418454824,0.5277410895706379,0.5095228121694668,-0.8076505160361889,-1.1397821175277043,0.6008772553792068,0.20386930221778896,0.061771463379815726,0.045389644768541786,0.03793925727567945,0.034999550762455464,2.1754963387555053,0.003487613170173059,1.0,-2.5116666774401013,1.4961014051862025,0.37633619827445797,-2.5620164688892597,1.2071424874640366,0.905487094594468,-0.08738028916294632,0.5182078393011537,-1.943413954389672,-0.05612297872568733,3.038117546283796,-0.2424725762406903,-3.699786162891776,1.2643635913762117,2.833816139628752,-1.8789575145844704,0.031004175160592142,-0.041312067034457375,-0.0379081728579945,-0.03571740992187687,-0.03477769233996765,1.6070115609023827,0.05323713725292902,0.0,9.474683547459087,-4.791178530308108,-2.8789146945443487,4.705063834317917,-1.4761698458188364,-0.7452834984159586,0.892111069510655,-1.087015549834613,-0.4283696039142973,2.0723622351532325,-1.0243766063019029,-0.7361706489429306,1.6986039249204068,-0.3008370765513549,-2.7951011803687145,1.842526082633495,0.11019737083008063,0.12004230149024232,0.10057740370688988,0.09103828440693164,0.08704463327721178,2.2219561712989866,-0.8681572082879854,1.4,-1.256206580643643,-0.2068000006370632,1.20325285066821,0.6792223737873622,-2.0184832897540392,0.0655704402998213,1.0239456045599833,0.4055297481674313,-1.042961495992636,-0.7609074464514636,1.4166556719001409,0.13358248256481475,-0.3989610086193501,-1.7577727231142215,2.097199642963509,0.4470278102530708,-0.35582025055066274,-0.08780866764387862,-0.05355133738129458,-0.04045071482443113,-0.03553152497572645,0.06624035579442912,-0.015748820279305298,0.1,-870.7028289017917,67.0266496592775,12.929426458308015,-44.468628425081384,20.062393582124983,13.45147948938498,-14.887206206971504,4.125409956221382,-1.9762491527619304,-2.357733352053728,2.5270678671116404,-0.6763405553287818,2.771051290070389,3.349601565043724,-0.9836485748081784,1.0339696271003442,0.08974438612451152,0.23365659757263305,0.2661387025332793,0.2816430907418788,0.2880896563454778,0.1197679729861353,0.13530850199865027,0.0,385.48949158072855,-23.311318796458,-18.85143011022741,15.050740938090428,27.634072302494502,-0.3108434559130444,-11.250780308203778,1.0613470320254024,7.980752284777774,9.364302081847596,2.0132133454831607,-8.780952640593448,7.3700809320091025,8.894804954519968,-6.273079740893575,8.44941581938274,2.031626777246661,2.442376910451124,2.4777422736181016,2.489516752501421,2.4941734055386915,1.0966204869592933,0.7062292484755631,0.0,531.3373751218273,-303.42129345504827,181.5933617170712,27.922520815644997,-7.812942857452626,62.51398037632515,27.86680905607368,25.90078117285946,44.19458892797689,36.47007739089537,26.988080079922145,38.27546138797047,36.49070091247707,27.85161008595477,36.169102681928855,36.539934253606404,33.342706864391715,33.926111463598914,33.99346651569645,34.01856383321842,34.027907988040425,3
2022-06-08 16:28:23.975446500,0.002433871006655869,-0.041693771508370635,-0.001017388735580535,0.022507993945554267,-0.010115893266881473,0.02533035380505913,0,1,0,0,0,217.013,-18.827801388736344,3.4508364416493995,-33.10073110960227,0.14540050721148942,0.07919230009500199,0.3629939528806257,0.18139998862156087,-0.06366358074884705,0.022788270421909475,0.02018235350171688,-0.009455995334306137,0.0066593446636357065,0.0014917962357568991,0.0047701261402779156,-0.005264731021670797,0.02144927359283076,-0.0034030530198379803,11.177310416666717,-17.996546047115327,10.739666991281702,32.56622354192503,1130.2759374254165,0.07483033863131308,-0.3651141494911643,0.10560031311602963,0.18079854783740576,-0.011013105153986279,0.009913575799146285,-0.009627199079826456,0.05980326848457501,0.12468171534574338,0.030923409881929775,0.10422303923976983,0.15472740213566874,0.06526644317243338,49.02203806714036,1.8294869402092548,1.4266503044495604,14.67786735248557,1087.375356383972,0.18394806149388374,0.1907420439045894,0.09939736327409858,0.09969859637601587,0.019389775501885857,0.007610991938959455,0.008669063402628517,0,1,0,0,0,0,1,1,0,0,0,0,0,0,2.199167642107516,-0.22221163336402666,0.0,2.257400656656038,-1.7852901879893457,0.7669848720191222,0.15857466528708108,-0.8350221205425024,1.071715752511811,-0.2506894965349518,-0.9309967341173946,1.4513636508575434,-0.9601797527711652,-0.5696723224521342,2.01862337438205,-1.8186165957276836,0.6517040998343357,0.22963489239279344,-0.009355856461704335,-0.1117654510095743,-0.06538905239209912,-0.056595643643654873,-0.051670859156870697,-0.04956863117540139,2.095691135562914,2.7637644730281483,1.5,-1.5205958061393423,1.3625660972788012,-1.410020022384216,1.6378066871990022,-1.7256825457218947,1.6050211551431706,-0.6866199995398337,-0.9806861328132528,1.772022403991668,-1.2544303134314252,1.6420673703505908,-2.4526228781046635,1.6565640163027844,0.8233226273619754,-4.351602465066809,5.4217544046635755,-0.5804816529965865,0.0029756673034553177,0.03686150703438745,0.044828002642658016,0.046938129405324894,2.36545999292524,0.8506494013221106,1.5,0.04603444504191062,0.13757129937650395,-0.11385107486843885,0.40051696884201693,-0.5366388972408677,0.4219190528856473,-0.3994962509097977,-0.05340614303016067,0.7241182238590107,-0.6729271709353886,0.1460152863802162,0.3237727443789207,-0.7326615426305246,0.7056088374670105,-0.6030129518786004,0.760385762975848,-0.18929270613232704,-0.01828864677092118,-0.0068039923521058115,-0.0031675591661920748,-0.001973406593813995,2.433006151012193,0.5915578424905034,0.4,-2.373905303741856,1.6901513083858628,0.06360497865694759,-1.6949280344000517,2.0517075885170497,-1.2471761616418588,-0.12236795530344187,1.1770172186673036,-1.166952844094528,1.2951713574793031,-1.4464651514014406,0.9129806236325168,0.2093272791790941,-1.0243618361811315,1.9110289392429969,-1.9455320167966499,0.07620728122316706,-0.033900330338881714,-0.036511215235712886,-0.03523401873568574,-0.03439473092421508,1.4447374589046555,0.10801519964429193,0.0,9.529683082055707,-6.376193117190776,1.5972855144571152,1.3346432802843209,-2.909957800085756,1.951427720137071,-0.09468644069563957,-0.5441243296505416,0.9945085202127579,-1.8504351753558963,1.7991904577041424,-1.1232165414410185,0.7474683319987112,0.10550498806834274,-1.8689045694754105,1.810230291330392,-0.014445463832250316,0.05023319026727596,0.04339796202750501,0.03819420918183766,0.03579395004107309,2.480753570300604,0.31590870207365,0.3,-1.4303875474985936,1.0617678149856944,-1.1795907270183401,2.1245898837733463,-1.9254896508623982,1.1103151751525369,-0.8465175139620709,0.8495092504013397,-1.385700906199909,1.4866892929676507,-0.5745539776061084,0.26734589223835337,-1.2508209155338184,1.829255545782848,-1.4245826011194356,0.21199970533010665,0.06541978577108892,0.009542343479936656,0.00810787040056843,0.006937495772021657,0.00643240897143748,0.06525157142652974,-0.014590563799191754,0.1,-882.9859809781551,71.6190227149467,7.8845233816619205,-29.085537555489182,27.780346347717085,-25.1388683655467,11.42463335190584,2.2428112547726897,-0.9969704581979926,2.7080442723454894,-3.2259760323192883,-0.9257928311052196,4.528921552400239,-2.5042953219646584,0.7258660235988508,1.001278519602813,0.5765470302527262,0.3100436255083743,0.2566424170836292,0.23163992619106644,0.2212376088868071,0.17837532709596268,0.21291844217648048,0.0,311.99143325213385,-12.308378433092473,21.646442189538472,-16.20542753237252,22.415073691243716,-11.640731537249456,15.490009286547235,-3.660858562651288,9.237542991536419,-3.992823681313913,12.995893344183589,-7.582822667408182,14.990041630263024,-4.1441180791737615,2.0124878000252604,10.265883185411896,3.395239607645122,3.8169074781772054,3.8054108299864,3.792694944504525,3.7862203582513008,1.6267433445206254,1.175546842631345,0.1,-218.58370112653287,297.37869852426115,-127.86881506999286,106.89764134842777,8.138253763604467,30.091512169115013,51.0993090383332,20.557864856668058,45.73375996099942,27.910047742618232,34.15326488889401,38.043808756528286,29.54170817477656,41.321211501443756,27.692494640792297,36.328525473976455,34.47465286146268,34.41028455247914,34.40131878935769,34.395625977550345,34.39320621701716,3
2022-06-08 16:28:26.725446500,0.004608561238285638,-0.011898812222516587,0.03759472846617395,0.12466796339628372,-0.1578077105669831,0.11691195661651,0,1,0,0,0,221.029,-24.578361469374308,3.0879501318303424,-28.74180969007576,0.15085338619996055,0.08289693437220516,0.31441453643994144,0.2402748293944346,-0.06284515984290351,0.014987873119202747,0.028923823527822988,-0.0034442686856724232,0.0068379716967120596,0.0015394858765670034,0.004843619847794407,-0.003866980480555303,0.01984200256506268,-0.0015611444217536509,15.952450000000047,-18.043466867577134,10.537904155731542,30.975101422565853,1120.0211340428154,0.07802565423975233,-0.3492275998699855,0.10619170152287837,0.17359286557802062,-0.010340815189469915,0.010205557482907858,-0.009866573789663852,0.061100793719550135,0.12477374718895785,0.03162731189340043,0.10497374675443814,0.15688871395141446,0.0688269123340414,57.20057628881868,1.8661382132415243,1.855744364379708,17.615078360776128,1095.7468921504128,0.18282450770156491,0.21937130823558604,0.0998531482885195,0.10533674743401733,0.019828715031335167,0.007917091622307151,0.008769737270697275,0,1,0,0,0,0,1,1,0,0,0,0,0,0,2.106967833762336,0.4986082822044177,0.0,2.207830685030149,0.6331174588606985,-0.5178289659326795,-0.060336366709345585,-0.5557535451123098,-1.2296232484233665,-0.927395607524703,0.17401651735344634,0.4896035310017046,1.2376565032829645,1.6235457057591007,1.7084698454599994,0.3985948548090584,-0.5719434284963046,-0.5362320810733983,0.18972538550004664,-0.25430407562833895,-0.13898724051590194,-0.10274299627748704,-0.08636853816674883,-0.07952040519012646,2.073585131894778,3.137053534819882,1.5,-1.650437255554326,-0.25905121171557405,1.2745278540785945,0.5792606113829564,-1.5214843924012122,-2.1239770991726843,-0.941476978665498,0.34328698003120345,1.3667361530219824,1.3996470007796624,-0.1357879066104714,-2.8754840618055115,-3.3610659406783503,-0.7160752008414986,3.8997436573783286,5.207803611938535,0.8208414674377336,0.6416016538030018,0.5841237461701637,0.5470113621663524,0.5298985787377571,2.21194602073398,1.0076102568805991,1.4,0.08926879781047396,0.03450330118197874,0.1516906447204681,0.2380434775179935,-0.5303524916302069,0.1594364399634879,0.14759124713534338,0.029942244290289813,0.24098800229678125,0.7465009194513746,0.7200464536996763,0.3489025339938695,-0.5936959143825029,-0.6085053054799026,0.9034618404941028,0.6839383225854394,-0.2127356532386606,-0.012826379555542763,0.01949811783558105,0.031607200708235035,0.03626585382465782,2.2918683641029447,1.693988343110571,1.2,-1.6720175611920558,-1.5156550803303428,-0.4884443561362215,1.278106386252703,2.4227010322308287,0.4869008493871392,0.22448003346527395,0.9253558007587642,0.13244671569631536,-2.5356989687219094,-2.047273808577892,1.988511126781428,3.9621414929320697,1.1077887537901554,-2.375028720249193,-1.9453295367628451,-0.40765877536285705,-0.3243295715029701,-0.2906094242401416,-0.2719459305049147,-0.2636385850165091,1.7846822553125568,0.5164346680412597,0.0,8.222164666669117,4.9708604968330965,-1.1406720038874711,-3.996690933560132,-3.234156333137542,-0.5236816162055306,0.16694066590951584,1.1247667772814849,2.144278941231157,1.1411112132849714,-0.7408427583829287,-1.751750772667664,-1.7857708453833685,-0.3722064210238538,2.318354891089003,1.870970062128941,0.4665306223992341,0.3978327838290683,0.3671332102065951,0.3508981608542975,0.34380090931436685,2.259122915476847,1.2349284185746894,0.2,-0.3974813647354045,0.9677899460842596,1.6284515324275153,0.8001663666441815,-1.7775859811776205,-1.8688815912146115,-0.3702901684748555,0.3364352673916181,-0.8041284808395679,-1.6324034283080582,-0.5341605958815707,0.8840535393172385,0.32463566746024525,-1.7254959204949205,-2.2436387774381603,-0.13803102238378112,0.2063604239473885,-0.07169377439038496,-0.12513527021117846,-0.14615416717473656,-0.15429070067690245,0.06324713412861215,-0.036504042213385685,0.4,-880.3582183139678,-74.4228462865322,-30.299922586498102,17.286278469520713,23.80331676511298,10.516592364235514,-5.615608960298517,-2.939049956624934,1.2228615172713688,0.16912556084623276,2.741072880744607,1.0679111864729869,0.8255834684145641,2.900344367321967,1.737023220027961,2.2963479009366843,2.2180417659607023,1.9114357832312368,1.804325487518476,1.7552435651771459,1.7347015613533958,0.29659604713111337,0.2848145107775805,0.0,226.75728881764027,25.816308610206267,-10.4875057613093,-18.003995643171226,16.533556402270644,24.86453294201106,-1.3167584849599692,-7.0008347290311095,2.6927118133847507,7.4929587337883214,-5.0249928030834035,-6.7952673215529265,2.6465534174204848,10.919888835956321,9.748552002856217,9.447557287197927,4.650439710846207,4.260980015760722,4.1635562566823685,4.105537226056564,4.079002920146181,0.6377211686148635,4.263579692664202,0.1,-962.9447098369457,319.19264672476174,213.97367678830867,102.2423867541584,39.483644730666384,15.961597960996244,15.699612111217078,20.582733960430676,33.67362496526276,36.892950919385754,34.971277577372234,31.644509941697503,26.140068673413158,23.561697767456426,28.67550992262465,32.60125006984284,31.766627138880658,30.935312893579958,30.727356450873103,30.636232761930547,30.598876818619786,3
2022-06-08 16:28:29.475446500,-0.021550120860231614,-0.004281043297471101,-0.005000583450081956,-0.0004499144000091626,-0.0015210429052593818,0.011727013413353266,0,1,0,0,0,234.023,-26.94734986239172,7.055055569621617,-26.50747574674537,0.14450636990712445,0.06304437341085989,0.28254021239825433,0.25046987291918604,-0.0797392619956423,0.04339293547702314,0.024835533065851064,0.00995207847123844,0.007241426070885636,0.001695755491486887,0.004556922283140196,-0.003665283632832525,0.01942137096661073,-0.0001347735034904723,21.237845833333374,-18.259571149148613,10.409891404351017,29.51268196740962,1114.3400954302642,0.08172828191138175,-0.3353620987864296,0.10779603510550984,0.16569211218153665,-0.009130383224617093,0.010598044697089177,-0.009649326321096264,0.06150094128926021,0.12479097197521065,0.03207965006343634,0.10523596677249583,0.15710295563220153,0.07031250726815053,65.549919487249,2.2410392377361608,1.9825761153336845,19.622507241519845,1100.8569242902345,0.18094320338391948,0.2394221124134983,0.10155041740616606,0.11070724556252047,0.02106136639177375,0.00838890401286885,0.00905630456563542,0,1,0,0,0,0,1,1,0,0,0,0,0,0,2.381664519110503,0.7453297395798907,0.0,0.9846983073573072,0.8578243159650792,0.2917282606123187,0.4895806197921885,0.5292816159944576,0.2074798257549143,0.6958817883612907,0.2872261877249773,-0.3057468647112536,0.5757013187886715,0.2182906853623655,0.2979746890207907,0.323462025117651,-0.06758950472802779,0.30992040923039915,0.8677496473697215,0.12033983049225375,0.16089824090140215,0.1615776907314668,0.16008896789302113,0.15923524578182285,1.8360319793255493,0.2433537779945209,1.5,-0.062371942461826126,0.08934179863337162,0.04271664409730993,0.14720159234479774,0.039402781466687284,-0.042317435681949685,-0.0958071733169045,-0.04499647386486474,0.17345506967349866,-0.03111410492386138,0.08661587135653513,-0.007193387167589216,0.2729261120728699,0.4188177875654268,0.4999827074453438,1.0787459537321558,-0.21205608731213124,-0.4199888427293635,-0.3898129249401974,-0.3630685852211662,-0.3499587807833589,2.7069463129661635,-3.1632461444651154,1.1,0.1163651446725775,0.03747374281633545,0.1608402780885257,-0.08859661975221858,-0.29648838201547856,-0.27217761543544816,0.3119175592318546,-0.13481220049913994,-0.3191641848496584,0.26033451772778515,0.10816272197099693,0.44639375275179416,0.2677411408259763,0.3913750538203604,0.3858564212179913,-0.05991073070076027,-0.3005719673932462,-0.2727216344746668,-0.22445952062133254,-0.20025933912481425,-0.18992702584453547,2.7429184754340312,1.0922092504920309,0.0,1.0755125926501807,-0.16250529483771628,0.2834477385297107,0.7752387689199703,0.7203869938642049,0.3700242634956792,0.4469796819028243,0.4974847476245563,0.14189584779140216,0.5373212440902803,0.33552574749813324,0.6917038669639309,0.4803442146182697,0.18183357677915,0.9533058433403055,0.6395982223240919,0.8655638458294374,0.7731691357432614,0.7051378966504387,0.6681690061755557,0.6517101974885703,2.4236847361482834,1.1027941721597885,1.3,-0.8647197922497679,0.1915791055776545,0.7702204575187594,-0.8972312763124862,0.2693943869332799,0.3965247606643861,-0.3193491243460791,0.4741009708523267,0.22084609807671585,0.34013161650828705,0.7902769229832901,0.21242611338772174,0.4784628060032737,0.852452456507553,0.346828066992445,0.19686580801695167,-0.218172436331608,-0.18703973223470985,-0.1415477281909064,-0.1162686233952147,-0.10515528324087367,2.193841357846864,1.1372957584301275,0.0,1.4529326231756958,-0.3853031959072584,-0.4846431781681562,0.5605026890369063,-0.07304588999578357,0.13869301878034473,0.21946524637427006,-0.4592310135834329,0.4067325829384391,0.21892993879228756,-0.3422780235583844,0.5110924438751526,0.059858813800227485,-0.12534880699230086,0.6317712271097531,0.31914301509626963,0.6204079804053414,0.3852536510975194,0.2993203533732254,0.2622182095266229,0.2472975741792185,0.040028594215986237,-0.0957056824213072,0.2,-862.3190626999934,-50.83219872766017,29.721538762905425,4.446027396870441,-10.849574129364633,11.580535762764127,7.563251660251581,1.7483280484712722,7.9738875803183555,2.7410410602078947,4.176034782817466,4.241640666656938,0.8717244830717377,3.8953128698177046,1.8319206504023704,4.037395517235666,4.266437343139221,4.089992016158527,4.017047217330591,3.987957811973361,3.977092176262053,0.2110976476772713,0.08282547815581623,0.0,177.6268739251089,33.72515992361003,1.96957587937124,-13.835307102628374,-3.3479170835815424,-0.9400598450840024,7.550456263360963,1.014580781954848,-2.9830793054073115,1.216027140040342,0.7312405205376651,1.7253436926734471,1.2856087857171845,-0.13400439208996628,1.0029659525690977,2.789118079207193,0.8518722876140221,0.6716447313061225,0.6678449742929661,0.6649415523665501,0.6619578855463408,0.011565951208998306,0.02824284787637955,0.1,-1273.3370201447674,41.0324638162968,-18.4950244060407,-2.7889922356780805,8.092293755517758,-7.34602279847762,-4.261012699454255,-0.4881677505187554,-2.69357746492539,0.2561256349531753,-1.3945484180135144,-2.3271494197111444,-1.4302390943629035,-1.4954355253056768,-1.5429961720075982,-1.6142568714295678,-1.5640853545562337,-2.0332435025091726,-2.1294168509236653,-2.1646184659731684,-2.1778771669098016,3
2022-06-08 16:28:32.225446500,-0.0691396350607324,0.014761944432199041,0.07372753344321402,-0.2537247441717524,-0.16588942948413352,0.20963098073508,0,1,0,0,0,253.2435,-29.583633442270884,11.330068247750475,-22.963003399504533,0.13487367097062186,0.04219928542925624,0.2392668588295097,0.2677680753023745,-0.09185772633723767,0.04607494152983306,0.024142016029620444,0.010325738814219594,0.006963925919228337,0.0017553850257127006,0.004566008616633455,-0.004434644678634186,0.01841719519095509,0.0009315589686215088,26.66942291666671,-18.494730332869988,10.3249433889194,28.08696026208464,1094.182879043698,0.08269128924045188,-0.3204862047432748,0.11080421178359832,0.1587804466904164,-0.007782406059944795,0.010975506686659569,-0.009254754469793082,0.062086762485850114,0.1248730132799023,0.03387360079467741,0.10626166989930896,0.15771729857560565,0.0711620496109313,72.98726330219841,2.6234704967928235,2.0170141736431892,21.27603444210035,1082.9148704605952,0.1763647695147093,0.2535092557256325,0.1009815814136194,0.11633781479443955,0.022438658245448908,0.008589679177137117,0.009403181069850471,0,1,0,0,0,0,1,1,0,0,0,0,0,0,2.337709525636905,2.135780258520474,1.5,-0.051900985955418234,-0.3835469377377576,0.28983238397738065,-0.34972352130246925,0.04451277532583499,0.0541721845877397,-0.4029170408858321,0.2971311549674535,-0.015739027179969944,-0.2007176187254725,0.4634938392027684,0.23557271035505,0.13597645162282793,0.3935482543366279,-0.386463811514754,0.5914957509869013,-0.005034773899447537,-0.02747719910382196,-0.045856019836835384,-0.05339306480013392,-0.05632433921982422,1.294473066894747,1.1927102195207198,1.5,0.00045773619766602177,0.012149929628299493,0.06597606918517007,0.08099035195944812,0.002001501018053936,0.042172179346950715,0.15423405173773946,-0.060806967923452464,0.09243760139982002,0.15302378884659198,-0.05833388016155674,-0.10407284089168994,0.09088006643300267,0.14418088054587616,0.17945967919688507,0.6510510582438606,0.18135637451271674,0.006364143982399546,-0.011120195850424678,-0.013017526312089337,-0.012943618332050832,2.2562208496854224,2.741663143335616,1.4,0.04448660745622525,0.1276744644414658,-0.02245944342207032,-0.12718273044806885,-0.11701953461155608,0.2965836715580672,-0.050496821415540655,0.4447804518880247,0.13449219255613426,-0.2551516678508413,-0.3518868420061442,-0.16953571490437847,-0.2799827557274553,0.0699824360199045,0.4985341073639023,0.009732135081114104,-0.12002229552846645,-0.13536707811558146,-0.10984181918069763,-0.09774264753665714,-0.09289706023592284,2.177758161833312,-6.292682168116883,1.3,0.3679579800969013,-0.8384371881569975,-0.4997201805989685,-0.1028776627042776,-0.3295306946852343,-0.16904631613201276,-0.28241665653552706,0.2435157636043925,-0.21038822171856936,0.03807064763118104,0.04230011376808657,0.2439477963910479,-0.17791228007501586,0.5150966226049369,0.27030786749177793,0.35964668386338905,0.11846595267353575,0.05638925379097665,0.04010227278980572,0.03213027338883885,0.028669814560355982,2.129021303271504,-0.7170652858686399,0.4,-1.3060373450541294,0.6141095567260647,-0.7253571924394097,-0.4155493307107975,0.7498588987472755,-0.7705780664582569,0.20139539660378786,-0.23195381661105066,-0.4051527176045212,0.3061852520189177,0.2315098827562736,-0.025165343880506192,0.3355085420502928,-0.11028262985243902,0.5073702905355693,0.2871882535136309,-0.13587783338870812,-0.08382739298822653,-0.037657246783551424,-0.016582806020949,-0.008094772803183322,1.4549753964391374,-1.3149007074625925,0.0,2.0448723119667287,-0.8689155330072433,0.8092381886546642,-0.05584916339684098,-0.0900633898617858,0.10030133549644543,0.20650794636791908,-0.3431393545318271,0.5926579350085197,-0.3894820947516116,-0.08924958307999606,0.25008010075223897,-0.5372580171456235,0.19438567323312705,-0.1251729798048401,-0.333735414463318,0.03641445755255018,-0.056536061261876575,-0.08685878006901722,-0.09856019488088022,-0.1028570739192648,0.01918694968845762,-0.10751983900412417,0.3,-953.8974791405752,14.502906387591851,-30.419402369809088,18.272741948791772,-8.692078882032009,4.823208233654455,6.435163602680802,-0.2553217040546372,4.250514192094592,4.910312944961253,2.080067681806394,5.260794718188954,3.580162898239468,3.1120499403141717,5.47941703568929,6.601060591504312,6.329872246860628,5.651730344622095,5.421037424648269,5.325804876720636,5.288371778233783,0.08498160971433823,-0.3343305145905403,0.0,213.1892844661627,17.21237408181889,4.081832182138356,1.202970937507983,-0.5297526902405938,3.7748920725755752,-5.914712089475051,1.8519985787144984,-2.5801145568877404,-3.2535267684196887,-2.636292516309446,-2.7479971198063606,-3.5051544762211835,-1.4603527089110004,-2.842920602632299,-2.9171964034072597,-4.630924732869335,-4.536929679811076,-4.511179360659026,-4.505347674570617,-4.5045156308246765,0.007172852285798006,0.06844651877187864,0.2,-1204.3949112860514,-6.105099668497572,22.38862134057805,-10.099568345092651,7.295658559775036,-3.601699853006608,-4.984032922528577,0.15122975821041962,-3.3117955751670465,-3.737396933030887,-1.0537296265507765,-4.6314312247189156,-4.069276598436751,-4.1676818808916165,-5.564742807613015,-5.809058228996314,-5.569158643557942,-5.158295364551356,-5.034951232411679,-4.989792877525575,-4.973108629105133,3
2022-06-08 16:28:34.975446500,0.0030726810382547213,-0.008163275153753875,0.23416120780513355,0.17675433726465895,-0.5334855372467044,-0.26795953676539397,0,1,0,0,0,235.98,-18.14527472779616,23.22102449399776,-29.465613455465665,0.15095803787432022,-0.030382313329012874,0.2880077027945845,0.12371448529451234,-0.14890301935727993,0.027955758666838085,-0.006429367574809171,0.02149591102301404,0.008270258570749508,0.0005607683096949,0.004797871051901086,-0.004253627143443352,0.020461962395506756,0.00287352015454262,32.08503541666671,-18.589536606972466,10.459139771691586,26.636697365135703,1031.266714126425,0.07492658321188304,-0.30137797115026965,0.1158355179661356,0.1542317293014679,-0.006698072296197272,0.011387550262332229,-0.00812299458140662,0.06720794469265133,0.14071497854296625,0.05240906509130474,0.11700972983326155,0.18676098597674373,0.07660678256893264,79.4226218328982,3.001751761393215,2.3968672788808414,22.792195082667174,1053.822535373799,0.17037028750428773,0.2655800945682456,0.09867268844069084,0.12255847061984895,0.023309619061666457,0.009027802720298949,0.012552467208154418,0,1,0,0,0,0,1,1,0,0,0,0,0,0,2.369304877555769,0.7155084917501996,0.8,0.5983702696642316,0.3830143309465284,-0.4973813838386525,-0.4917656995128977,-0.1412364060402211,-0.29029565348262104,-0.339274752954297,0.2147050581394825,0.8737012587255897,0.6322664358613495,0.309584012081454,0.7074285566140863,-0.4622477501821404,-1.2949460126334569,-0.4586163450075279,0.7614360288914341,0.310247642960869,0.06520200278198332,-0.009795101042759229,-0.0422851072340897,-0.055156482571190116,2.350830524694607,-5.427560758563994,0.7,-0.5934662464624665,-0.8739736375698719,-1.195512002949351,-1.1146714655854255,-0.4311049234049464,0.8423880110039701,1.9147534595897384,2.2710109427981453,1.1765379173446326,-0.7022192461676734,-1.523261303894666,-1.2280881461685265,0.09434878457404236,0.6292405753022589,0.7373730177455391,0.5800427447639185,-0.252357501843953,-0.18814736370792146,-0.14084682523313805,-0.11589401668963245,-0.10499338807027617,2.4091522695399123,-1.53518076028414,1.2,0.07621918788310518,-0.01690767668270205,0.014944899338817132,0.5179051269506807,0.9281895897357672,0.8012991327059774,0.4094970722835243,0.8794254965816111,-0.3944392438475774,-1.4034998063205797,-0.8967962513308061,-0.4197344981383265,1.0519472089827808,0.9118537047527038,0.3237391044959162,-0.2373812267684733,-0.5845773895471275,-0.3277850564973268,-0.2576489647432856,-0.22878983039764395,-0.2172809312356924,1.9209883270968395,-2.1575620148920263,0.5,0.3980585547454216,0.1499545761094626,-0.3490070831402557,-0.3959473117916103,1.1968841782426631,2.3101644563357002,1.1281792004668578,0.3305218944921125,-0.11343956134414075,-1.1064811348821368,-1.5266530800192113,-0.8017458199923659,-0.008752341571451994,-0.26615258002012104,-0.17331951051815836,0.7992813350202971,-0.09060614109355676,-0.14671255222838908,-0.15711450532476895,-0.16167760780620932,-0.16346674899952526,2.287527096664649,11.671906262490356,0.7,-0.5499945584222505,0.06352662194485154,-0.9465793070106489,-2.7838187638320218,-2.3331953263514964,-0.879776637345749,1.4422661875840843,2.348667104167156,2.325530942348549,0.4551475117033811,-1.5523041222324498,-1.047194458262128,0.5026968330370529,1.6145122666832863,1.4096297753944669,0.5441672056223721,-0.30139278109412465,-0.031638437549349474,0.030677334200107043,0.05133022109019272,0.058346458566754,1.8041575624837949,0.916469993128651,0.0,2.9511875534259158,0.6193127385198559,-1.4765624532362636,-1.1295679867532982,-0.7156533220818481,-0.9175618800742766,-0.8503984863715307,0.10216586655081987,0.4650619324129805,0.6032413938746507,0.9968334658627391,0.6753565079179151,-0.17799797446027965,-0.4400272301956005,-0.014937554314429037,0.33536865206873123,0.29819157912294325,0.1015928832498088,0.0411655556118784,0.017036904535670878,0.007752533526049363,0.15766714281124894,-0.009110660333881276,0.1,-981.6509726441988,116.53842579389236,88.12078965218731,22.35613954094936,-28.42507470976183,-43.52042713128103,-36.06303619835174,-16.23843983422531,-0.30157889347810496,9.804849826690187,7.1724929377837405,0.5414176628346432,-1.1430981234182411,-1.8107440582546344,-1.3361927867472545,4.425590271803916,3.3328247750603843,2.2469569216013348,2.047718743235368,1.977680170432745,1.9524608986874397,0.21203306025661825,-0.7892017059308267,0.0,364.8161578614465,40.26561152479628,6.807245716699313,13.37438851422997,5.800273925179478,-11.57763831768743,-18.634595614529236,-13.970461784540793,-16.916178360334676,-21.980246352785468,-17.014203006540722,-7.496586181800857,-4.523797554323246,-8.59153355203902,-6.547297104487241,-8.030318351700744,-9.796564935083454,-9.393802951872525,-9.338107397704619,-9.321603140375236,-9.315373054531767,0.0538614762233385,0.03747035302727848,0.5,-1141.2009151903778,-61.729904392417296,-60.155706625577615,-13.822649110810346,23.354851475472326,26.23816725805049,14.894689558178795,1.3694240434334546,-10.161597120195973,-15.023276902062786,-8.841974747309694,0.5601664970951887,2.358026607718457,0.8618392729451365,-0.10379862937673323,-4.671512699011211,-3.7048272046265462,-2.5899362506679435,-2.4497191035530186,-2.4123728472662016,-2.401083762268316,3
2022-06-08 16:28:37.725446500,-0.96916838948458,-0.010844257825209043,-0.21414422394607807,-0.2703380817133394,-0.05029040158422792,-0.12067811729988764,0,1,0,0,0,7.999,-36.40067530606907,5.457802285900619,14.846018222900483,0.002991089151196284,-0.0370448269086586,-0.13550484695840306,0.3679103879995561,0.11227961250543383,0.054117399666737766,0.0019214208482456745,-0.07569707677594191,0.010220463881120044,-0.002613207012771505,0.005550814581678494,-0.0008538046593123671,0.006189806341943613,-5.442442220437776e-05,34.126703125000056,-18.792785650473114,10.62110454679228,25.60198708064063,987.11493386964,0.06895146833340432,-0.2887060633964445,0.12020152811785155,0.1498769313264864,-0.0059670260772233495,0.01181714034862928,-0.008824934437196976,0.10919098789943434,0.15350165490413833,0.07418079052741511,0.14022154305392048,0.2635782802576579,0.13673817593729282,80.5301985013872,3.397546120355789,2.9254247193156493,23.554214269032155,1027.810722884195,0.16660050662527584,0.2684573815037997,0.09849764368293544,0.12837330769711233,0.02842414125805045,0.010042358860386902,0.015027585866438481,0,1,0,0,0,0,1,1,0,0,0,0,0,0,2.4505757715909082,3.141104347909286,1.5,1.4291358297545758,-0.0045450710031519894,0.13305757746670133,0.2503334238859343,-0.08876483076832054,-1.2447875886085336,-1.788124757753876,-1.8624602952115128,0.6838126069754046,-0.6393936388933728,-0.6441317506979292,0.1496993635517887,-2.9607300945326416,-0.8890195511681317,-0.6353092660216001,2.595871131099448,2.341183974096245,1.8499477412069176,1.6566428406026965,1.564780281645444,1.5259027964199259,2.1850378216505915,-0.8593810520891058,0.7,-2.1300160321640105,-0.5906986035672573,1.2157379643975903,-2.4554460884556226,-1.1526977100428233,1.479943138005709,-0.023913812868824588,3.6878542996543726,-0.6562506425566524,-0.2651647580073865,1.5030851373505194,-1.9293189214552364,0.15966867808872248,-0.24747774113849846,1.5704081179353462,1.1482786428738674,-0.7121126101614099,-0.4519585337148922,-0.3785008864170325,-0.3474185583778471,-0.3348393251069689,2.145744325684149,2.378782034309153,1.2,0.5044488852525015,0.7001166100396121,0.7713368644731387,-0.3261440585999416,-0.009809232382266287,-1.4035918933215206,1.0733715434611308,1.4069868997805968,-3.1001755954940893,-1.085969190023771,-1.0925973215932248,-0.7499418261925301,1.5639795196031572,-0.4819845795548569,1.1322160076091268,0.3199462352879645,0.05407136647333631,0.3622707528747247,0.3819775252531656,0.3856512202566767,0.3862562873268964,2.3125266114575727,3.8271760076289136,0.7,1.3427388333415808,1.1493344836642754,0.06530435500642329,-2.6939842185734437,0.17342532723544013,-2.0099118277189207,1.7933732053650693,3.1171552426266804,-0.8225639053137139,-1.9095896112431328,-1.6421367987613618,-2.233075082185717,0.3800996757608086,-0.1884027632253655,-0.09686553730896276,2.0068781757483256,0.4431294571476607,0.4384436391564885,0.4140175897335463,0.4011370266669019,0.3956267092478637,2.1993881355862266,-0.5675528390905344,0.3,-6.414532289788562,-5.76064196774135,2.7628288645942725,6.005597804328621,4.661504599981137,5.045482605914144,-6.809880450894347,-2.017339338356924,0.9099953652108714,-2.0906323972072367,-1.0448797877276803,-3.1115797085252934,2.004941304931068,0.5310345861788952,1.4737663658204567,0.543501436160527,-0.262618393494355,0.10924239100764348,0.15026074630066294,0.16186488440440713,0.16528232273611135,2.083535109827682,1.5058158777823192,0.6,0.2222643479127054,-2.3262452661698907,-0.033474833816136806,-2.2544160090339083,-1.6542934941735148,2.810930752968458,4.853894840091279,3.110641092383254,-0.5212891841364596,-2.6576291617929173,-1.4928900413518973,1.6412343968509842,0.4913208980176432,-0.474374819198611,-0.8167377438073316,1.1831204623428118,0.4415918382659978,0.13498611935472993,0.06346214718586621,0.03296750621444128,0.020478596747466646,0.1066815318190554,-0.0837514634734656,0.3,-1034.4154486251202,-40.16266198560865,-97.46565396307524,46.04612806719881,-25.54704755359916,26.144254781524378,23.48629429043612,-33.619896607478104,12.20098527872031,10.704665654642367,13.95253824975796,-2.5630230221856607,-7.701629313132108,3.8503770088953786,1.9602357795050092,12.137716328447638,7.577360142839911,6.551716113952214,6.193579498632174,6.013855591068103,5.9372571590449725,0.19388586406952846,-0.06401763488510416,0.0,540.3475684010957,-26.224652355940968,-51.11731010614917,-35.28879420067153,-39.48481018564023,-43.949907185626294,21.99550771999816,14.202756970334507,4.913859662141476,18.721990355065735,-3.0206725178989906,-3.205214690127262,-2.0219668985636194,-6.531949095669869,-2.2458930960852097,1.3779070567570209,1.3694557958176679,1.3449030888751068,1.1478144958204837,1.0537343387647624,1.0144593757236215,0.3862611808062077,0.4092370056645808,0.1,-897.2115072646617,164.03265008955,157.38412311684954,-8.60244943047654,-10.63038384039335,-70.00655465084084,-43.18189337783432,-14.164450399287677,-42.868320409791714,-23.623510718019322,-35.18029584336386,-13.751369489623801,-8.291489234869655,-18.935037791130842,-17.606375124686622,-25.512484694416763,-20.22857112220249,-19.767737281989035,-19.83933371028312,-19.889011604037034,-19.913635806721125,1
2022-06-08 16:28:40.475446500,0.4136544767234159,-0.2077848018054831,0.2567686483617873,-0.20678132530123847,-0.2901019629809154,-0.5332168622362363,0,1,0,0,0,0.4220833333333333,-30.567218001685053,22.98375206285327,17.412038453024778,0.07955654694272958,-0.147354913951252,-0.18811403123631945,0.2540323685601679,0.06220595119151099,0.08117850980067824,0.02349142787100591,-0.05302445998086038,0.010596201812487084,-0.0025845977042484106,0.008914971060125891,-0.005879262960682547,0.0064393387116438725,0.005583694085314447,34.19895607638894,-19.119040595744035,10.721799684414913,25.2054772883152,943.8125983768975,0.06207177738976799,-0.28209764460339737,0.12630759052724996,0.14880592078248606,-0.0052010574545180354,0.012602976789589077,-0.009566710597272888,0.1404501691082563,0.1653170347027651,0.08610808978462046,0.14918902137481266,0.2682488536360761,0.15873403968811964,80.50285805986641,3.890891474133864,3.1128768083331035,23.52007654550801,1008.2868368112474,0.16388061394487652,0.26659326486797186,0.09942967850999733,0.12779298564711716,0.029027188017029488,0.011604551711182664,0.01639466970229559,0,1,0,0,0,0,1,1,0,0,0,0,0,0,1.975104772405488,-3.3173414413222195,1.3,1.6475417658643805,-0.4715024730403695,0.5072896792025531,0.3944474927327999,-0.4638045765679632,1.1343854645902782,1.7696630647581475,-3.8290828890805133,1.3305253195821585,2.1132565507144334,-0.6579960038666621,-1.121473245541428,1.680548700969953,3.772114250951757,-4.844852631838363,-0.8431758693291411,-0.06805033541552608,-0.26707133028053537,-0.27416897106932203,-0.2702212679529899,-0.26735454802211034,2.03245689874293,-1.7467262305302318,0.7,-2.110608901560856,2.169006545770241,-0.5812851436757881,0.07731290759037313,-0.6009230411532439,-1.167348088698973,-0.7029958933124758,3.6285056652753838,-2.2575016842814155,0.4207527881088095,-0.3775389944557033,-3.2231934571411367,-0.8446059237602365,0.0704806982796338,0.8849640779932999,2.769025154186933,0.07299653312835093,0.21422375583542394,0.17619542805667482,0.15166180732930618,0.14027143747805018,2.036475267833161,-33.72578932550268,0.9,2.1093162702194914,1.245549092265844,-0.2485114146299575,-0.22279196321031855,-0.5275330664156065,1.8078266901544329,-1.0639874943525531,1.28358763633806,-3.751075595674084,2.28187384462424,-0.23318895855040497,-2.645621521568964,0.14773097180402436,1.5349930766243618,-0.6115715789301603,-0.7839733509912097,0.05744226197192881,-0.050686363954095585,-0.07047276075838033,-0.07745269514065208,-0.08012344560683837,2.2978407108521623,-20.181839871003504,0.7,-1.1002671678045015,-1.628126978238925,1.8464720763382725,-0.3140363262419175,-1.001838353789685,0.7573327270268855,-2.4322953458536447,3.5426879408063097,-3.4338704938460314,2.4402877165715,2.3546791953269883,-3.380125635141773,0.2959104888433461,0.22569616715188626,-1.3131033175396287,1.8980704472318912,0.27230972685439125,0.25729426574279235,0.21129995933937484,0.18654409575504616,0.17569923187795145,1.9708753780319253,-1.4255924481649105,0.6,-6.288942205021112,5.669649190596215,-4.492945752227586,1.3558459732781976,2.585219166737152,-10.444987841285323,7.994507044674134,-3.4080972067539035,-0.09965842767071352,2.0261238603152467,1.007927524728287,-3.636869533748917,4.311949058099678,1.090327500814511,-0.3069443576396413,-0.2889216284740863,0.0351633132131457,0.0832953555089111,0.09858262054625044,0.10399868259883327,0.10592807343460957,1.94779544789541,2.4620600863330857,0.0,2.733071087241939,1.252209201352389,-2.026693499022593,-1.6063668284304857,1.7982156740016844,1.7088537675836264,-7.065318675773872,1.928229577731735,-2.9896710584603428,2.044493203352183,-2.0002099492854217,1.2136353148234515,0.16257764160559507,1.0371210936952302,-0.4832157195969662,2.3741615380517995,0.4020181963675804,0.2719911323057951,0.2396199789282472,0.22007023621281047,0.21125914190265435,0.12408671883553762,-0.04327381038687539,0.2,-1088.1435686233156,-109.12267311092432,90.40075771145621,-14.512332865169626,-29.303837826740452,31.11235930127122,22.88292584967364,-22.82008841599723,23.96100259687261,-8.504191467157508,-3.1988210445336414,-0.19530150887572967,7.390933882643799,2.933851720323116,-7.227128214896588,7.2717212088487235,1.9979029057285869,2.4718660386240785,2.408597669818789,2.3801593440226068,2.368117381810149,0.3260280216385204,-0.3628107165771111,0.0,638.7762130540809,-97.82469341087568,65.991092106052,-20.906762975315466,-40.12674423640525,77.22080763707119,-35.158241753884376,-6.3240703108415035,-10.028203347836623,-26.229268419083976,9.122098358618768,-13.868961930622616,-17.445163903144657,-3.2942330100818182,-19.166747537255254,-10.136673158243099,-5.2043700947723615,-6.259260457135388,-6.4416957380111635,-6.497857954501892,-6.516162162889064,1.126868540273772,0.6232588160176025,0.1,-391.1505771079218,197.2434716824011,-202.92445245949241,23.10836079494688,-44.4369905193007,-16.808711452086726,-10.91898144341856,-7.68593972550638,-33.10067163033598,-13.140807430935428,-23.74646426589148,-22.320202035149823,-16.102351971577924,-19.72408474360844,-23.352274814319248,-32.76237911613177,-21.40075461342295,-22.552713343582788,-22.658287973689745,-22.693291266006455,-22.706111536270217,1
2022-06-08 16:28:43.225446500,-0.03917624857293989,0.007719509750483698,-0.02254466574481315,0.0610287374949024,0.0505580832110338,-0.02764882685327635,0,1,0,0,0,0.11255555555555552,-32.37734464596406,14.724004784691276,19.112246705788905,4094.9274146841294,0.6056239285300556,-0.5950723517976352,-0.06415350402067753,-0.20596352727128472,0.02235494443841829,0.019651831815279918,-0.05129378458289028,0.009803379578277394,-0.00033573080784195675,0.010668321360080037,-0.006089416348107135,0.006501536780367463,0.004667597168727551,34.204759722222285,-19.464562457899547,10.816547395861358,24.806139896212983,911.1396903333647,0.05706755031848275,-0.2765581636832998,0.13158971299213815,0.1468711461604297,-0.004179481186268113,0.013176731271475143,-0.010199528857705215,0.1413658403307683,0.1677855256160236,0.08715618973603126,0.15161935297364285,0.26845104467228464,0.16001147238927002,80.50039745709178,4.34064030185208,3.2079812896803968,23.47741690793356,988.0639094288381,0.16107307642733212,0.264562551417026,0.09912592954603362,0.12804863171609354,0.0295696143651644,0.011867950239070234,0.017119577261758532,0,1,0,0,0,0,1,1,0,0,0,0,0,0,1.89418930594246,1.0492560908534154,1.2,1.264011411823026,0.08726604844127084,-0.2964382026138417,0.7233576886480623,-0.7064993506088199,0.21843422815233027,0.2532909894579405,-2.0534582861247594,2.1210816161331048,-1.8177273801820257,2.8080411492124093,-0.9395278557465884,4.40002388038984,-4.823669062203186,4.075086104679185,-0.1866426998020705,0.0857779428397345,0.09511711876462203,0.1103856501972027,0.1153964553498268,0.11723590850345444,2.1402861931609642,1.3604496686827787,0.3,-1.1006937821026022,0.5143628701942045,-0.13627329026649138,3.0726104473665665,0.8849567694727979,-0.3244777666594946,0.4493843450574149,1.134798704570561,-3.0439505984557416,-2.39868686077252,-1.9899830237167837,-2.2362499218348946,2.0274361611554217,-0.1647264030488519,-4.232909585891323,2.1006049948176444,0.1847776468844856,0.03057159472846427,-0.01894474089386805,-0.040838401445022265,-0.04967425010693483,2.1989529675165738,2.253292329133129,0.0,2.6838114515311027,-1.7227641507875149,-0.3230136003226407,0.6449729230216394,-0.5702526942258255,-0.24684673328342266,1.5885470700278232,2.0733587663124835,-0.3957392495324173,-2.664148396322963,1.792911680499474,-2.7807024905078515,0.13101862621453475,-1.5537261314643904,-0.3935682883603895,-1.0325913682926218,0.4826505514062889,0.03776172403040379,-0.015470663232201918,-0.03567486153310853,-0.04322083522341247,2.23223604368985,0.60596776801073,0.3,-1.3282643939082754,0.8325984852070902,-2.7092279731462963,3.765439496066393,-0.6473046310796386,1.4169100315829626,1.6423213359662618,2.7431469222094,-1.604616284818841,-0.994902306950642,0.5069852307357651,-2.8756750034630403,1.1881667855323146,-0.2355831272334169,-1.263319420954134,1.1136680607586498,0.21761201415972925,0.12355988346119018,0.10312275320672162,0.0954646651764426,0.09260216393733722,2.103091344553787,1.1728606691840482,0.2,-5.537266063622138,4.859934431784203,6.3779947855652575,-3.9668528916639842,1.3494888311535944,6.286565047309799,-7.284571089059857,-4.479538601135348,-0.9829479436119006,-0.8081853309025541,-0.21003964662561736,-4.532131497680286,0.3288732673607237,-0.9066122617376464,-0.27040431919971103,-0.8700837314247052,0.3737100324167468,-0.007671649512310807,-0.07483400267289925,-0.1013751922978447,-0.11170541911328896,1.649437110548935,0.8454734097685724,0.6,1.4436517365544743,-0.9525876192683859,2.5250409253880552,0.2204193422140297,2.8892277875049537,-7.496507043493012,4.482557599088547,0.542000072728305,-1.4720865172924331,-0.7731459764016771,1.9892443093416559,0.400878748617821,0.4884485746098109,-1.2933483103547676,-0.24955202501655904,2.6979195542515497,-0.15476372363656588,0.14431448536015978,0.15307855954475985,0.1530579808384203,0.15234323231541508,0.09005627614671699,0.0011542626073827742,0.1,-1131.4193114628865,81.26190721842009,-57.721161296153745,-41.082156720767,-16.02593322407975,-43.926991327196674,-43.313001681671345,6.202663329994223,18.000164154809802,8.526117067898966,-7.710642152030076,2.971048480851678,16.474944113059102,1.1913062839043569,3.57110962052402,5.287312243019129,1.1765119055808313,1.3916731731556844,1.4467034728076484,1.4510024821475636,1.4492329728934967,0.1642762717789394,-0.05214251862509798,0.0,703.345821676942,17.490898474282492,-91.74368497093278,30.92578006503405,-21.09677839323004,-41.1037455646946,42.0470455467224,6.041967760271182,-1.6699630383908968,15.955056544071743,-6.626409221497964,-7.93630781692702,-4.895371112928679,-5.0203951989611175,0.06768114361207901,-5.642011059153054,0.9963803499142879,-0.4484370283074508,-0.6008191633669142,-0.6522399995501811,-0.6698129779652295,1.158159436352054,1.0642752399049542,0.2,87.49510740015471,-288.2876261164231,127.22555223136548,-3.0563915120320218,-49.58197497616883,41.1624671520765,-12.109629161942776,-8.042403877291953,-10.64718870198903,-33.40415485875967,-8.679848742874428,-30.64535957865231,-29.391201364857483,-22.906017151365994,-17.824315292299076,-31.258187284611985,-19.01949536701295,-20.289524947832845,-20.402478932519923,-20.4233174318335,-20.426729846651185,1
2022-06-08 16:28:45.975446500,-0.006158986112641775,0.01231971737505648,0.005156791072054424,0.0055899992178448975,0.007306000143497506,-0.0011728698387814046,0,1,0,0,0,0.0,-32.319502290776484,14.674357543712881,19.248320823116924,461.3714806467022,-0.02220329846617485,-0.23365954367978506,0.2654482177818622,0.06682508876013471,0.02456913586753124,0.034803718938354065,-0.039160099280294,0.00973052028516483,0.00014197375196845838,0.0107910250151475,-0.006106619558115048,0.0063735493349027,0.004731022935151463,34.2051114583334,-19.805785501120184,10.892421742804975,24.418697255940668,923.312200335083,0.05988864342541275,-0.2755329722821793,0.13283322102396833,0.14178177013612908,-0.0032820856096798154,0.013669668241995012,-0.011035435891860259,0.14137567560737244,0.16783695501381338,0.08718912422982925,0.15166305908110062,0.2684653728169556,0.16003034707311695,80.50024783462291,4.723554579313611,3.259170969044652,23.42495309260172,1013.0817757833884,0.16537815709374915,0.2652645995223622,0.10160501763815244,0.1299498651937543,0.02980696504500572,0.012204388503307434,0.01784815269315306,0,1,0,0,0,0,1,1,0,0,0,0,0,0,1.7509086667241383,1.6357984422841263,1.3,0.2685097852181455,0.0896364756321206,0.06616737495700993,0.16260834476190952,-0.763307102120949,-1.4325242463459875,-2.479023330623543,0.7074673476663874,1.9392391451666158,2.109622837910638,-1.518787309189423,-1.7129299245516183,-1.0029133708962041,5.394961956616683,4.598674635261662,-0.3063864325483857,-0.3650366462771004,0.03839545202342506,0.10617177871548272,0.13273321190432474,0.14262780768373606,2.3971607243308752,0.8108554318889101,1.5,0.9364951067212984,-1.2118960267240255,1.5659078334763317,1.4430293712528102,0.44068479365268254,0.4015140974953272,0.7986514765288988,-1.0032889094542838,-2.957559839971857,0.08231931062058001,-0.6527459581235455,-1.5951360294297758,1.3500744716353843,-0.805973647230601,-1.8549401310128304,2.0354530047885167,0.9202041264858888,0.4412623584401152,0.3295403878475257,0.28014669158300026,0.2600721991977758,1.7628063832631524,-12.85980323230982,0.0,3.676948941649475,-0.7416760883399925,0.6085804076954799,0.6834869600094184,0.3101684595519346,-0.2333754905557358,-0.4644201214639347,1.2789202199277818,1.4310125253597832,0.3840191131702397,-1.8916337444865068,-2.5622113577215306,-0.7238955861403369,0.1892256655943412,-0.2026931932236996,-1.0117515568433155,0.06749864509992405,-0.052348884991238326,-0.09785460497244852,-0.11255088051585836,-0.11760870277356494,2.058058797438376,3.5689873241863657,0.2,-0.6601045304259299,1.9902016321496967,3.0835952626597365,1.9279276134035468,-0.2914515741906037,-1.027482640843414,1.042024071714181,-0.2549950789274756,-0.3784592204796639,-1.9867245264498057,-2.9762163437934266,-2.1708458995699353,-0.3040385430331401,-0.3655847306376019,0.8000928090059447,0.2980058462987549,0.005289369483388456,-0.13114361819024473,-0.14406070063625984,-0.1479421345694796,-0.1490676135813813,1.8261468928997628,0.32325341185569056,0.6,-8.061301602460691,-8.094966971426942,-6.4003917436283135,-3.4695264611016925,-3.384836634397965,-0.4556827249015049,3.1892679422104786,0.58430242541421,1.6161617639361865,-0.4856493886498056,-0.4205661765227916,-2.9218637449684444,-2.6647847606309045,0.3438697747827071,-0.3078500207365704,-1.0045453347093618,0.3159301843801223,-0.036740768058917066,-0.13657453985494872,-0.18066459609225965,-0.19889105602397872,1.724562090104642,-0.0071619247265680645,0.5,2.40090957772074,1.3690079339832013,-0.5616861365587293,3.306599383591172,4.060817125664396,6.690228634597522,0.10078327422975614,-1.4935150957523624,0.8389985217291995,-1.0539222121001153,-0.2943835409697523,-1.4456691422079255,-0.980991393567762,0.3549379843393583,-1.1377742492777063,1.6328838339012135,-0.6218907730551719,-0.3536475471387457,-0.2847209003308046,-0.2525726685162161,-0.2386510010951631,0.0386748394155512,-0.31180767538242765,0.3,-1286.1888111696185,19.948214440290712,31.764697507147503,39.53843075030606,33.19867914911032,5.200377554932118,14.113503250864044,19.474616762431182,11.164948431166136,12.727509017716566,17.44586746833256,10.297901529550805,13.87824754003228,16.49316859621569,23.238248121299016,13.38535446158451,11.052570400246537,10.944497382815454,10.888402682113977,10.836608360427887,10.808387423818402,0.13627148113871915,0.04701328876124042,0.0,656.7337805647917,2.4945630996198247,68.62623877056342,43.376940030208594,22.98617490496389,-21.01768494192461,-37.6714797491424,-4.8675113891400565,-10.186664692234238,-7.915020174127196,0.341315728005366,2.542001212084541,10.065017622862547,2.436915903700534,12.50795223895275,-2.80206115154569,1.7499576550868596,2.1399981273613147,2.190972534416785,2.2255613161271217,2.2415186169810832,0.7554527250611187,2.1845741724636145,0.0,625.24450917152,-142.09310389750428,-139.0607983267347,-89.11082071715656,-66.59325658147479,-79.54391760269091,-30.013886949882465,-25.700564702919394,-19.60837055690075,-18.783439033143924,-26.28422408460621,-38.645167578320276,-37.832270387614884,-28.917332139027764,-26.85560332184755,-36.93750171343661,-28.44774297606564,-27.878846934496693,-27.688772030328003,-27.57261491095633,-27.517852935822138,1
2022-06-08 16:28:48.725446500,0.00124737969523359,0.016594004208182602,0.008629663163169207,0.0025062481083461354,-0.0010966193976126991,0.004481141621173905,0,1,0,0,0,0.0,-32.31768289554421,14.549064765172256,19.513616844181712,4298.850494449041,0.6410911093115954,-0.6182171397872697,-0.08266651720785996,-0.21667828939383435,0.02207656455740424,0.020106346001302684,-0.057257126402388815,0.009582154733499822,0.00035360366903073887,0.010758696452899449,-0.005936861664067961,0.006279705280376609,0.004752616542032514,34.2051114583334,-20.150778220832738,10.966575665460743,24.031418604111717,967.8109360250172,0.06830922803811466,-0.27773720667540425,0.1311785836527285,0.13427612582514692,-0.00240053325610678,0.014042232724226307,-0.01201298557665119,0.14138318903136385,0.16785636432239798,0.08719191026497215,0.15167173986161345,0.26846879243570904,0.1600319542075991,80.50024783462291,5.064562781407882,3.3036635320769636,23.366483789592447,1055.3939590437203,0.1723052479069909,0.2672454897413587,0.10430831038389224,0.13289074795483674,0.03000956956100751,0.012464563270952665,0.018659136151066482,0,1,0,0,0,0,1,1,0,0,0,0,0,0,2.274607649351968,1.42505293811492,0.6,-0.13302213894033446,0.1301051033231725,-0.08138820448403318,-0.7323761385410464,-0.6587134856665403,0.16939388847129233,0.5847825519277398,0.08665740164154777,-0.44712016000262905,-0.4040186709247416,0.3730983772280635,0.4137593967790646,-0.2870025656565549,-1.3406041029308566,-1.9109238633076504,-1.3820032356507217,-1.2087895932056636,-0.8036993124080656,-0.658960672116491,-0.5949317241222782,-0.5687794321898608,2.3578669650209383,0.3945945718284405,0.0,1.8561530199051264,0.08938759811099167,-0.5210943162607713,-0.17606063637303218,-0.2364694554577047,-0.5496425128214265,-0.4508387145099059,-1.0881431376856443,-1.7143943208500665,-1.5473999389264008,-0.7638230910068008,-1.7101231613735048,-1.7173418542105159,0.10771202105478143,1.7640659481533476,1.3120891749735302,0.681829903377181,0.3808486419792027,0.2665949224932923,0.21600077576028714,0.19524342063366504,0.8580797682491691,-0.05840996687257885,0.0,2.5264648487855905,0.9938347983907898,-0.18847218681480504,-0.17612249499616933,-0.11847440071866293,0.15528369005140122,0.3816322939839116,0.07469476505537884,-0.04916852962271105,-0.2184489300843432,0.15090279021739378,-0.3764636589421598,-0.1905677689775302,-0.04204346513155797,-0.13255286104311753,-0.3215807397096606,0.020158025769961226,0.12611850445097172,0.12688364528333762,0.1240258624714608,0.1224031663123229,2.1170149709748074,0.32291155522468595,1.4,-0.8840017061719594,-0.3663193901769039,-0.12396667045009828,-0.5062423447138791,-0.285112968795112,0.07790420971307369,-0.5292803309771791,-1.4341663466202794,-1.2176231574422665,0.4112120506749128,0.4434528824391403,-0.20344884095425148,-0.5605152054482114,0.5602526239565662,1.1579086284434177,-0.10951065199678614,-0.12160501096023428,-0.08796472160165858,-0.08510481760770587,-0.08302879600777567,-0.08218074115287352,2.368983114308686,1.18203812147814,0.1,0.3250891065926,0.4899586642492464,0.3309356318382111,0.060379677709142064,-0.4588763333570618,-1.2500836085563116,-1.8477683087633976,-1.295471778859515,-0.298603745474637,0.3262486899154304,-0.4048725458003285,-0.9229790302228316,-1.2748558417371236,-1.2856099242950476,-1.3199349586315414,-1.1607986699214474,-0.25586266838843597,-0.2970283705306482,-0.3182068086270024,-0.32524838944147605,-0.32756282539103404,2.348932146880233,1.5267586207923731,1.5,-0.042915407084775134,0.21060261602444968,0.6193408912484782,-0.18626528453307445,-1.5194896218809908,-1.1967633569605822,0.059039178203038285,0.6507606639210208,1.0480624578343385,1.5492959206884886,1.0212523393775923,-0.22503113313736925,-0.9247717106527774,-0.2846796475415469,0.9270392561774772,1.7047172013730498,0.5132721024502485,0.3434507702603129,0.32503796979852456,0.3156161668036843,0.3113703019338828,0.002851009102563395,-0.001981095933294364,0.1,-1307.7662542595187,12.385301603515387,6.59911752920452,1.9617431508542609,7.060121943603036,11.368272079126484,6.069925384965456,-0.8620495927196288,-0.5275906004479722,0.4226535627836654,-0.7682632053763356,-2.859023372702413,-0.3833551731081819,2.152090545016918,1.1368284639566824,-1.9926911898145219,-1.9589030773983185,-1.1432916210594757,-0.8430949736727023,-0.6913396550478268,-0.6257336801579854,0.03051365576972358,0.046545294234774236,0.0,637.6900555964021,20.1634791798252,-7.7437082761757186,-17.69562939637691,0.22993972962993325,15.875010782659714,14.991771609724871,9.063191626913989,4.438050048567174,-0.800460322210343,-2.7161686021700686,0.4355125080839208,5.317104177577903,6.03280719514378,3.0578230133621496,-3.6009947324270235,-1.4816507233459966,-0.0765036370762946,0.2557475930114972,0.3979537181740369,0.45571160916976,0.014913890550176378,-0.032107200100907306,0.0,787.9496695471123,7.797070759119562,16.25122845650807,11.840186317321495,14.365395174030766,9.114154154756392,0.008472515898631627,-9.64376772635188,-6.558399664131797,0.4917045049184168,1.5712390156212308,-4.027855433617472,-2.1676219134744503,-1.9064309372078867,-2.0835363662474897,-6.385465854701227,-2.5828143763622013,-1.3576713571697072,-1.0658482629239412,-0.93607388216207,-0.8819884644865974,1
2022-06-08 16:28:51.475446500,0.0009827622606984165,0.023066839122559874,0.006942830101648206,0.0030970906518292163,-0.0026125455140995004,0.00438418069658518,0,1,0,0,0,0.0,-32.28784274629659,14.85512421750136,19.47501065835704,4287.806906970637,0.6375591915712595,-0.6175130297420016,-0.08281103142740813,-0.2177129347524624,0.022042999214028282,0.020017436913768585,-0.056916567363826435,0.009431229561634688,0.0006438376880905308,0.010645585309598282,-0.0058021505333311464,0.006199344256649385,0.004781133050798649,34.2051114583334,-20.49316142438473,11.044649754858263,23.646741962263228,1019.5209569464708,0.07794659582918444,-0.2806863415166149,0.12883739800347174,0.12623771864314734,-0.0015256119816889095,0.014382192513512922,-0.013015131273846984,0.14138879853998626,0.16788364252234578,0.08719135109072297,0.15167690114878524,0.268470845227465,0.1600317359329322,80.50024783462291,5.358614784804428,3.349500859257033,23.301136256063472,1088.1560495924864,0.17746298370482627,0.26893890773501083,0.1056755256756417,0.13563466866389698,0.03018099154422608,0.01264390579819484,0.0194293434535622,0,1,0,0,0,0,1,1,0,0,0,0,0,0,2.4389309273306825,0.5660924033267691,1.5,-0.18203323405903804,-0.201325722062973,-0.14368427903495454,-0.1347088683854795,-0.0987882416842424,-0.07636436180625124,-0.08258031346480793,-0.04640890728539094,-0.0581178403486925,0.020825374184954712,-0.02025778326789984,-0.10523193196009033,-0.07893536372095628,-0.056583086499861074,-0.0382089881347204,0.16013778756030125,-0.044794456694804384,-0.0479172799445121,-0.03985857064034756,-0.037383507116203384,-0.03667478378137472,1.690718000685118,-1.8363209263345166,0.0,1.3542011649646424,0.4989547606935374,0.3729118810797292,0.3083387321291713,0.27503078161581823,0.22786412053400099,0.14189348745391053,0.08461542856554014,0.1334732250889004,0.15634013488423018,-0.035209392940765014,-0.19093875570076094,-0.18614732169934228,-0.13133919111009684,-0.2598386681175218,-0.28216212494773285,-0.2737559338207776,-0.2283648234240301,-0.2064911360904972,-0.19323153396484707,-0.18697321005504056,1.3572057734980874,-1.8124872761461357,0.0,0.7893129472904259,0.26643687532369964,0.24533464954930465,0.12286971625402265,0.06670559147834526,0.018010779774623405,-0.016316335904006572,-0.02542154400088558,0.04289432957059891,0.1169528964503126,-0.039285688890787165,-0.25572146587957584,-0.17137388222169347,-0.07764922124025928,-0.07319644856742047,-0.10771708832098424,-0.1313373670881643,-0.05552731523493557,-0.03744169596888629,-0.031096140004656277,-0.028764281664231287,2.857568311829592,1.0255986745032477,1.1,-0.35599859952938434,-0.4632537197867241,-0.3708103557354596,-0.287714116315677,-0.274236893301245,-0.31427913617764097,-0.28125918906275355,-0.2266307344271889,-0.27803367113602706,-0.4543430486855417,-0.36734141295227096,-0.10022900974767436,-0.14901826878166866,-0.29529620644908433,-0.362219398391398,-0.6028590508780997,-0.5150744674902876,-0.3914030987093216,-0.3494549804086457,-0.3298219611409607,-0.3215430547713582,2.433619332020218,0.4479602953768108,1.7,-0.2323520673223009,-0.10896849836490924,-0.08408564202556465,-0.06330081321251678,-0.07415991698698328,-0.09799101593754912,-0.04362830028670056,-0.038660476272818864,-0.08854502482498791,-0.1455250423741027,-0.10038222716823507,0.05847270571874235,0.015201271152266925,-0.07401098715376409,-0.12703493747000313,-0.2186037372870571,0.04554198746178174,0.06844035241694853,0.05735009505726184,0.05046241056430385,0.04737436953002496,2.7040714513895203,1.0803494312871142,1.5,0.1268652182154899,0.012475082620563106,-0.024989983469384948,-0.09113164711773702,-0.12940382581283802,-0.15118021962835226,-0.15578098113562228,-0.20244362231714466,-0.20437145426946984,-0.17427148172697995,-0.1313474594591057,-0.09698912609584973,-0.0960402934419926,-0.06058195330944195,0.014092026044496716,0.20616621204061766,-0.006137654540943668,-0.1304327443427876,-0.14295573190497393,-0.1431183687152715,-0.1422619597445817,0.0002059986463416191,0.009611248478676384,1.2,-1325.105911791174,-2.7032852908863845,-2.8167950928617813,-1.1784423175564456,-1.214170910651049,-0.8263274143541963,-0.09875940446138998,-0.7525686074572135,-0.1016562341004601,-0.9979712966433391,0.1082807028281465,-0.218258995579113,0.2394320588855976,-1.4073220439200538,-0.566887840245272,-0.6020860394505192,-0.9612425252608858,-0.6829658044029756,-0.5883637638549111,-0.5496766868156442,-0.5346052889201278,0.0005403126226991625,0.010938549075205887,0.0,599.2441254058517,1.0753060814065734,-1.5668175880302897,0.35138120534531936,1.4139806359760598,0.5020031549083228,0.9778725231487576,0.4906541830418121,-0.5321511359453268,1.397845955201804,1.2215297386827435,1.1531273507794992,0.882291636287075,0.5263995579758696,-0.223070693983388,-0.6477650988205532,-0.4440042816492884,0.10002882255952272,0.2624989964785929,0.31790170554219266,0.3370036597834436,0.0023302895099212963,-0.048913336364085666,0.0,786.5796460561247,-4.922532389534781,-5.471336283956404,-1.9336334676722802,-1.292050483354295,-0.2621218608914901,-3.932106751531357,-1.3164387943023357,-1.8775351342666442,-2.32957759989738,-1.2451990250971754,-2.8415100258317416,-1.5135710377716975,-1.5937395671217018,-0.6400137433979403,-3.0464313885207415,-1.9988328260365233,-1.4605745638557792,-1.3276780646997466,-1.2791350716298453,-1.2611264351324447,1
2022-06-08 16:28:54.225446500,0.0019272737874011141,0.019486437066074253,0.01404901823913744,0.003209966066406217,-0.002295615607660755,0.003506510919047698,0,1,0,0,0,0.0,-32.29965864252423,14.741829441158805,19.46822458357245,3180.275426668011,0.44683074534750383,-0.5067494198358146,0.018233787295155183,-0.13464807194345105,0.022638071366910303,0.024298744566965333,-0.05185753255374812,0.009281598833615307,0.0009086755729374748,0.010673373818929126,-0.005661479252565253,0.006109027814267167,0.0048192983843228935,34.2051114583334,-20.83417428243304,11.123439947779236,23.25787182072031,1091.3449753044497,0.09106085382541053,-0.28560451778974355,0.12465001487015764,0.11667842225427,-0.0006642326604956368,0.014640421395287382,-0.014115232318212776,0.14139398742844256,0.16790682740313204,0.08719409071135706,0.15168243523169014,0.26847314742539474,0.1600312221123746,80.50024783462291,5.6160948772939205,3.392986091100977,23.23017152220673,1143.9240613542,0.18675825612153388,0.2716776232030029,0.1077230962170467,0.14029240857673386,0.030317362113033063,0.012724920478238116,0.020307794503388942,0,1,0,0,0,0,1,1,0,0,0,0,0,0,1.615835530621841,1.5584502765674833,1.5,0.048848201501696914,-0.010274391068027692,-0.007614317135690775,-0.016567332110590492,-0.0026096375898977944,-0.010843993472649185,0.005507607355614582,0.02508057507171223,-0.033451424649953036,-0.010060225761854228,-0.02199524050346097,-0.008185879647126833,0.005106450820849914,0.01185845857383005,0.023315003582700028,0.0990764616905934,0.03429826726732713,0.010266457961523996,0.006478107316745431,0.005492302099344801,0.005182433528055946,0.17984003516840633,-1.4553558468007424,0.0,0.8220304454138555,-0.026671338286500867,-0.00958826911518898,-0.02962425623029886,-0.029546487305335545,-0.0428801268774028,-0.05591046374458497,-0.026788190539519544,-0.019930842660939287,-0.04328878981162215,0.007514929998958859,-0.035785111956492005,-0.050138068645565005,-0.03354411257385913,-0.012435498329881844,-0.010837804815686372,-0.026602709463721008,-0.016806472969845485,-0.013681833341105622,-0.012522353412415513,-0.012097907593904571,0.6023691127193717,4.58677822828069,0.0,0.482794241009168,0.0066467383382530715,-0.029271100538683106,-0.057127063761244164,-0.030087231504624893,-0.036462834003922084,-0.04436429598546633,-0.02662927982256835,-0.04384954558767317,-0.04963361141830554,-0.014455227591198837,-0.06330452023246261,-0.02581873749889598,-0.015938864466910098,-0.007654038261604863,0.004847681843846402,-0.0637072339143543,-0.040666510347703085,-0.032136134291686755,-0.02864039624393638,-0.027287470376357943,2.1891205911588703,0.5080362726745775,0.0,0.15800913948046705,0.01836095779694496,0.01758163941456949,0.048772821826569404,0.034619254994036765,0.035854323224412704,0.032077871557447186,0.03306012488380447,0.06619668400142997,0.0555571554047087,0.06083582533663188,0.07791558697234023,0.053607093550923635,0.055418229039916216,0.031566305384552525,-0.027132942573128857,-0.051253783961502535,-0.019876981055614456,-0.008807373107015475,-0.0044264730533656585,-0.00276105396989522,1.3844014512672222,0.8554960345164453,1.1,-0.09386417337507467,-0.00020633169165965024,0.010133743472627644,0.012570169632373836,0.005457973121054769,0.009520504994647941,-0.0006834347544457872,-0.0006035569121573164,0.02735997044415648,0.001255719087022342,0.014963204017186118,0.02752761314631901,0.005943780918688807,0.0009457809713486024,-0.014917258018850637,-0.0734368314477642,-0.030740761165453087,-0.001973678349712344,0.0022003687335525233,0.0030176941625468705,0.0031879959213950513,1.5535870259725209,1.106559669224821,0.0,0.12597100684203105,0.0040426790800397365,0.005006376851808684,-0.005683341637592858,0.010478086244241902,0.013780833877212878,0.00338894572213398,0.0044698191875767405,0.003214257850631696,0.01003784549360787,0.006862262954711197,0.010083957308964712,0.006743578839789266,0.005359620432564696,0.020620348531154117,0.07079843870408865,0.09136146693258312,0.0437500172686621,0.029505334019066475,0.024392159290443662,0.022541633215511527,6.831067272705581e-05,-0.00019268302245526743,0.1,-1322.163239042038,0.9996531604811594,0.5918140393610827,-0.5259870477558763,0.3100323295250291,-0.08438397563053003,-1.2820252523547424,0.4710859434854129,0.5339382468562164,0.5760183044788114,-1.3852192856612575,0.31129142125958964,-0.6813661783165159,0.718323623431445,-0.35652364196312897,0.5671101123464055,0.09220494405973056,0.015415375187384228,0.005141373299700547,0.0006060075488392157,-0.0014649646577549193,0.00035110141136484246,-0.007819929159391666,0.0,599.3091730757936,0.373721131929301,0.8362393567383748,0.0709094686528644,1.8452600894046471,-0.467117835603112,-0.1315723112318885,1.1569301987938196,-0.09195789307477753,-0.5857760013143753,-1.449910165048502,-0.15709348344684493,-0.4523271666253574,0.06092870711996135,-0.6844452431732435,-0.14442907124132984,-0.3970061145805701,-0.2771032126460966,-0.2244801459587684,-0.2013775897120027,-0.1921512062549784,0.0004447383402712634,-0.00011817094821421367,0.0,791.5107871911314,-1.6659022868952889,1.6218986371012107,2.5284768745631543,1.197561333453976,-1.729861601755907,1.439300743923596,0.7414069735019382,-0.4651006948506797,0.5596243560253633,-0.748505417170449,-0.03719922411793775,-0.2505184319956708,0.3223787660779074,-0.5619566956906787,-0.6138911599070767,-0.060125751838242536,0.001291278142872443,0.04508992690671931,0.061735850167107024,0.06783997130955921,1
2022-06-08 16:28:56.975446500,0.001634496955680943,0.0242372158062482,0.016736704597283502,0.0025461651624866274,-0.0035047130230707484,0.0031256192302102164,0,1,0,0,0,0.0,-32.16405712609798,14.656246111797323,19.639091765114998,2906.9007927661933,0.3995835502303267,-0.4803763170552809,0.042312968477468335,-0.11218621627474497,0.02240371909992024,0.02507108695037889,-0.05043668649978985,0.009137050779949031,0.0012202174491303859,0.010667161265202346,-0.005547662750942559,0.006013276149386679,0.004859589308769722,34.2051114583334,-21.171701031469752,11.202056711753066,22.872736250157555,1159.824804152809,0.10358709670995092,-0.29021178508245005,0.12074035946968027,0.10740660558211457,0.0001914050723858731,0.01490657806541991,-0.015193800354854957,0.14139890916772624,0.1679351803381966,0.08719583536196845,0.1516867791089016,0.2684755061150721,0.16003059942108125,80.50024783462291,5.838101107759826,3.433282620645856,23.15208837415661,1188.8743266043778,0.1940854508704808,0.27406514019853434,0.109304213788613,0.1439367427344369,0.030426133114552226,0.012796804810216876,0.021074562388490068,0,1,0,0,0,0,1,1,0,0,0,0,0,0,1.8996934454775043,0.8444543531045374,0.0,0.06384338552471454,0.006576544246095754,0.003597400910544239,0.010539200889347792,0.010072255108091092,0.015410824602153015,0.004310364345133503,0.03135978788044953,-0.00101166283306583,-0.018218212467359243,-0.01774814376268449,-0.00032016363060284744,0.010210924687150518,0.0050069541654032095,0.031308311330765184,0.02750406586459778,0.01851025967969339,0.010319863564519432,0.0076964422353933215,0.006753821726295753,0.0064133814853414815,0.03649153837941207,0.04532246716363892,0.0,0.8824629839408948,-0.0018487483479833753,-0.005196523732900929,0.012301512884126216,0.008638222655816402,0.020460476372916574,0.025930340315078692,-0.006601621298770065,0.0162210805384991,0.015520122710271563,-0.0139334944645211,-0.002303199012242741,0.008615139162228471,0.005889884028389507,0.030034372955655562,-0.006722738111250435,-0.006597806500664192,-0.006101401501766503,-0.0046402780191730575,-0.003888915911358889,-0.003567110668772396,0.15172442996407934,0.02301382141364769,0.0,0.5236621402776189,0.027320824080650355,0.031029804388412706,0.02430337505276597,-0.008947795994470403,0.0016418857677667415,0.02172750097482312,0.01575307264089684,4.799371679641007e-05,0.0023655185884893844,-0.027810821774594117,-0.012363713759147731,0.01087344208956626,0.01278492486510293,0.02363417721010953,0.021405479420724117,-0.013876854872638834,-0.010314929794543959,-0.007842769590016448,-0.00665493181908101,-0.006164034474556578,0.3129146396132143,-0.13334077665989594,0.0,0.12920069211867544,0.004217532877527186,0.009469812968821135,0.006354111853883449,0.0051148385203940725,0.0030564835018448925,0.004583400681927499,-0.007486937667716867,0.0056220518877420425,0.002783621640747073,0.003298685689294669,0.004637471168893346,0.006592493348597753,0.0041055025057032775,0.005604199302616134,0.004957064425303441,-0.013579561576221044,-0.00950112783795942,-0.00664331562243922,-0.005325363274725591,-0.0047929921575331855,0.8314201150050832,0.5578380481548749,0.8,-0.09781178925667804,-0.007325961905383665,-0.011084260287718264,-0.0013975530520259265,-0.010875633909344757,0.00399674558682286,0.0018858126084135825,-0.004911585468026935,0.01828394976406336,0.004239539617451832,0.009940430332773672,0.008396170687304272,0.004102459994177413,-0.0007655889016365421,-0.007380703233912691,-0.0136841127012826,-0.022925069536905183,-0.010858324067634591,-0.007239825610467594,-0.005870392278545102,-0.005358968536734064,0.4941085464677865,0.621948951105985,0.0,0.12469554061869755,-0.008040425944745315,-0.004412308130154148,-0.00838349581639812,0.002085033301454776,-0.0038676347746579107,-0.0013789634463931208,0.0072437657990665595,-0.0016735770197804038,-0.0022574358160691445,0.00201665288216916,-0.006367686546361547,-0.004959150027827418,-0.002598808268737033,-0.004762175713674868,-0.002724373374650241,0.024812262417709303,0.016510014829779852,0.012075696156028637,0.010126717095453092,0.00935461008576192,5.18294148700781e-05,-0.00012153617420331579,0.4,-1321.6524411491978,-0.256962459514412,-0.9720771152402534,-0.5868498068324897,1.1947573482527505,-0.3865921529978067,-0.11785996658022667,-0.32500256431160324,-0.0241455982068004,-0.4004739391832359,0.7591808511100027,0.9748084222225444,-0.26314143315043736,-0.4678474059021802,-0.5659592705103194,0.5999049523233495,0.08198241147933771,-0.016033606403393463,-0.0268098054370256,-0.030264407754220457,-0.03145708447307527,0.0003039726284517881,0.003565434466198049,0.0,599.4896490509391,-0.9500575497349644,-0.07987550356854456,-1.1752899439526487,0.6312758536518714,-0.35795736355103003,-0.13003222460275765,1.4862961174726197,-0.10416471876985868,-0.3949276780505233,1.4852956293549973,0.5338939676169385,-0.05445718059770322,-0.49289010096775604,0.2501996440344776,0.1950635107362597,-0.026344677529392516,-0.00029514258457119524,0.0045390378442586865,0.00751365213289823,0.008848972182804005,0.0003108811360665994,-0.010932170941652808,0.0,792.6600163416861,1.9487109904315505,-0.36878596307644784,1.1484021796874655,0.8672624855693131,-0.38963076573583066,-0.8129037991220116,-0.2018282847012252,-1.2351813471920146,-1.2185849151317178,-0.8524198230682138,0.4859420095313176,0.1237533520203904,-0.02902502182726252,-1.283389127790592,-0.8718566918008186,-0.4032263671292675,-0.3687885815636561,-0.34834726678468897,-0.33802086434033995,-0.3336612832513115,1
2022-06-08 16:28:59.725446500,0.002575416769921882,0.02219663950187779,0.009052777205734785,0.0033277316970301354,-0.002390433007424043,0.003133523824890592,0,1,0,0,0,0.0,-31.921057661545767,14.490560896800769,19.469366694637877,1324.5732522581575,0.1270422618476729,-0.32015011791164794,0.18426380424956013,0.006683997399246611,0.02269583970707692,0.03124048357434626,-0.04337422339458498,0.00900035992519892,0.00152883573283268,0.010665762142292305,-0.00543691195339267,0.005911292884149488,0.004908857263854706,34.2051114583334,-21.50828399671006,11.27995958339101,22.48885214550645,1212.4131957200073,0.11336801283914448,-0.29324081238480953,0.1182700413870318,0.09933396721566608,0.0010514986987932176,0.015234035267963087,-0.016197029008842345,0.1414034673723733,0.16796212199449884,0.08719810453101147,0.15169094519078205,0.26847808339048784,0.1600298615440555,80.50024783462291,6.033665093174585,3.4700391897134124,23.067353316241523,1219.326331169782,0.1988417683697442,0.2758117592315577,0.11074833771949576,0.14594242249325287,0.030515329612869933,0.01291727018118635,0.021671318242212308,0,1,0,0,0,0,1,1,0,0,0,0,0,0,1.2872667323846725,0.6200150035470895,0.0,0.0630097874770589,0.00555214444612619,0.005123276428596111,0.009437438416226813,0.0029712487801396084,0.00819321238395645,0.016874760662897666,0.017465477016608725,-0.0032536573823549572,0.008442026353033805,0.020454180202557203,0.003309938452579954,0.009715999796843918,0.005556666976943122,0.014299383396273322,-0.002135802429343357,0.004746349733400642,0.003044090706646845,0.002692875397896693,0.0025648674938644604,0.002520368192757731,0.0176454204457855,-0.06157717773257545,0.0,0.9078116802126486,0.0047697515037882785,0.0028019256172565343,-0.005414623418616746,-0.011211540518175564,-0.009160895744244016,0.0012061409836988807,-0.020449544330607416,-0.006983267832037357,0.0015064138502981215,0.0055730777768031965,0.004905428442564318,0.00677550490478869,-0.00016587707773209684,0.018444763049556785,-0.013522041407297292,-0.007205851841952011,-0.0061391454687789926,-0.005250724906517833,-0.004815650665050643,-0.0046338921255897935,0.23774208023305235,0.20156631428366809,0.0,0.5151245804101261,-0.05436814194349621,-0.06111031740423796,0.0473583916574936,-0.00553008103536793,0.026499689954211196,-0.0021425927055601056,0.01213982322497464,-0.007983378535244333,0.0013178172877700515,0.00139206157808738,0.006066732935042878,0.015321002942559152,0.00876259756351582,0.028877434799083362,0.009992464235416464,0.0013393932104323464,0.0002780214756389378,0.0006146300092052344,0.0008279469369493517,0.0009211077289963598,0.3679327937006867,0.10273496753020164,0.0,0.10873520273707804,0.0055409091187026,0.009356006430481168,-0.0067403243826601655,-0.002039697715520145,-0.009398506825458154,0.0022271948456750925,-0.0021001723104579428,-0.011926007480634429,0.00506259030682101,0.009097652644044557,-0.0052130363236133756,0.010528513259784869,-0.0016053199191796222,0.0001727718141296044,0.010323820651072443,-0.00036668029805304734,-0.0011151043721066237,-0.000946597856947582,-0.0008229140160479228,-0.0007676136618896534,0.4794266895919652,0.17780059285264715,0.2,-0.10082052994107528,0.003432731288346997,0.015459828298721175,-0.006128589874749662,-0.017207192191929628,-0.010294758271477342,-0.003039363113034892,-0.006103005462418333,0.0031305249092557236,0.008863504549204027,-0.003853162264858194,0.0011539459161929368,0.0014870801866926115,0.0015347565773986855,0.0008511619869322443,0.007598293495944269,-0.006316498618173898,-0.003664212253066501,-0.0026153431060683572,-0.002178313640223186,-0.0020095313316521105,0.18606127208337825,-0.16910853142147214,0.0,0.13291366826940135,-0.0012611040541553114,-0.005346604912504343,-0.0006675035433676113,0.008156775715770587,0.006406890905856643,0.003473667131579192,0.0038039767329578564,-0.007005587862894783,-0.00528266754936949,3.669564730445071e-05,-0.00469395916508471,0.00236960509805808,-0.00488279919915741,-0.010117734443996327,-0.008355880464333158,0.002115886884940081,0.0022651296701303803,0.0017595986086550728,0.0014594954861422015,0.0013294524540047234,8.328538326025837e-05,0.0006803818237995853,0.4,-1319.2785549701325,0.2575340174923042,1.4054892285879248,-0.08810312146286492,1.8116812917304657,0.4359318199337281,1.2579426094385582,-0.9608306145246246,-0.43462000203453494,-0.11236908207868623,-0.07551659295781121,0.3215304897018569,-0.6437399789177007,-0.659032884154378,-0.034965132605158544,0.5922018880806377,-0.20134741253452404,-0.14501580141493164,-0.1260034974624986,-0.11633042216694987,-0.11209239753869847,0.00027234585661222013,0.007886782099393756,0.0,599.5097717866206,0.1130953182970984,0.278702969597461,0.26489187625981714,0.22474671098650845,1.6355832547265263,0.7826686745265548,0.7656700850587939,-0.8565051446348377,0.21041208506504816,-0.8838682847653558,0.06644996418539506,-0.3892548793684583,0.5711848816687333,0.6100614065161984,0.42563404220988055,0.30290845851142834,0.2466758410198881,0.2380316110809737,0.23507619093968124,0.2339950773393591,0.00018136380988922825,0.007207839839607062,0.0,792.725760637063,1.1405308686111226,0.630295635550155,-0.4664888882622762,-0.4060570782656896,0.6793083389045194,0.4462958301194604,1.4041580762550083,0.06377748730332655,0.37087876905751216,0.3378342494502391,1.1057800166820415,0.4733841704882451,-0.3906225384121491,1.029770994196916,-0.31558381130481195,0.023748009614457995,0.13816218218557094,0.16505626146548202,0.17642139132531653,0.18097220358933308,1
2022-06-08 16:29:02.475446500,0.003269540020544081,0.026512944848374718,0.02005948545490304,0.003921970415668531,-0.002248036260000466,0.0036614531391985054,0,1,0,0,0,0.0,-32.09511516597887,14.813911195075574,19.50068763562408,2691.91539166256,0.3617298245516001,-0.4580193359796083,0.06066572435525095,-0.09760765621953993,0.02233229790030196,0.025850431850120443,-0.04927130839169675,0.008889819328561081,0.0018467209159246023,0.010772270912152177,-0.005303077471360012,0.005812660779424922,0.004966505155438871,34.2051114583334,-21.84392818950665,11.359641172701616,22.102694343871022,1267.7542269141784,0.12361757770479286,-0.29652756940479513,0.1155341087755845,0.09103661492985288,0.0019068108594295246,0.015549167136155919,-0.017211804304560506,0.14140700798111094,0.16798942620249738,0.0872037330900829,0.15169629796442888,0.26848038090908666,0.16002894332765974,80.50024783462291,6.2053894026780005,3.5056659407113844,22.97639275018645,1258.9313075433738,0.20527951481795376,0.2779977374508838,0.11291985124736853,0.14834880193697242,0.030578530534746007,0.013021571277463027,0.022251725918521644,0,1,0,0,0,0,1,1,0,0,0,0,0,0,0.7932750161408257,-2.617615634511683,0.0,0.07229763997693579,0.007238550550822787,0.004997794534631923,0.0083245234335202,0.006859421153076419,-0.003120669125281081,-0.007396629726821162,0.004461886437108984,-0.0034455310509287165,-0.0030076523667492213,-0.014281350686360503,-0.009781594824934188,-0.004638721109299488,0.006815168565006396,-0.004493183425648241,-0.01280194779056097,-0.00420940180459012,-0.003607629066817078,-0.0033346710416993124,-0.003206400837270761,-0.0031523845566660256,0.02624322366464979,-0.04118202049477356,0.0,0.9177503519750706,-0.011166416977742429,0.0011742747764052206,0.0014256048435168785,-0.011923831179258215,-0.005506086981020078,-0.01622855656601344,0.015571198318447247,0.0262121084189276,0.013516350650965105,0.011957903979131598,0.0005941842501019437,-0.010276876919781323,0.008508009737525496,-0.00543072503817215,-0.014126926943314657,-0.01056653609022611,-0.005335132256998408,-0.0039837781551703465,-0.003364170636118777,-0.0031071306094233603,0.1484064332425461,-0.05464856069873285,0.0,0.5954430334896089,0.038961327193490006,0.07624697801278382,-0.031545873795272635,-0.015570618921023266,-0.013423719283083634,0.0037968914367172905,0.016282170880982917,0.0005479864364356032,-0.007154135655908767,0.0011174824350554356,-0.003952029185103425,-0.0018209045654198738,0.00027799936964731717,-9.732548333594991e-05,-0.006767043977869775,-0.0028526629417713442,-0.0029739346666314537,-0.0026855319815774943,-0.0024929860755741108,-0.002401525901427693,0.4092288834097144,0.0699938892224456,0.0,0.11375559534569175,0.018562740954274674,-0.007599630491826212,0.002529270087676486,-0.004706256979050961,0.0030837560056561,-0.012571484284314384,0.007527656038541809,-0.0093294214355967,8.01733073822362e-06,-0.00320638516493358,-0.008730631209266706,0.005568350911726968,0.008005497451611134,-0.0026998476101129745,0.008100850810890244,0.0003863897376447074,0.0006526685450760545,0.0005766475125799874,0.0005297499215133955,0.0005092375954766479,0.3915959054587267,-0.03796214836351827,0.1,-0.1035468445542356,0.009697565293147966,-0.010327560657538613,0.006215988046077748,-0.020605398570791217,-0.004596292321892568,-0.007844387706221735,-0.0007275869041852775,0.0008957031586552168,-0.0029578950799557537,0.004532727344688803,0.0017252892786621275,0.003555019825168228,0.001360116150228085,0.0007094887734031192,0.007906537495204403,-0.0006493016710842531,-0.0006208303488824084,-0.0004120363485949777,-0.0003121051338957933,-0.00027106609579925724,0.12417093502108635,-0.1832807176640736,0.0,0.1351299966164643,-0.0009246093570658352,0.0013709301569564784,-0.002799300590135889,0.010239284421754771,0.0015322057412359685,0.001393668730776284,-0.0016734524891817096,-0.013191113291053451,0.004796109748503785,-0.0018518689486155227,0.00039706238079831833,0.0001067966651974719,-0.0027424580036535372,-0.004392832943449818,-0.002321515586764413,-0.0015650561968148036,-0.0005099138885113468,-0.0003892233805207583,-0.00036528862296270715,-0.0003601459926217284,5.491985870391212e-05,1.7895562802370334e-05,0.4,-1318.2843720337535,-0.359287713321919,-1.4536044299742061,0.1217132415757476,0.9829269998174652,0.05408104167817385,-0.22368384966330268,-0.03197336932411332,-0.9598021480760152,0.1483554625316046,-0.09306124013729544,0.21278895188166305,-0.462700166888169,0.9749796250346884,0.3683298548594607,0.6019353650858292,-0.3609110364091066,-0.17943036680752655,-0.14301297643159214,-0.12943713301560855,-0.12436703913988455,0.0001983120261009711,-0.005677366149570328,0.0,598.6598897308862,0.6959565164224131,-0.1393231248368636,1.0849351107120029,-0.5312791525313045,-0.4120430817878571,0.5014752813631382,0.11074861644108937,-1.2974809525400737,-0.0617254732080017,-0.6525158971697316,-0.38033312276522224,0.318018012948567,-0.03511412571007355,-0.3328698987912873,0.03929916925943111,-0.14344230898212018,-0.1817475506693249,-0.17062483746439305,-0.16406999837566616,-0.16109237072426552,0.00028117030574414703,-0.004605348553758392,0.0,791.9154966664987,-2.456832790449156,-0.2267425908503071,-0.564647038709694,-0.2917671391234791,1.2427824173001056,0.4293702295239754,0.5245893428643633,-0.6509027382449766,-0.32392163942631313,-0.34407841136757256,-0.06581229404644517,-1.1865134284937129,0.5712551658400501,0.91236238011874,-0.8648716247593171,-0.41741663968149467,-0.2732160826614276,-0.23108688774452624,-0.21309544101318245,-0.20585398523998236,1
2022-06-08 16:29:05.225446500,0.0005133879435321143,0.02400419816432476,0.011479982351118094,0.002590473971883786,-0.003105091562792724,0.003080133015316901,0,1,0,0,0,0.0,-32.032853690039104,14.410719941979414,19.306005172986453,4196.149920787454,0.6240701516095645,-0.6051840920900502,-0.07566529086112682,-0.20817599083489585,0.021552123703714288,0.020079500787978644,-0.05726732676128545,0.008760901085379243,0.0021673217729022347,0.0108717913980708,-0.005211094645774721,0.005685874073449252,0.005024402597572294,34.2051114583334,-22.17434246817298,11.438394501481685,21.71780704372262,1337.958265835952,0.13643102569360552,-0.30129212949275463,0.11140551023710464,0.08166838525966018,0.002744573177412895,0.015797833100551183,-0.01829533943817037,0.1414113529768158,0.1680162203935702,0.08720720987686108,0.15169964950777332,0.26848361844398605,0.16002795470352438,80.50024783462291,6.348725621525251,3.5376995102360045,22.87864516312744,1306.7906893102218,0.2131488327332302,0.280711885182261,0.11513316391309222,0.15150528802875374,0.03060812234926943,0.013051295551352864,0.022878048603840486,0,1,0,0,0,0,1,1,0,0,0,0,0,0,0.6253091067928798,-2.070781769613291,0.0,0.06983000149244208,-0.009809826202449048,-0.004264709860213496,0.0025687035944661307,-0.00011752385733135479,-0.014967593989925653,0.0025511139730349823,0.0055915374817303775,0.00212260752520659,-0.009761968334538507,-0.0026994091060043987,-0.002595542918991825,0.0035379201759489663,-0.009893769904942278,-0.00020556861599089755,-0.009302036143380876,-0.001660512400692892,-5.1767142298397553e-05,-8.297526583303082e-05,-0.0001643987871314827,-0.0002095507208955591,0.020848976420707654,-0.09210847280553787,0.0,0.9312426008642156,-0.0005575073931365361,-0.008576950435784129,-4.176923902679541e-05,-0.013237293432088943,0.009983165779252512,0.0007525894515855933,0.0069234969231973175,0.02251524141398361,-0.006769305539704864,0.006629756261520757,-0.00742438961036785,-0.023380570221368226,-0.007037373315381371,0.005398553595248271,-0.009773225006068531,-0.008759797920528112,-0.005568283949949092,-0.004895987717983793,-0.0046370479524734005,-0.004537882357519434,0.07717576634217943,-0.1770062800189525,0.0,0.6052595091534511,0.013307718935713449,-0.05480848476172569,-0.01955085452804513,-0.0009580433646281528,-0.011161970639374928,-0.004750427021440157,0.004960012652689631,-0.0056358200048316825,0.0034051706879292803,0.0026058069834896877,-0.009932655063721074,-0.017834077711434485,-0.0011489385458562046,-0.006320504945479664,-0.0061323302763205,-0.0009617625082930932,-0.00147517207794335,-0.0017056564865042605,-0.0017692763380846288,-0.0017889673289313598,0.7178148783882022,0.08400406574200679,0.0,0.10001840329431266,-0.017906207660039333,0.012793803310555362,0.014001613824645934,-0.013153278200951777,-0.0035937086332837533,0.014058691222565244,0.011474207721762759,-0.00563862250727439,-0.011213307371404168,-0.004277982469515001,-0.001797966986113338,0.0004480575075129808,-0.01171803202117815,-0.001934032932039521,0.005370673840587944,0.0031075647060955103,0.003203543811918355,0.0026692815990984405,0.002383596441277388,0.002262025032786853,0.4948888452581615,-0.2911392129851931,0.3,-0.11706205750036022,-0.006779097363528365,0.016612106041336054,0.017385538191320445,-0.028712470277546656,0.0005546749325414309,0.008436026717848693,0.006909900094204353,0.0017140137700652073,-0.0014655073265680907,0.0007923446734149531,0.0015586585377795456,-0.0002848017799468145,-0.003067850624580229,-0.0006657099357685156,0.0046946813968734525,0.0016401087540023106,0.001729393097900359,0.001741961225958686,0.0017500749805574901,0.001754827574164849,0.16383600720271155,-0.07187840139119905,0.0,0.13528569284973402,-0.003273970335164106,-0.004056875512495475,-0.0026545215187349053,0.015849380500820992,-0.0016023957930097182,-0.002615795470961852,-0.004787368255311134,-0.0067475148837971705,-0.00021653385288091312,0.003189177109975056,0.0037356139374252603,-0.00927518493764803,0.0006951464285618272,0.0028810157721313647,0.0015735802264698125,-0.0012143407090162493,-0.0005862611121875269,-0.00048320335877304657,-0.0004468305141849126,-0.0004343222080715267,5.169039143948401e-05,-0.0011157502601835325,0.7,-1315.3629689238542,0.2311962491019557,-0.2760799723084233,-1.0868561267442516,0.5183835484116344,0.5435374506167676,-0.5240065974335693,1.2341958863688518,-0.053089615637532006,0.3234774090360446,0.16938044402460406,0.1615758948602739,0.9034032907296492,-0.7071627116102626,0.4308020998589228,0.4228673365566067,-0.3120255904339899,-0.1423161851333674,-0.09712958625402733,-0.07756632625707383,-0.06962170672813263,0.00025363506044048583,0.004824325977646603,0.0,598.2221247411078,0.041666890942849484,0.16060961396938467,0.7066350979443925,-0.5101255563698999,0.11026768494274107,-0.02619074046290137,0.2430568063990535,-0.8766737053730083,-0.36349896693906025,1.9576739154425,0.09674306031204516,0.9215772492974796,-0.23529960907210776,0.15965944414121225,0.4997713633603595,-0.08356914961374429,-0.014028727597942492,-0.003867220922311176,-0.00031702682955270234,0.0010013747995705202,0.000215588541904653,-0.0027892700187665503,0.0,793.172616819602,0.3783600182057541,-1.1886847216235452,-1.4120819884437026,-0.15897016310330514,-0.08303637323838586,1.6937248489871592,1.2571587620507358,-0.6404011330876216,-0.3627752947801533,0.045134227639838535,-0.3152057593041597,0.1086131685818863,0.27434904119171577,0.15763697288841882,-0.8347201654163783,-0.2533722959524489,-0.1920738080614406,-0.17457628406729594,-0.16661775040890706,-0.16339007453478738,1
2022-06-08 16:29:07.975446500,0.003868927122216567,0.03497720076379342,0.03300865282324618,-0.009612633482656,-0.01671213407171685,0.003413399579097242,0,1,0,0,0,0.0,-31.565735397974247,14.376481155715613,19.820459092734843,185.11592619157392,-0.07029219582062028,-0.20832432911649285,0.2853080487038964,0.09605937143616283,0.0226716242066186,0.034562038252156035,-0.03874434903288946,0.008638137733814655,0.002526792522183778,0.010967657260436052,-0.005204279831950497,0.005494318764670167,0.005054239213007116,34.2051114583334,-22.5045295954123,11.51601368239748,21.339867316561765,1345.2510893156245,0.13836826367566052,-0.29983823426069633,0.11300166557486338,0.07703583671884927,0.0036169555515457616,0.01628890857318004,-0.019084010305991942,0.1414175654577167,0.1680491748954629,0.08721551641459177,0.1517025206636231,0.2684911944394712,0.16002771327368995,80.50024783462291,6.473780401818036,3.566209973725357,22.773620287534285,1316.3891497528978,0.21438889929103136,0.28122498509914906,0.11733694071413744,0.1503435064937701,0.03063808014945572,0.01328592818709505,0.023097666343365256,0,1,0,0,0,0,1,1,0,0,0,0,0,0,1.4974284087176788,-0.03015307407593772,0.0,0.0716298263324564,-0.0047223544094614454,0.0025675436917676764,0.002429762348018445,0.00750710079201203,0.02750774318766713,0.0054549482052112215,0.000549479200153191,-0.013423015509645236,-0.014825336352248806,-0.004314790035539746,0.016738893547176396,0.028716353806834786,0.015583030405634897,-0.012534854368946751,-0.022791901789527964,-0.004410305628513658,-0.0021151230396877748,-0.0014173470084736625,-0.0010701910115510011,-0.0009221308402978744,0.05501080899677547,-0.014372829597454015,0.0,0.9519887304054916,0.007893884227391151,0.00046814611356939256,-0.008503801287350052,-0.006878725502612662,0.0013829358089078314,0.025924716875280987,0.01568213445986367,0.026593830950939257,0.026479971981969004,0.023107400740247308,0.028981396131976707,0.022234590774060755,-8.615967275634599e-06,-0.007052724799861552,-0.022532332014361396,-0.014973970430302087,-0.014142976414131312,-0.013177066515724409,-0.01263997019048746,-0.012398888337551177,0.2333312506787861,-0.14505015594393653,0.0,0.599131732542339,-0.051005650027190055,0.03481585327870118,0.02908344402539358,0.023031862833068344,0.03747416605613959,0.026519911953382096,0.020395541997364992,0.018444095266436485,0.026278843781518357,0.027415460594968258,0.008790141758055078,-0.007389119802909381,-0.021689859918088385,-0.023685670259853374,-0.0223402002373669,-0.0163344304340411,-0.01594796308785696,-0.014843855000156971,-0.014203004552771013,-0.013909540015863827,1.9720839279671531,1.2748834975197385,0.0,0.06815491081054266,-0.029492251424826383,-0.026958199831987755,-0.0008056597168059593,-0.028387125956840644,-0.010436077787852834,-0.019326357726710614,0.003747174884712701,0.0058162639984355785,0.03276258841676991,0.028680650940950125,0.029405673921276732,0.009917951747336768,0.014769664465277188,-0.0059486030317124974,0.0031665748888630805,0.011537549969235523,0.0051858074074650025,0.002023007806144184,0.00045515205795971717,-0.00022405137473744663,1.2079929406727894,-0.5662014670861647,1.1,-0.14999154906676834,-0.016465690728929887,-0.017850673919505386,0.0014472876213737216,-0.04849391646025193,-0.0158237267109407,-0.02740006464207927,-0.018289527027937142,-0.01863115572825345,0.014190440073536396,0.025911610449653386,0.035592355241234185,0.02631666108830737,0.028501006939035237,0.011758606274233113,0.004989732192546856,0.0035014986341118377,0.0008535451870119049,-0.0007461876150580028,-0.0015853136474089505,-0.0019580504268007816,0.5055225398224406,0.07080452259447463,0.0,0.11846025267311355,-0.0134436093982784,-0.0006255823588938378,0.0050750493480978065,0.024422730504473772,-0.0023060611633037003,-0.003875410035467833,-0.002263228150978504,0.018610997761463327,0.008736115139364082,0.006030731934972207,0.010574409796922741,-0.000123367203576457,0.0027378634725924588,0.002458404402010689,0.00030745432819364194,-0.00461410555556862,-0.004810440706920084,-0.004660614943537829,-0.004583114193595769,-0.004549605994757933,6.161265124735604e-05,0.000699556591943387,1.0,-1312.895885865607,-0.3845752935995677,1.0962050065659523,-1.1268961191609606,0.8185288237772852,0.4208947643597297,0.8124468661771829,0.5178029169419176,0.4023472628867779,0.4001505151846345,1.1465232665576082,-0.13843501587606966,-0.27775412034512925,-0.12733623140469774,-0.3417576681626642,-0.12171316701142132,-0.3495028874127541,-0.3102839688463561,-0.2871837363547627,-0.2747835127150076,-0.2692521601608773,0.00022795448657845919,0.0016835152993947874,0.0,596.5652298534542,-1.4523803144940288,-0.14798176842058552,-0.4187117245465544,-0.5175241904081815,0.01818508892159798,-0.5582748109156448,0.36298671931852056,0.5597728710192644,1.1957193070523573,-0.4825425963101875,0.6827737749518725,-0.2348790602199173,0.047474543917051186,-0.15111214321967734,0.4763531518999216,-0.1904739083209641,-0.049746210337946906,-0.02667045326258055,-0.01649256822179268,-0.012307696740151641,0.0005443074014024437,-0.00817631122174188,0.0,795.5478246660708,2.545466094140579,1.4587202904736216,-1.1190700171771653,0.4301019693254915,-0.4036893835387048,-2.6867558452405405,1.20979688337572,-0.7213474163955809,0.018956696678205983,-0.1267108474657732,-0.08746979157991319,1.949784390929718,-0.6238124200422064,-0.6129804498416469,-0.9798962728879309,-0.4211276238256403,-0.4952687922652608,-0.4953416410754272,-0.4916667944363749,-0.4894925873106661,1
2022-06-08 16:29:10.725446500,-0.0010556095513248878,0.01928527445283536,0.018424281642487262,0.004951977115761325,-0.002596663231980738,0.002771513288986926,0,1,0,0,0,0.0,-32.265402216644866,14.575628424020705,19.49105072230989,3725.1304495875206,0.5417879932050026,-0.5607589956164484,-0.031057213976077008,-0.17402070720033752,0.02211486105184864,0.021953939906253515,-0.054445325590594805,0.008549819214247597,0.0028372310678504765,0.011116432302890509,-0.00491549867810508,0.005482115269745211,0.005146856656821046,34.2051114583334,-22.83409063767684,11.595344023531823,20.958571275370268,1389.927784127518,0.1467605948818013,-0.3020869344569808,0.11118980877747736,0.06958687374681076,0.004450507506514786,0.016639657028754924,-0.02002406502237865,0.14142072631010333,0.16807661689008166,0.08722561344002469,0.15174884393192373,0.2684976512592824,0.16002666385691558,80.50024783462291,6.580980835558032,3.5935126874496985,22.662247714674212,1346.1175403784532,0.21912045240784853,0.2829537019873655,0.11925842495264008,0.15146525623281798,0.030622199381513983,0.013369706901346113,0.023482560840662258,0,1,0,0,0,0,1,1,0,0,0,0,0,0,1.5913614407822303,-8.017042041616307,0.0,0.07700658908456935,0.008733329141025627,-0.01664116347112895,-0.024278911359703864,0.003045490493129807,-0.004671743336458733,0.0019031852362593762,-0.006130760199174739,-0.028195242005779487,0.02251990269702311,-0.020193478824087452,-0.0043270574960450605,-0.014597160512949084,-0.006563451241133457,0.030560594656616626,-0.01865501071683072,0.0032036828856525762,0.0009571609822926088,0.0006582040092482572,0.0005212983782998857,0.0004631548032185547,0.10379006758391003,-0.07614451053985456,0.0,0.9389909678779866,-0.019718161901172215,0.012927479885218585,-0.0020429099448509708,-0.013759537758261234,-0.02216859913434129,-0.028705547230215088,0.021601117691173045,-0.016597596557117417,-0.06223659512396314,-0.011938683572260984,0.07132574781094067,-0.008683214447754755,-0.034322918127989606,0.01144915758926586,-0.0007831995988379463,0.0018755281392743364,-0.00024572726188499747,-0.0006297370034138543,-0.0008182269439273911,-0.0008998916297788392,0.18574246317133292,-0.09225579209518388,0.0,0.6578023996730079,0.040759258316297536,-0.021719989249746843,-0.007966341424310998,0.007292407682742669,-0.012535553726651098,0.006454063757994462,0.028061954033728024,-0.009291686291455662,-0.05340990397297737,0.02411874523917688,0.043735388852243484,-0.0523488587668397,-0.024113697292127662,0.018126601685600603,0.003128669106200202,-0.004280184631955485,-0.003317910067499041,-0.0029262902948483448,-0.002773671910238592,-0.002711785086967797,2.0597225945948057,-0.3009541456637218,0.0,0.1522396606495784,0.02853166658757517,-0.06615739567793623,-0.010702142522323252,0.06593552886145357,0.008245378180171094,-0.08213460777375063,0.0076016279479325394,0.1183526032302475,-0.03860530849258649,-0.10483694924197663,0.04196153904497246,0.059939093461606,-0.01231145970466195,-0.050154814784694975,-0.020103419746754645,0.011870827032244556,0.0034379653441300928,0.0021140342718198204,0.0016302614650253874,0.0014494603326973454,1.9110323554297568,0.18576400294589102,0.8,-0.10500884211242677,0.015765724958693463,-0.041737701257354695,0.004430262801449902,0.021000712773439557,0.004873734618872685,-0.03751298342611116,-0.007780755684226094,0.07349177181460226,-0.008821895226961283,-0.0918281404817299,0.041320050540950316,0.04872757066254985,-0.03617096366604188,-0.017717577339432238,-0.003789879693863953,0.004613213711623182,0.0013374723930585774,0.0006829884030984107,0.0004255910572691563,0.00032553429699094485,0.7770619570342501,0.2619089728289249,0.0,0.12814450551522907,0.016381715504190264,-0.007165246044089177,-0.005611369015228664,0.02255186953212571,-0.006942739119057163,-0.00366222497004264,-0.0012134498999804835,0.028328622663210182,-0.02061560948701224,-0.008316175237976415,0.022289113908813676,0.006079888724974197,-0.01450394869384514,0.002491658317988203,0.011104239106969137,0.0018827546304620907,0.0018709488457714246,0.0018777723272202448,0.0018763065237092454,0.0018755045982612453,0.00010440729542401216,-0.0005357910162124751,0.4,-1311.6851760265906,-1.155996965744123,-2.3724124464318663,0.1894451824300063,1.1139456194883763,-0.33817952858194644,0.2285616027958213,-0.15418994081655768,-0.04506864993286541,-1.281632474374156,-0.1131595140147894,0.7561185196191786,-0.919878748583656,0.7647365020973318,0.2940010155261277,0.21627572757341085,0.232352721581087,0.08245713229406704,0.05428906372366527,0.04454400011449522,0.04097559037313836,0.0004032554089624842,-0.0018876486931214962,0.0,595.941953637403,1.1838366852006599,0.5917285842829969,-0.9844528367444384,-0.5175402900000634,-0.2265402838467168,0.40802376236117865,-0.5235002118329497,1.3078351744604255,-0.9908327045660048,-0.7915309813953506,1.2165468874827106,-1.349605558372069,0.19328893096845867,0.13895724070751747,0.4719133486259111,-0.07155009550512048,-0.10249053850326463,-0.10099566395341952,-0.09992081511046892,-0.09936976077073643,0.00033429021826474466,0.001205372305002772,0.0,796.5028824284806,-1.592981549337992,-0.582844443419404,2.2554952391166982,0.5852399996779667,-1.8456116350815392,0.8937359402320766,0.7753161231571042,-0.3414580030975323,-1.0665080997013234,-0.7511555381776347,0.21913268416055232,-0.21262829687514892,-0.2736411224562225,0.3659881950104449,0.39740191501766375,0.3609266702828151,0.16481299548653894,0.11627091170335645,0.09383228269249956,0.0844607992093267,1
2022-06-08 16:29:13.475446500,0.003233657118766136,0.024208941210010663,0.017868664770020106,0.00159503719407086,-0.0025541613984206017,0.0007730633898764036,0,1,0,0,0,0.0,-32.10875314577506,14.562552465911596,19.288739236678683,1896.4798411854056,0.2260250105515319,-0.3762957446619019,0.13347962759755938,-0.03814255857640233,0.0231823300460177,0.02904969108977722,-0.04645065842972974,0.008457473125890217,0.003185366469609177,0.011303105152779923,-0.004823426655962014,0.005352881971885199,0.005217388280599855,34.2051114583334,-23.16669500326986,11.675810969947603,20.576642634635533,1429.8468412255766,0.15432988893863964,-0.30386615249121346,0.10983092742899364,0.06247226701084306,0.005306122580551928,0.017008699850590236,-0.020960380296111438,0.14142385821221806,0.16810339826170856,0.08723024704452395,0.15175305241632536,0.26850073750971365,0.1600251192575447,80.50024783462291,6.676230979921874,3.619161865825812,22.54410017109864,1371.9608109315109,0.2231962789269504,0.2844681809303987,0.1210463585577652,0.1521399903011466,0.03059688430090868,0.013449365792215558,0.02383303450300199,0,1,0,0,0,0,1,1,0,0,0,0,0,0,1.2889576149343995,-1.4236772892002036,0.0,0.08070071119980078,-0.01035600052535483,0.00685145908018129,-0.02390386683776661,0.016755641714822855,-0.004357870995195832,-0.0034074270033688622,-0.0032884377772853897,-0.0035806405889750154,-0.002408240042627429,0.042389115396267454,-0.001030548399251298,-0.014375160839919162,0.0016043155238845846,0.004638300633957983,-0.025740694849045655,-0.003857479606532311,-0.004686370979906511,-0.004394685600595985,-0.004188768648621092,-0.004091972972634271,0.1471192408402817,0.0809157456540552,0.0,0.9474998002909945,0.006482158252710425,-0.025179631766766342,0.01967952246161775,-0.004674927988265271,0.010263277214236135,-0.003537397893052678,0.01653409921606996,-0.03742583172418157,0.05947492627647714,-0.061514857076025276,0.0646297160997368,-0.05337314766800348,0.04315129321448617,-0.014581228013477568,0.008003142553428017,0.0060139089936780965,0.006077775140737879,0.005542936228651762,0.0052526575892852005,0.00512437754903162,0.2353192885682639,0.06284972418150521,0.0,0.6514000723288121,0.0053492245888173,0.023904497291898117,0.0049173334045404795,0.017907692973509817,-0.007756832960949325,-0.020627886137114863,0.02807273722461499,-0.03985523774200973,0.04894131826050783,-0.05630306048283455,0.06161118102699211,-0.045030251315603655,0.029385028627149506,-0.002308309244884309,0.011167445136349888,-0.002599809256423183,0.0012145656981887231,0.001412673021996342,0.0014659685019316644,0.0014798948009047946,2.0954368068560014,0.0926594020432803,0.0,0.1508149904280541,-0.06538932536587055,0.06586721775814218,-0.08797408200401824,0.07877101912125813,-0.05874028746046855,0.0837621213282857,-0.061440832227768825,0.06465854967090806,-0.037471295684350536,-0.0038087170036956368,0.005096176575900599,-0.01698833942331571,-0.0041090325650930785,0.007304504814684612,-0.02054468105535789,0.00885165428218435,0.005022809265609428,0.004664390335931322,0.0045350443239823976,0.0044888289209799575,2.196473613277843,0.21479096451915905,0.8,-0.10619182374019208,-0.03938058818616419,0.040880531415898515,-0.0496695096466696,0.04455516314952214,-0.032117315058387094,0.03700559886234955,-0.041961512225877004,0.05953735582959217,-0.0470566649889457,0.00717762412615346,0.013045939316733191,-0.028970257904440543,0.0276762496740284,-0.02010395502950197,-0.008432088648547175,0.0016715307336762422,-0.00047621844823490664,-0.0006767666445756233,-0.0007447593376066148,-0.0007676202763373244,0.6789744288246253,0.4273686518051328,0.0,0.1212785645365828,-0.001372039943316701,0.008718698873652652,-0.01927132423257381,0.003473697842650577,0.0037203754095318335,0.0044880357189413115,-0.012250394003902987,0.0009561742277688039,0.01718539911045681,-0.009442761215742824,0.0167157954024088,-0.010019902416007065,0.0198944456951497,-0.009002412081142759,0.01448451036394349,0.0027811787390324377,0.0034693741246271913,0.0034112388465143933,0.0033689832501139273,0.0033476957234034087,0.00014157820423855232,-0.0028699213900913747,1.1,-1312.6809019573698,-1.3363547876482471,1.8918036962049032,-0.08167700549338974,0.5420947647530028,0.474456126746361,0.00976670787646583,-0.08371025168125358,-0.6765529455903092,1.4776259326733374,-0.8130916962823704,2.138948877085429,0.19083796820893184,-1.5824495973665336,0.07593487967358215,0.48763726885099606,0.3513812403450913,0.1888194233540581,0.1664917640666559,0.15886271866966695,0.15616446969944775,0.00040264081518362027,0.008115517525927792,0.0,595.0639142416927,1.242456535081999,-0.25817643750681896,0.8692230863367598,0.3185995575054079,0.2943443871357303,-0.20451101439230968,-1.1313831495818114,0.9130441646970516,0.26041980227012296,1.0706823915270522,1.6940643230970398,-0.4925936963731825,-0.7310701088278542,0.2870849293147746,0.8179466725868778,0.2824415947330454,0.1324944307740754,0.10145612984010732,0.08867594091903007,0.08357232146056504,0.0004042655986087365,-0.004344177130013821,0.0,797.9396986282229,-2.100499717067976,-0.7730259116352443,2.152720170220519,-0.025028994383887948,1.27345977903272,0.13186910408571606,-0.9425635736800544,-0.9682496577484478,-0.3202540926302575,-1.0238178785942296,0.2301500534875061,-1.7780518141116275,0.3829355530421133,-0.9538591451933521,0.7275537986300762,0.04854310739917267,0.012090186373260536,-0.016628071960221646,-0.030584926046625324,-0.03647985225342243,1
2022-06-08 16:29:16.225446500,0.0027520043472945045,0.033275566440377866,0.014288890591610376,0.0075189794997815185,0.002086070310993434,0.003923327383564245,0,1,0,0,0,0.0,-32.167101581307485,14.266211246304831,19.62685958072662,1129.7742627330845,0.09465964422704456,-0.3020600671231049,0.20496849536456385,0.02225296691106752,0.022892626933169576,0.03235473785968874,-0.042258734801711,0.00835095961370645,0.003555438595005605,0.011508671463253376,-0.0047489466505479154,0.00518203950588908,0.00528738178815133,34.2051114583334,-23.49744702947968,11.753048714099519,20.198844725373682,1463.309165709203,0.16079148461512546,-0.3050233908993961,0.10905616524990693,0.055889686648638894,0.006158322279675925,0.01739901512159409,-0.02186573570980576,0.14142769431455576,0.16813325942857044,0.08723490831452993,0.15175648355012014,0.26850562688537283,0.16002345804858195,80.50024783462291,6.753319127288567,3.639917721880527,22.41893942644538,1386.4880186958105,0.2252557031789471,0.28537977821674243,0.12207233244571265,0.1519112568715256,0.030547346758318862,0.013516373794380934,0.02411403775879593,0,1,0,0,0,0,1,1,0,0,0,0,0,0,1.6848049333429391,-5.5111131601475725,0.0,0.0822903567958776,-0.015108019780353412,-0.013894164847654884,-0.005615498902416416,0.022539766666522937,0.00977912842864025,0.006884284724683817,0.012121014731022431,0.04392078096657728,0.007012290427245124,0.0037220733418066978,-0.0016034688651241256,-0.01324344801138961,-0.010799049606188693,-0.022605293306889568,-0.024763545500038724,-0.014658514631483762,-0.011899749787123742,-0.01049595674874912,-0.009739964472709169,-0.009407347195591949,0.11441649166622445,-0.17318951526552945,0.0,0.9587420579637621,0.014255243310865084,0.0203676293386038,-0.0026049738613709433,-0.003629127256002757,0.010364430289663884,0.037724671584129926,0.014082561708427309,-0.008958481592259135,-0.028911107637779106,0.05506972513766269,0.04334957379448669,-0.009194708575764873,-0.05836399535142561,-0.04453174177006086,-0.01658253006895886,-0.013498020330471778,-0.011285919146943293,-0.010347540772522422,-0.009755020764454845,-0.009477401791223387,0.16293895796353114,0.06796739008513053,0.0,0.6845609736991177,-0.008923935534085381,-0.011920987907324126,-0.003236467137226695,-0.007466436095287625,-0.009058385873786302,0.010181782359620141,0.011299273848195995,-0.034051928060100205,-0.02814860302949628,0.02073455619500488,0.07676353496702783,0.046703650630555885,-0.025348942675005842,-0.023176351046102998,0.006371506095944122,-0.001338638540360721,-0.0010371047364154153,-0.0007524170809601327,-0.0005902263793731294,-0.000513103263138766,2.291455979907482,-0.3768369548462167,0.0,0.1475291694834988,-0.006332872683011482,-0.05303937653089015,-0.05951299613012835,0.0637082016428137,0.07586787857883259,-0.01398554744327762,-0.0909979791592048,-0.057278458910955066,0.09388410235478367,0.10755887431778284,-0.03726541100432509,-0.07093824389132385,0.01967642423019187,0.0432588118095192,-0.03025655470509338,-0.013683935469139671,-0.006263789302511418,-0.00516705771995495,-0.004710295999979951,-0.004529808852612325,2.066987821059905,0.31835630252880226,1.0,-0.12344284009978275,-0.018862266090517117,-0.04290771043724005,-0.0386583743838703,0.06276582946163528,0.04274875575391045,-0.0010248828798005076,-0.04134396490133173,-0.004350835467534831,0.08168753711675547,0.08402349107371704,-0.01653466526531163,-0.06780914971855106,-0.03184113759229186,0.009200018671686384,-0.013596283629927052,-0.007560826132465444,-0.005163750346031791,-0.004754133520651686,-0.004566368737739516,-0.004489065523391422,0.7988962899057784,0.026438743151124915,0.0,0.1153957903934601,-0.016018781638058185,-0.012834414043252342,-0.011231085949231856,-0.01344950447726763,0.01204266830084538,0.0030294438865193893,-0.011063509439698272,-0.010904325049501094,0.013423254277214535,0.026393522140651705,0.009228903029618776,-0.0041194550222720715,-0.015707329988199722,-0.005739311583706871,0.008747918566353732,-0.0011020320718896591,-0.0005956075557364262,-0.00037480789701513535,-0.0002997155535641718,-0.000274088918698751,0.00012910143601643458,-0.005389836653042877,1.1,-1314.1284144104457,1.6034736297539212,-0.5087537605180898,0.12072318283992445,-0.4268734546582209,-0.352186838650951,-0.12879941496822767,0.16873269202369556,-0.4323241676029781,-0.7708577505675436,0.6025505039707681,2.306474797334271,0.12306220300694905,2.225845266571288,-0.20198530802507972,0.9225318964258732,0.1299241802113329,0.12169889143226698,0.11092190489618403,0.10535396921360274,0.10290972072693004,0.0007280302875689468,0.009338351841420452,0.0,592.9539546619226,-2.1679213796612937,0.061367935871622585,1.6710902807695476,0.24159330996292286,-1.4904280248986908,-0.7348381594963733,-0.3514102630298304,1.2073815577240232,1.4493002349077369,0.02022168537968838,1.7838744290446105,0.8493020389286787,0.6942715998025442,-0.8423368985378055,0.7898211871523609,0.0931209019244772,0.04361045356099602,0.03674156016770525,0.0356145311841658,0.03549730642690285,0.0004225155131753386,-0.005421182084642492,0.0,800.1623642703415,2.3727402693531445,1.7231694609218948,-1.1700821759545903,-0.8210439167102592,0.3343116172187379,-0.8626177491321485,-1.7640158557892214,-1.4855857466815294,-0.19124972553194647,0.30152107931605343,0.4378165003487489,0.06568328758505615,-0.8326287134029577,-1.0788634454331325,0.968102436127566,-0.14158655616194693,-0.0937199632570227,-0.10340172627826404,-0.10898288789132947,-0.11139888906174278,1
2022-06-08 16:29:18.975446500,0.001401994850309017,0.02074179984435696,0.023867877661653842,0.0036338544884210976,4.4245170329644236e-05,0.0056533861627449285,0,1,0,0,0,0.0,-32.022397673291145,14.396372911275128,19.433734923429142,191.322016015122,-0.06805713341862624,-0.20685427082686986,0.28841210904507825,0.0909401136055122,0.023186053032472655,0.035642920601706166,-0.03812393129432543,0.008268669489161487,0.003907240492172949,0.011704408044623743,-0.004601394073509566,0.0050972420014518145,0.005381307877443313,34.2051114583334,-23.823464161755123,11.830817864812849,19.819968772339877,1460.3323223066034,0.1609495392008255,-0.3025280288461753,0.11154966627055768,0.052031023302928935,0.007013955640185648,0.017928974166645857,-0.02259143369418503,0.14143126702685418,0.1681591039833974,0.0872378173967422,0.15176336727018294,0.2685072207387263,0.160021305322674,80.50024783462291,6.809695653823923,3.658624238995768,22.28688219909291,1408.083355868241,0.2288986244680735,0.2862029821609355,0.1253538392191369,0.15098150578868852,0.03047743494600945,0.013705426008563998,0.02422301466275909,0,1,0,0,0,0,1,1,0,0,0,0,0,0,1.2206111065950145,0.4426721642579335,0.0,0.08362616598167369,0.0034468875507004844,-0.0105713685272529,-0.017739521711580844,0.006402021901065647,0.0045849961138985824,0.0011388990983454608,-0.002066556952789905,0.027430323659488158,0.003472594861634409,0.002101443920766251,0.01770521852054508,-0.014870472713509232,0.010771712743940254,0.030853779667863294,0.007333137438776421,-0.008505682797917701,-0.004536833892582658,-0.0029174092200073424,-0.0022763888099919557,-0.0020359252342713407,0.05544280681575183,0.09483369256861053,0.0,0.9668005397321271,-0.002128806495158036,0.004151395047888404,-0.01103454470658391,0.005911407723843465,0.006369906693047364,-0.018935638751842274,0.011419879670380807,0.014613868001575662,0.002020250623235787,0.042510855690806634,-0.003848918802340981,-0.02264402160033893,0.033301866850233335,0.04677401862427606,0.005900421119395115,-0.002603067453648914,-0.005988473117001007,-0.0051911548399253965,-0.004655440119708446,-0.004414633004117133,0.0852596536119282,0.18440803433283512,0.0,0.7043571366992196,-0.003230359979297215,0.025803026775747983,0.03419885353243979,0.003496237931552848,0.03397149687831296,0.009919461790919216,0.0016552866813838165,0.026530762671018875,0.01410330640779649,0.0060931780477173104,0.01324004438049127,0.005528782324270782,0.013115904085661448,0.024351679581453612,0.021008254085034508,0.0068928946691336965,-0.0017536926429589132,-0.003365215565095711,-0.003843186402052258,-0.004000133969866838,1.663819482032333,2.325550665403942,0.0,0.12534492198169234,0.02989353024327056,-0.025750936589139045,-0.010076131370994109,0.011346445402787071,-0.011810186783958287,-0.019952210945110918,0.0011183653654927208,-0.040854744807026735,-0.02318705365252786,0.002806085687748977,-0.024010657327138172,0.004095558901767429,-0.03722157409419519,-0.004499400513261075,-0.04788427266063342,-0.02797028575707921,-0.018846811383748,-0.016489598706568454,-0.015450705605082788,-0.015016269981884331,1.273536355183411,0.8017511186133398,0.4,-0.132358256042509,0.02702638398592994,-0.009119482130875965,-0.021520440980653564,0.055381522099123434,-0.010883175873710228,-0.030290592747480825,0.002031435781358161,-0.014554769997410406,-0.016813541084353643,-0.0010446743754505491,-0.009957118377580823,-0.01631675152335505,-0.005432977434486214,-0.0035333271135672413,-0.02941515630448488,-0.01735364696653811,-0.011271087769538992,-0.00961214710274148,-0.008918903569102158,-0.008636375357171232,0.2523514278893382,-0.08752110349975284,0.0,0.1322099596402636,0.009373945862164695,-0.002962028041085857,0.003445803182776911,-0.008383077379547427,0.006894207962676429,0.00201079564944339,0.009749279571294863,0.01539940733103658,-0.008349510471985427,0.0019094566766398586,-0.0033005176814308247,-0.0016112854766950502,0.0025698522151966032,0.0009723714651308971,-0.0036193418638160797,-0.006094421538810355,-0.0028982169189260163,-0.001739799979072424,-0.0012819728838547632,-0.0011067768994420467,0.00016291527843589684,-0.0014561924493534187,0.1,-1314.296022538694,2.2797650695187173,0.3724206776986989,1.128840710520663,-0.8852407313668351,-0.11590446288302304,0.19719374491859296,0.7819343569715258,0.76644222089881,-0.2003706037739299,-0.6067277712596066,1.3178273490423322,-0.317914965818769,-2.590833935206021,-0.012753049955982476,1.4123467096656697,0.07038774074088394,0.1757649934839769,0.17380906886504732,0.17051997695374865,0.1689200164242255,0.0003355982244893476,0.003369502682400412,0.0,592.2939100712327,0.34690971849460084,0.5084742978657815,0.08428619294539175,-0.4716682614633356,0.11519008011517685,-0.3501376485198975,-0.4894329413351031,0.8927783599581858,-1.6549195621150368,-0.8145743537815964,0.7890222348640599,-0.11631881757768348,-0.647906002406021,0.3196366844993186,1.4480744959353269,0.22093918225395548,0.1951053527314404,0.17138364445496634,0.15934871406223114,0.15419920889472305,0.0002323106648063157,-0.002242117538405045,0.0,799.0772702980548,-0.14615060656109335,-1.1875650868846035,-0.2270024622142444,-0.16828859200013824,-2.09667892165772,0.9689524813766752,-0.8178113995277876,-0.4962860243641103,-0.4015062639241869,-0.7437590218590913,-0.6790254032684899,0.2566606167348233,-0.5047677150328731,-0.13633600569251314,1.156310696348804,0.11605611826136195,0.08995247432926945,0.07241987655487493,0.061687858347834634,0.05684276692026469,1
2022-06-08 16:29:21.725446500,0.010581268142429842,0.037451713460393325,0.018217377607783955,-0.0025547494466249213,-0.004987048333233707,0.005670903159285483,0,1,0,0,0,0.0,-32.02815343797905,14.551426755677571,19.317375331566602,3860.278041599067,0.5652514240776927,-0.5721383035444979,-0.04565034684031896,-0.1837735159623681,0.0218439276033694,0.021651334151865275,-0.05592026417955484,0.008220256379806177,0.004298219051939594,0.011972877783596571,-0.0045010673801667905,0.004966425074330613,0.005475362256680457,34.2051114583334,-24.149189890735602,11.912900477104275,19.44143594931855,1488.3330391873794,0.16643571191930706,-0.3031349955832913,0.11121309411050696,0.045844497411732764,0.00785670799513076,0.018335060420040555,-0.023459258019506136,0.14143391341916306,0.16819036465766452,0.08724885862645994,0.1517679757168958,0.26851006107583475,0.16001943847084565,80.50024783462291,6.851629147575147,3.677974275343064,22.147789398706244,1429.3774276020795,0.2322789545624017,0.2873078449679121,0.12707247870252655,0.15091674658127008,0.030378451554014783,0.013753252395628758,0.02444345793061566,0,1,0,0,0,0,1,1,0,0,0,0,0,0,1.3589550664148962,-0.1693052734880095,0.0,0.09675125380699114,0.005798982852769022,0.0066602508921484345,-0.006242644517942408,0.027518434170287084,0.018456115237531844,-0.0035196420112486994,-0.0099779890187945,0.01485011821792806,0.012797996743794645,0.0018409162202691234,0.03664625862770561,0.016608472634875266,-0.00718993913789627,0.0017136416197096847,-0.00959418710046522,-0.0322463199185169,-0.012793124195276132,-0.006586549433075768,-0.004182644524699255,-0.003279569311866868,0.07611581441386132,-0.18867422065925984,0.0,0.9746052731820914,0.003931437407267757,0.004414086471114284,0.0035878875758850732,0.001617402386695263,-0.008159092836786924,0.019069398034717782,-0.00013621383376616336,-0.005327718636169126,0.02663580954268991,-0.0286625742179628,0.020874654516347214,0.032725779714795435,-0.010807385620988976,0.028424236503883708,-0.013717627559751672,-0.04771509768175642,-0.03177769156321261,-0.02262784433451613,-0.018639640598090732,-0.0170659978725458,0.12537830733445351,-0.00014094389868475322,0.0,0.7216611181337691,0.010262899125632457,-0.03481330341375635,0.023603799463069244,0.003490059367285185,-0.028747717541673382,-0.011008049417251316,-0.008842484640407683,0.03105391685685245,-0.02484645729726504,0.007242567251039968,0.023327522614845102,0.0038703304190647572,0.0053878764047177,0.027130507646819124,0.04372859523561133,-0.010488068603982685,-0.017846114688445814,-0.015277412160904918,-0.013582979744617116,-0.012828144684621984,0.8887106348600993,0.22107587042787052,0.0,0.13342432253534686,-0.027246231120337205,0.011087408917654784,0.013746803266643095,0.013859577866527143,-0.01187498737984441,0.005052685366214305,0.010276191199390544,-0.016027346373803066,0.007692758547618732,-0.036282111269059454,-0.013339676558687591,-0.0031560588729983405,0.014056885692808087,0.00541577219029908,-0.006458209789882525,0.016276795643711005,0.00811360516706292,0.004815405400580705,0.0034824003303345844,0.0029730030011321947,0.8772438674126927,-0.10417785903868644,0.4,-0.1326970562978297,-0.004886018681677035,0.010666144955005966,-0.007635545798843105,0.04411767682727539,-0.026326208280882862,0.012741269243605037,-0.003216038878218825,-0.014773236961498359,0.007870304774862006,-0.01576800311859495,-0.00017512652012556355,-0.0007718113769565192,-0.007982812399861773,-0.0015148682904792062,-0.02035097877515281,0.008403773743662071,0.009420647511663957,0.00761400614841168,0.006626091321252565,0.006207124102379331,0.3281211818421688,0.03221362012296842,0.0,0.1320024550589226,0.000277583902185562,0.008192215431451624,0.0043034538570891475,0.0008031906072797131,-0.001309208125138503,0.0050464966438146215,0.009242308042152935,0.006314641933580606,0.002913457066810877,-0.0043076408158642535,-6.258087504160213e-05,-8.025182726454413e-05,0.0007079814028224268,-0.0028427072954040717,-0.026534569534587615,-0.005811466111976496,0.004399453431449327,0.005830600411429938,0.00606798063428809,0.006103177528610513,0.00012339124574093009,-0.005262788353467085,1.3,-1313.1471391746636,-0.7672203739935242,0.7652719890469513,0.8690156095449026,-0.8103003947847043,1.5965334092175567,0.37644433044475534,-0.3637545101208772,-0.62531552526697,0.45511670121641495,0.49544365167644605,0.7026758465542251,-0.4256186156075188,2.231970617094646,-0.7902376781111826,1.254453574052803,0.14625775557469467,0.19746758870234515,0.2048193398588971,0.20822937200646047,0.20962788641082053,0.0006083415051998207,0.008162384769898138,0.0,592.0922927526626,2.8680943836862127,0.11546957834805482,-0.7652782646789689,-1.0443469291891745,0.8578549924926975,0.7530856135517823,-0.5935193698265451,-0.14013791156794042,1.3561021744533246,0.5458195347047656,-0.16657782440907987,-0.6161304938174474,0.4272091982891002,0.08759898158423418,1.5477513084106906,0.12610534506699975,0.12135416526929,0.11190982834548358,0.10674556092687126,0.10439389377117124,0.00024236770909900123,0.004261392170142584,0.0,799.8517901297947,-1.5882366020216097,-0.4745113681558593,-0.40258909379635105,-0.039485757104252166,1.8322387696722728,-1.1274737836740414,-0.36739103739301626,-0.12001012137403322,0.3298858562911846,0.667513542445036,-0.665361358356698,0.6926786082082366,1.2591502597063169,-0.19597500969294396,0.5358972699574379,0.06858220008738057,0.07382047016934479,0.07736035251610217,0.07931301392477863,0.08005055644810044,1
2022-06-08 16:29:24.475446500,0.017307610566207922,0.06072359529028142,0.04074338213111057,-0.011067126278789105,-0.02191640955670127,-0.006147553445377826,0,1,0,0,0,0.0,-31.94203996916216,14.394640581779013,19.226164364091762,4292.890968450814,0.6408803693465254,-0.6138619252921307,-0.08564598030118133,-0.21488537407916306,0.02248844206498844,0.01917702053190052,-0.05958052759623681,0.008148546512943614,0.004701480264750957,0.011926561557874556,-0.004419200996454243,0.004810418003027343,0.005548586422431497,34.2051114583334,-24.477329465205134,11.993469064547813,19.05643089370784,1545.7924652715014,0.177034501848787,-0.3066269029810202,0.10821729640524247,0.03742470183656712,0.008696185364710896,0.018635157576088024,-0.024482952585572003,0.1414485589841843,0.1682458307934088,0.08730148640077834,0.15177663072359907,0.2685170576018989,0.16002376448930933,80.50024783462291,6.8824175465699335,3.69381417667386,22.001443984236218,1470.4507066204903,0.2390977455330575,0.28971315713457024,0.12937720207462014,0.1525877690182959,0.0302558304233466,0.013720573831634872,0.024802814902425203,0,1,0,0,0,0,1,1,0,0,0,0,0,0,1.8014832910456853,-0.8911873911266803,0.0,0.09694462582752696,-0.004015341474648569,0.00950460542880142,0.010417659053680695,0.034040346442202545,-0.012476407011218393,0.027289383970797863,0.001668755100109609,0.0098685245127721,0.006149085901729232,0.007867366244144889,0.03218670782530027,0.00812616889307779,0.008895838838722303,-0.05487425667696507,-0.10159512524732682,-0.048749024718100865,0.006590295149172483,0.016549060859676758,0.01903484474187688,0.0197362522768336,0.2845395773701725,-0.2809555342654961,0.0,0.9982071160823685,0.017662560597584046,0.004266187543233241,0.03482101251001474,0.0322733534378883,0.048627958489909404,0.02619069127408198,0.01164511550649145,0.013891796099871578,0.006022343645729306,0.018189365559226667,0.04710897483757075,0.04838264204108042,0.03831223249856523,-0.02695016793317989,-0.13097938921537672,-0.1412892839611485,-0.03998919155518101,-0.011616632724293648,-0.0015962945975277268,0.002009771803459868,0.7813149881349409,-0.2900769877069625,0.0,0.5795113887246865,-0.08737794469538852,0.07492252295283708,0.048275141400382686,0.022490465390327584,-0.009400831037860791,0.02127530016099784,0.016395951176638397,0.035937762583782375,0.05060549565642987,0.012666571801742816,0.05478803402722149,0.03580993795453942,0.05026736554727464,0.03838101546595489,0.03025843597211978,-0.12740750710089846,-0.07883405512995242,-0.05312621314757066,-0.04197471821208716,-0.03757249257433827,1.09109257354204,0.4870874887585181,0.0,0.15081434644477407,-0.026089974264513732,-0.01681842251977524,-0.007323688624005217,-0.012762408671580044,-0.0024568558561829136,-0.01079796309638556,-0.005812001467540831,-0.009894418769920622,-0.03437548773244235,-0.005322255245982325,-0.009138573926515221,-0.009576013022297856,-0.005001500521174867,0.0020186474691871,0.059864318266281975,0.048641206096978286,0.005526255214824248,-0.004205437159388887,-0.007245190541052346,-0.008265744766369336,1.5174811174642464,-1.2677737525846071,1.6,-0.1349701221672202,-0.030043035759559394,-0.02107888844580344,0.000885323336163507,0.003203457080982571,0.017275691825828787,-0.008778501117306568,-0.022973641693286362,-0.022741566761272043,-0.022155481040416584,-0.009884834502865512,-0.007623984043695176,-0.0064465679016210645,-0.015144915043842463,-0.023345624594651573,0.007573456160104348,0.06885483072086744,0.037873070305218685,0.024432916260927175,0.018857604961864484,0.01669736415940893,1.6111290306701596,0.7471901448874947,0.0,0.12397617876538528,-0.007796236603691138,-0.0031252540608446705,-0.0003370462103026439,0.004646281571567412,-0.0001527950201605337,-0.001893830712798816,-0.0013496303470193725,-0.018674493008352475,-0.003074600992728863,-0.005113405690510425,-0.00541843502570229,-0.005624275363230373,-0.02225473905963302,-0.03612501992103264,-0.06703867367928011,0.037175564209610594,0.04189358540359791,0.034833408901508885,0.0309004022811124,0.029218009803145713,9.258928043938728e-05,0.003209533067038945,0.3,-1312.8727987214227,-1.4444072147006466,0.5462299913111082,0.7426770560051068,-0.9931689099864088,-1.4588889353551195,0.6707786093284085,-0.08612537138704822,-1.0690415470635983,-0.2667087553544931,0.2636154295081852,-0.34579998267530954,0.09000088974858755,-1.4895530888063249,-0.1404598909436885,0.5486621941400855,-0.12116216103124346,-0.16273085952045466,-0.13931362266205485,-0.12955976168678518,-0.12582674713375308,0.0003660986888416858,-0.005017146272594679,0.0,590.7964625722174,-1.5644140802416049,-0.32534012740311624,0.2606799290510509,-0.6234923843487294,-0.39082830303298266,-0.21203218810881447,-0.012273266864561094,-1.1919583020360245,-1.2312679649158618,-0.1318169822777584,-0.9870418855027572,0.5452051498548052,0.2106455239106495,-0.5842992937886624,1.2332627702412573,-0.1590819588486969,-0.11045837248541623,-0.08567566876715205,-0.07747913744448276,-0.07474063175273926,0.00032589098300724614,0.004665348122610362,0.0,797.5029048766902,-2.301122167745376,0.031463972387371086,-1.3479249580219914,-0.5879007779287164,-0.09609973897785552,1.0835472166990243,1.1330882116566912,1.2847668331787006,0.093586287597045,-0.22169993256614973,-0.5316470031692866,1.3803648270958142,-0.11894949212103613,1.181650908655417,0.05288961781444357,-0.10815029342172268,-0.07388970094953606,-0.02879049576815973,-0.00472701457712965,0.005538893798527234,1
2022-06-08 16:29:27.225446500,-0.004879771626518746,0.10100337494208894,0.14448790451774346,0.012490429066936476,-0.051206316836983366,-0.06114465669825731,0,1,0,0,0,0.0,-31.657892110367516,14.731661435386718,19.250339645616986,229.64536995542625,-0.06348009440959844,-0.20898382815133995,0.2799450026321121,0.08750690210667422,0.02545649514406509,0.0298409573924529,-0.03980853166118712,0.00809981761833734,0.0050476961403657684,0.0121024263532279,-0.004312098152994192,0.0046326905904462935,0.00556918781954834,34.2051114583334,-24.80086079996809,12.079027335355814,18.668920994860173,1569.9985599146646,0.18185862830620328,-0.3067836199924976,0.10818596107003296,0.0314589095737411,0.009545764507609794,0.019053545271815974,-0.025344531362622682,0.14158413457742747,0.16862023258434222,0.08782055976153465,0.15187025014668767,0.2685586572631886,0.1601066984773899,80.50024783462291,6.894514194522143,3.710441983069976,21.84751205524415,1489.4626808288135,0.2421289196839129,0.29062735190587896,0.13094884494901515,0.15219825129861686,0.03011648369164345,0.013744580084948036,0.024971962697812308,0,1,0,0,0,0,1,1,0,0,0,0,0,0,1.9501449088981213,1.1040002938004725,1.7,0.1150399604645049,0.029596331130969607,0.01332101475712087,0.018592541770727444,0.034573018476235215,0.029259393436019517,-0.009706575437909959,0.0069127005909650025,0.0016624114804617788,0.002469398002816849,-0.017042265711767354,-0.02214356260277493,-0.06001373998317579,-0.1005497531724966,-0.17965053760975327,-0.3232053948584739,0.10895804464284947,0.15775961211922304,0.1320449389075248,0.1157933121118251,0.10855204321709422,1.2424115333325911,-0.5056475288109399,0.0,0.9788786760110038,0.026056254040904253,0.099085380267899,0.07916538802354488,0.08991002025150338,0.07168023171775634,0.07670465461685777,0.07497947763946305,0.07502780683454538,0.06329156031633353,0.04978786533869365,0.011976815676834007,-0.03784795177447674,-0.08982990584765121,-0.2612041967877428,-0.6512485433281823,-0.15643943914813846,0.09306438044000696,0.1216328042556674,0.1259906704489222,0.12652095819764192,1.8540459367621205,-1.5936314165879202,0.0,0.5359654638546453,0.1445148121940572,0.033407952092146656,0.0695041505301308,0.05873008603939856,0.12907244253874625,0.0910878515319861,0.08034198360820148,0.06646942721935165,0.07823221471794807,0.1112278200334042,0.1213761570317882,0.08875795674198944,0.07459173362740752,0.016795303049525912,-0.3089598117101488,-0.43683416472901904,-0.16417964897431706,-0.08569644513733153,-0.056678761570818026,-0.04592494609362077,1.8588952090375352,-0.4874293989857363,1.5,0.1612595377739967,0.0069584952536496545,-0.011099833648136591,-0.012112009791871641,-0.0157993848290992,0.0033588910385875023,-0.0007592308875315331,0.0017824916614023296,0.0091360024212121,0.009216655560592788,0.008143510823323059,0.013119336231620869,0.041483500246606665,0.0722129604461168,0.13846763526434624,0.2665455371005311,-0.020022056131598763,-0.10856428440522424,-0.1150454761072179,-0.11527310680915775,-0.11502876047866002,1.7349023573958158,-2.4828964509287115,1.5,-0.14442261643309512,-0.025030753460952283,-0.038263860948457615,-0.03902921477479706,-0.06131919150597486,-0.02687186551971065,-0.032456860677576235,-0.037176307140344506,-0.03163763655660373,-0.03279998391701108,-0.03564165975397958,-0.030893013790884306,-0.02020834063949281,-9.725175351017484e-05,0.03813522857860797,0.22068938994995996,0.18601379687258,0.03390813516703161,-0.009333317079943046,-0.025597243255625454,-0.03166101598911202,2.0814225667595245,5.300438642052013,1.6,0.08454826851928658,-0.026857564901581952,-0.025441415974793914,-0.02612564537271853,-0.016823411638934478,-0.028754056449002044,-0.0336497911148419,-0.034607394641772364,-0.051447374412702515,-0.03920237913503435,-0.04601807698745949,-0.05669812504720029,-0.06731263981433648,-0.07696785829445063,-0.09321918516858316,-0.01486997150862951,0.25355200143441303,0.15002453148084674,0.100659021019277,0.07926719661447162,0.0707795976868116,9.25841882379072e-05,-0.0012582547488103615,0.1,-1311.4879612661991,2.3890742441428903,-0.3026681551382069,0.9716136435708052,-0.13159148909758756,0.6332567012466228,-0.5560534991968638,1.0944792546813034,-0.1229686499566114,0.7042616203036154,0.6564048978362962,0.01804568188017797,0.7622879569393994,0.07191731769243148,0.1032102582009884,-0.5814028832872395,-0.5181646122277144,-0.12920709966376975,-0.02372432717729112,0.012831001740980952,0.026070240273620367,0.0003617688546404536,-0.008008720041252759,0.0,594.2713438661953,0.29844470057118144,0.1253084365731354,-0.214910425182417,-0.22163744324151224,-0.32166118692167345,-0.7325722552418483,0.44827919647952186,-1.1076447120644382,0.5951557234720752,-0.9474183930700056,-1.8095600812044184,1.2432644192046285,-0.5284465601627595,-0.22973422791602796,0.4981490700042013,-0.535351455488259,-0.2390662546082307,-0.1870230614043642,-0.17622082212244905,-0.174233444551108,0.0001959092235168379,0.0027335327138094155,0.0,792.4088889449016,0.010088674621613336,-0.2551455354804375,0.3614091553571512,0.9386942654946182,-0.15739948465861886,-1.0227328890255052,0.01438428851349727,0.7648211239983241,0.6434349911913628,0.8425352789403497,-0.06637826543870418,0.33172463101085725,0.6465974037524092,1.8180118351057608,-0.33778406285012963,-0.7422844644907372,-0.4085274053874741,-0.23054232836747346,-0.14983335713051105,-0.11674632415885088,1
2022-06-08 16:29:29.975446500,2.852430744457283,2.0441411939729908,3.1028299994728465,0.5409931570119338,0.9921419456319268,-1.8549320899477488,0,1,0,0,0,58.9955,-18.99087993989188,39.327860008000776,-0.8362744543348792,0.00029892001820913997,-0.2128969916220317,-0.032388426257406684,0.06108081730540538,-0.07056482702225368,0.16433703131356808,0.02088909441574941,0.07102072493352744,0.020268528496975937,0.007885959168228361,0.017365752723698686,-0.0019465322746673212,0.012392043764050923,0.008817367515046002,34.94255520833341,-25.07517407232624,12.298173890560847,18.177440184256696,1541.6960670578046,0.1771533164764974,-0.3008919044176717,0.11202912824705696,0.028265439376188858,0.010273568680007231,0.02013574691651169,-0.02500693887764977,0.24368424536118544,0.2164242991499236,0.17654678928801507,0.15627660791137074,0.2915431288230272,0.20360355849791167,80.37149060387657,6.889542501725928,4.115295224811003,21.710351332962464,1507.201962264372,0.24604153146897986,0.2912150602791675,0.13360609590551215,0.15049457663609808,0.031425967422310686,0.01668547144575286,0.02625896167784858,0,1,0,0,0,0,1,1,0,0,0,0,0,0,2.437392495636559,-7.965248926501794,0.0,5.976428754418673,5.702915112132382,5.2379548846834005,4.5159051824024665,3.4901601012777093,2.2412602174476217,1.0202428454936687,-0.20143281729052187,-1.3990429669546252,-2.2665415662802246,-2.7162629220591703,-3.259551157728958,-3.9891034732827535,-4.280477324530323,-3.704748362896041,-2.3975449521361107,-0.2267457454249651,-0.17421304712042027,-0.17803359391949325,-0.17312269525324658,-0.16951732830778232,2.51894876115323,-10.32626749082242,0.5,2.166619933725133,1.4558671428136754,1.7000115770204938,2.108482808481185,2.494438109838665,2.6483993184659,2.5888050192346252,2.192726901344097,1.430740405125522,0.466882192840048,-0.5955342214359913,-1.8460290514497302,-2.925839003376808,-3.4606660462840657,-3.744043620503549,-3.905163725105517,-0.8556251421053525,-0.2893730634760365,-0.1143625762063048,-0.019414362681213368,0.02339798343260076,2.764130466417944,-13.53752183462826,0.0,2.9171029656792844,2.6862411104091235,2.68307732538951,2.6337640308265704,2.6275379034740074,2.652344120268151,2.5476778965600095,2.143467538946603,1.4799147312891052,1.0079721812325255,0.6478557010290679,-0.025295913330118252,-1.2895887764792466,-2.485144966641547,-3.294092885360968,-4.4736790773585495,-3.1516570864243283,-2.1912760568067142,-1.8758951958149124,-1.7244394458613201,-1.65971134414921,2.594995549957177,-6.8555976262744736,0.0,1.2355489262867203,0.9171765057329802,0.80851533974023,0.8871555758131294,0.6068362892907555,-0.1013059092157999,-0.4246270423332192,-0.23835326277171826,-0.2488876128618589,-0.4654784791517431,-0.20955419175629703,0.3641066849355469,0.42733625933446817,0.05979485095309781,0.18127058965615234,0.4169660848187836,-0.6944284613099435,-0.7164394570499233,-0.6988248737925437,-0.6930418256665569,-0.6912268177311102,2.246539800356848,-5.404769334843904,0.0,3.6389050167194315,3.373931309376226,2.6069776476756097,1.85119000530486,1.0601585296624385,0.38552789622410777,0.11313547999231688,-0.03257937255357652,-0.8047948234922966,-2.163333327155393,-3.1197011983369496,-3.0995702247257646,-2.388637834607425,-1.3552966527705446,-0.028605299597613914,1.2587404781729707,0.5601846777011418,0.11152993415595952,-0.032422415428230295,-0.09906796837249524,-0.1269086677306025,2.623932339404201,17.74258696856282,1.6,1.5889703505042698,1.1334565542283657,0.2666014092592329,-0.7330826932754195,-1.7727442733403291,-2.804177787733413,-3.4085263629889315,-3.322881360281533,-2.6360175910556736,-1.699099788444549,-0.8115866149035905,-0.16315336700249994,0.2831457185266996,0.6991927028883668,1.2507124384966335,2.308016345842314,2.638141061236174,2.168501287827786,2.0014327675851544,1.9242112335719517,1.8918655254021703,0.016854969262745774,0.08408416980919411,0.1,-1288.779339333582,23.38233267587665,23.100748249993984,19.59005385489158,15.102658581473007,10.839555664130783,5.751720695317688,0.5929060653374023,-6.854272716401951,-12.476236905496373,-13.212575215607007,-11.608794054601464,-10.766250689506164,-8.51948645526846,-9.078457423101852,-10.201804952066778,-6.577714004234274,-4.91102526308892,-4.375498435132394,-4.105761037806083,-3.987944604416653,0.15698975374244864,-0.3462826850717546,0.0,660.6705045904503,57.18359196923875,42.072570796886,32.030716257778806,24.875132447853826,12.972504188191015,-0.4323915801703535,-10.359692232748943,-16.05685696505027,-18.924594171161864,-18.78027215748364,-19.878650236068022,-15.900016329718095,-15.560359887964857,-16.025086150549765,-15.277545182377677,-12.637874110918306,-10.939833159747453,-10.240880396765732,-9.863361424405218,-9.691978318448463,0.0676915335087063,0.2348471732718004,0.0,737.5078807242328,-40.116786363041626,-28.486492180600308,-19.13543613828614,-12.76264218589565,-5.5410469235773965,2.8750490835535487,2.3237061815410804,0.967233247626588,1.2100461825552316,5.610714682453235,10.222848657818194,12.82097578194525,16.445000131867516,15.859475668000693,12.0024105650711,10.560985398998461,11.547351923073304,11.885751464367996,12.060544798297947,12.13922128930769,4
2022-06-08 16:29:32.725446500,-0.054298619664235916,-0.2690495635085345,-0.2963510257096755,0.1519346281829676,0.005013206710171546,-0.1991565528021745,0,1,0,0,0,225.5175,-5.048112209138584,7.5376329540414755,-40.035380200866896,0.15309390653153418,0.05188173882009278,0.4461056356031799,0.04104540813928476,-0.06670942512152056,0.009740149219250656,-0.0015962795346374152,0.004803778653002675,0.02443332083440395,-0.00834290719428867,0.017037949361935555,0.0004609256644258852,0.02128050103234248,0.0030940870714279358,38.22594062500009,-24.89456904406703,12.051040150319144,16.542572720115174,1511.6008950604862,0.1765581138996993,-0.28232434203357365,0.11224708510123324,0.023458788426646792,0.01128259707432106,0.02037478833601848,-0.025422613203206008,0.25597294697248685,0.29575667354785595,0.19848170136854412,0.1782545828818798,0.311493880909193,0.2362171244484816,81.96748887801081,7.3044647340010656,4.631556117090512,22.990001618475585,1524.5058798381278,0.24633800655139085,0.3090468156000645,0.1340472283554648,0.14880589918015247,0.032595948764824884,0.017530920325823658,0.0289572008265169,0,1,0,0,0,0,1,1,0,0,0,0,0,0,2.281571138093372,-0.1083249785748314,0.0,8.003078444149567,-1.3166991519754467,-5.976070892682487,3.7905278151120734,2.1791111647001924,-4.098760726319772,1.3769667670437082,0.9115530866672216,-4.852596582582188,1.8902221973021152,4.684940922358872,-3.589108383373348,-2.5752981302967277,6.1569022753152645,-0.4766944860438328,-3.2950695293684533,0.5289357523726177,0.15135088207204386,0.10356960722670057,0.09047977265382992,0.08639546096904238,2.39019909238605,-0.959952774378048,1.0,-5.832414782881613,-1.1146244497435962,3.8454104921377885,-0.024577285962007187,-4.047878918577056,-1.6301674259274872,5.091887186685451,3.3445361114871943,-5.911708686873528,-0.941619966606384,7.592901019282709,-2.4433528966194467,-6.796597329399475,5.102568903706168,3.942582534795864,-3.976149669964478,0.636884812937598,0.18664887777831346,0.09380959876117093,0.05693089552035776,0.042208458822600936,2.214441980106229,1.6825297479394061,1.4,2.6488515082022395,-0.7338756405240421,-2.7305173581953506,1.1922804363147874,1.6296666868856429,-2.245079279918384,-0.1760013726147463,2.2077600956048267,-3.7352480281918186,-2.781767977573557,4.525882727102811,1.3050777722708502,-6.148512969678872,2.548652271197896,6.365626255596808,-2.426908465783057,-0.3372126873819093,-0.0014878209085641971,0.028630595669044,0.03358839837520208,0.033700848432362804,2.428474098681197,-0.5310630494558861,0.0,2.3556168566395,-1.4994953600762275,-3.379521939644125,1.2152880558404249,2.22257703249688,-1.4094772874980188,-0.6889979834951739,1.9069125054492977,2.322266271197833,0.13943954769841152,-1.1017336171161396,1.6291344835263315,0.9481259540366104,-1.0739444662399418,-0.515336167626111,0.8503548379457584,-0.9685465048035482,-0.5152001465818058,-0.3863692474333853,-0.3304300846799976,-0.3076795933723077,1.850703933783579,-0.06191804976351585,0.0,7.979472413790408,-1.4289570919111036,-6.297660189297129,2.09265969996189,3.1076652964911684,-1.7198963743437046,-1.4761775223222302,1.3727691161936677,-0.1083920062655023,1.4107411181112446,1.2700927837861344,-2.9903466809113097,1.7281481754058832,0.7670386778452498,-3.528320662783283,1.3732316651391967,0.3222951552753404,0.08125228364031163,0.02713925323108733,0.006783091002884954,-0.0005216231325870548,2.2409639776675747,-2.8545150457327932,0.6,-1.210139877958028,-0.9050075268304396,2.9174589250410934,0.6430051880434848,-5.243191249450066,1.8778036998834309,5.1511091029136935,-5.124473787801663,-1.9872861879530848,4.692737364315692,-1.1111732736364697,-3.4234135507427887,1.4797740907155943,1.2536848459178171,-2.8046584827878585,0.44982307557494267,1.042006672822164,0.5482779553632993,0.4277267771455999,0.37298643599021175,0.3503653227073307,0.15988112203493307,0.23537156913711724,0.1,-1046.6990293464714,152.21959422369002,-10.914304739072163,-43.3796727901349,-27.63720421645296,-17.01603546715134,9.447908349369328,-10.208971767331988,-47.28209913579789,-6.3944711781067465,12.003034170480495,-20.204702589588145,-24.586364384226485,-4.755679032070205,-3.9169579530974663,-20.486857513720032,-14.956096033046146,-14.683007600547045,-14.582254655324547,-14.526006927381784,-14.501150194323387,0.5863221547816646,0.1477687659493276,0.0,501.1549484111586,-121.8324315411034,-5.057052923001294,113.28288420377429,25.039612400840483,-58.205439592254976,40.32156877945396,50.16888644987673,-25.147811403180604,-12.29295143326545,21.505623142178393,-1.6036242686091755,-13.107242200141986,4.248491779544444,9.466120158227891,-1.9205582306271476,2.8543331032362733,3.3891324808445606,3.4950301300854143,3.543501237173177,3.5630907730477226,1.3201884163000908,1.3107642214333273,0.0,134.48061612204174,-321.53618956003595,81.8267278701559,106.2845269004737,-3.986758879428145,2.211453735251069,42.16576855155886,45.00741195735488,17.588407462490885,29.04558167875361,29.198586710029435,32.34971371133784,30.808075971707602,19.95901425879565,31.628588852183228,31.849607998160092,29.563840148503665,29.76584129953281,29.659632490818357,29.61172682388481,29.592225161296486,3
2022-06-08 16:29:35.475446500,0.02529292315075172,0.07651691593702091,0.4926633580226432,-0.2285653733219141,-0.2000880751803472,0.21191494416068626,0,1,0,0,0,39.5215,-27.64850058276213,33.48155042027592,-8.997957370524556,0.046799121012828966,-0.15191477008735446,0.02070320478419042,0.18724913720266,-0.1461992259995874,0.023128931111781426,0.024869923087584928,-0.053521041016824165,0.02390289929144105,-0.012047619834000623,0.018290049987902488,0.012389734668123922,0.0075131264008294705,0.009638681767386154,42.046794791666755,-25.069614263996844,12.185810825857322,15.33284231674032,1487.2050985496733,0.17483602222964528,-0.2696243744873078,0.1148382306604665,0.016792156934113775,0.010691916297204866,0.02088663949363977,-0.024931128699856968,0.26624625693048826,0.3036379140443761,0.20991670759412304,0.2257489632682972,0.3574706955946121,0.2525264775840061,85.35871381984538,7.38271644510494,4.985605720430828,23.474084418599496,1542.6807434083069,0.24935145432620065,0.3157736334394796,0.13683586295596725,0.1487365427397372,0.035942080633357236,0.0184509891388756,0.03027470526104925,0,1,0,0,0,0,1,1,0,0,0,0,0,0,2.1964796605517733,-0.4792045275411501,0.0,7.776048477895138,-6.5576782952960455,7.0931353132288875,-0.9358512890553768,-0.0013363423983414613,0.22224190633676089,-5.2674138940256,1.1978588590724442,-2.1241938694224007,2.75172247980459,1.628620358858495,-2.648559674076133,3.4046116283169585,-6.944224577712108,5.146775103526863,-2.8755146415675856,0.7690947043344865,0.2612973163357469,0.1931031100751576,0.16655192811293162,0.15625268567831674,2.5337990283469183,0.3821597185123257,0.7,-7.785705019162992,4.303582802427527,-3.623712046788004,5.1108480593396814,-2.115899423597024,4.323289330172065,-7.4841508550713,5.7094023851958395,-4.990484779834067,4.377955079231842,-2.10375599889402,1.67619795608125,3.9822445259528174,-5.879188980068996,3.0918416327773643,-4.471779441791821,0.7931730268994197,0.10570124262778924,0.04646395944456128,0.027870177529330964,0.021627369995787904,2.4054498814175984,-7.468176336891619,1.1,3.2380522155208498,-2.59907227212304,1.766050374118739,-1.4594847307902237,1.8607743906569612,0.9905906877233634,-0.991261215860652,3.525431853626408,-3.947528477574203,3.4474465202602538,-5.123948543896699,4.463619870929881,2.4926284618688843,-1.5944203249127258,0.8754150035391698,-4.709079651442872,-0.21340448889533592,-0.3685703692190313,-0.3359422030828345,-0.31514614964592896,-0.30543783834955224,1.9160446076061937,0.2473517722321921,0.0,8.041128945240816,1.6643386151255144,3.024016704615692,-6.399995862909586,-2.954711981857136,-2.5288008415837187,-0.8991714949996158,1.4393518452993914,2.2465619304521227,-0.3901274409734092,-0.8408279302942918,-0.8025499931839681,-2.7509266918873463,2.508508012132759,1.954656318128608,1.8795691960724368,-0.4928950879034165,-0.07026764273674946,-0.023136729951924062,-0.008954194454777131,-0.004451876488680867,1.923941383408684,1.9526687689270732,0.2,1.4511303409628735,-9.874856653440707,9.793253802157283,1.8338838153968773,3.9674760258933883,-2.0831502035140748,-2.9634615071940957,-3.866398187666944,-3.8188817084032487,-0.4163717453326937,5.694594456711456,0.2976168754383819,2.2861720108648558,-2.8273673061057387,-1.5940156489007256,2.030207907274032,0.3227720998974536,0.3015480106000289,0.2634028349944654,0.24530914181088964,0.23763075523569546,2.219822923773959,-1.6106284879928043,1.2,1.894228586154928,4.132838977374426,-2.683803891538936,2.8663927895068015,-6.639685116495265,2.458811146633434,-0.7265487773151497,1.1991275338939456,3.978318572000032,-5.636876141725173,1.93409055312236,-3.626528643978676,4.505507649555449,-0.8236421484054599,-1.2041459910670105,-0.3012975212209989,0.021075407032122632,-0.007149876241821396,-0.01320947700961983,-0.014201225005528341,-0.014396475657006025,0.20393870960729085,0.04058189047800838,0.3,-975.5579687025287,-188.029476114267,-15.62664921101053,50.18232401719047,30.89745330029693,17.287127520839675,-34.13482236943297,15.561415264754224,-23.338785858848734,5.3977638398938295,-3.6079258423551215,2.200051666439469,4.754595388119167,-14.33222335944797,5.619807982828601,-8.185150388680189,-1.204747824726773,-2.1704372804097383,-2.241807410020783,-2.266726055787159,-2.275630043728317,0.5582217590848207,-0.3116310980265957,0.0,525.8196578270691,126.81342737404516,49.76331954661767,46.528410079253966,-15.947715922814181,16.59927711396813,-94.41368504305359,42.222226716592644,-46.49574150698326,25.20428163923811,-16.51018562126099,-13.069538576668988,-12.829257885160455,-5.454863809978721,-3.0080066595310893,-17.10013780214906,-9.24851638159619,-9.858881769782457,-9.891510436450492,-9.899369176367744,-9.901911042881123,1.1581723567013364,1.1690526517054003,0.1,-261.3593142335246,331.81125289690283,15.824325579324537,55.06173431559965,-104.934585668499,-10.69275049027101,-34.20335022882587,42.08606868366096,27.730072439210485,45.71703244117282,30.058731386998147,16.898747122890835,1.0114722685669315,15.203092683016957,1.6642916475272074,15.83341555298846,15.814071153630902,14.629213503204609,14.382505683762647,14.279449630323775,14.238504375025506,4
2022-06-08 16:29:38.225446500,0.11510409812084844,-0.015153816883154609,-0.030822039335764807,0.0049339448741507535,-0.04612892726214475,-0.03538057510541466,0,1,0,0,0,39.015,-25.029224916862287,36.13504762112614,-8.176574113199027,0.111226604927638,-0.1719747515352616,0.013637856264525178,0.15543608265863207,-0.14619600563258062,0.031216553709635237,0.028331127437591683,-0.03029063732476353,0.02671815438230939,-0.01261573051515676,0.02070922179688549,0.013155868967913702,0.00668529523741134,0.010345143243499349,42.941734375000095,-25.241529199521214,12.761548672240755,14.330060244225473,1453.566309354131,0.1680694937253425,-0.2595464193333508,0.11676351759078428,0.009457520862670005,0.011567566704249277,0.021367673400159336,-0.02526582839909188,0.2674563954797194,0.30378674811624484,0.2125813761127599,0.2259734338471173,0.3577295232427319,0.25270559283360394,85.11722778065895,7.30346027810062,6.115126368387102,23.506498410178605,1558.6840692823623,0.2545821795297086,0.31751565177657937,0.13689811214705105,0.14868059822569513,0.035813315788842164,0.018430631724099814,0.03022134295127771,0,1,0,0,0,0,1,1,0,0,0,0,0,0,2.29332352264396,0.08298000412235554,0.0,9.2576640302941,4.7873123351408795,-5.791225975998785,-3.5206095641025845,-3.371615400948317,1.2319843826882877,4.610818079773967,0.6491896859335309,3.946196123780553,-4.387011278941406,-4.25831911902875,-0.4939193076875295,3.907630045302988,6.719964564119122,-0.4868807163579769,-3.0276266897479784,-0.6182668478382886,-0.3166805136671367,-0.2345449865675557,-0.19531131418880884,-0.17892977750352562,2.4372769227664195,0.4599456629737617,1.2,-8.143425750009447,1.211414698981459,3.055459232407169,2.079299364811645,-1.724883804709981,-4.841256388621918,5.310449956152769,4.391373544694975,-0.1727314246235068,-6.612898850687313,-6.507866804610616,4.18077514859197,6.642049699332992,5.696744562713937,-3.536348580283226,-4.13781105796278,-0.5348530684221424,-0.34258396616403514,-0.2866497779876145,-0.2546003420835809,-0.2405185852830878,2.4667099431239987,-10.207140368691077,1.2,4.397591441256777,1.0072711770087908,-2.4100926829317784,-3.8778161014665935,1.1985609194339164,1.5940160773611818,2.1915390610827865,2.8736026376954222,-1.7654429443510111,-4.742687513004661,-2.9059485301946792,4.126553853513419,5.090646910802543,1.3882898783234852,-3.3527993029474352,-4.604885400568613,0.4619660299998163,-0.016936776197194234,-0.06762693757331056,-0.07686742109391746,-0.07867331488021842,1.617028134567309,-0.049456511251617694,0.0,8.212763029890409,-2.361065004276428,-1.3879404332862555,-0.9214482243413112,-3.3893823217499763,4.817546598403016,0.06671075427434922,-1.8341420827778256,-0.4927207016011172,0.2416015386598861,2.202930365115384,-1.3653252828794291,0.5702335287907323,-2.391507772794104,0.3082281555154005,1.4825386239031748,0.04060396867142069,0.00367030374781413,-0.0020988993464726435,-0.006370914753980758,-0.00829736938955989,1.8234021381236951,3.180324104241881,0.1,1.0195976753497829,9.10548818374404,-9.743518011711824,-1.6274161894436383,0.1177850737955437,0.06329336597831059,5.280534599381083,-3.8747931396119464,-0.02455841648949097,1.8073156096155487,-6.7348108606395805,1.0639646381852428,-3.0459759431764417,3.1503586598253435,1.7305441960101613,1.7362565603697524,-0.03455379601923292,0.08441473841074383,0.09745360627180144,0.09687972042339976,0.09559100671867146,2.439545587906422,0.935240074377406,0.7,2.1471467778875044,-1.7089318166789118,3.008323829336786,3.410523334431925,-4.8290957000068575,-3.884556388883695,-4.523641690270608,5.361029741177712,4.552690448575851,2.5900310432859754,-2.228572757902733,-4.185104708191371,0.4847658939553332,1.2235296093089203,3.7584883376408,-0.12054570328785795,-0.4051965557625523,-0.06928355347689955,-0.00652483445705751,0.01692483395438774,0.02572752954579009,0.15973991057687967,0.09035681992102113,0.4,-904.4583208582786,-134.0506835497721,-25.124743102336005,-0.25753982568311073,22.488796941112014,-42.50468061367697,19.34677743695717,21.641411355732107,7.2837563940769625,-23.985808876997094,-31.562506695523595,5.847662234322648,4.333697197711438,7.393324570619174,-15.00568369940233,-9.510076205450693,-3.7635167352862418,-4.00522647748004,-4.016117002703213,-4.002341570240817,-3.993886546628117,0.5044650339199328,-0.3078861361771028,0.0,756.347278720521,238.8375746592809,-45.137640021585064,-79.137177500146,-70.38108237003155,-6.554017756754894,64.45848864398067,13.206422533418955,-19.531605818392123,-44.872968055662575,-15.60797886165867,-6.273757017595388,10.4091441167118,-14.702758377433511,-12.34705599545503,-17.881959718778774,-9.937052098032774,-10.509963179938216,-10.505511512395033,-10.484432845228318,-10.47266682868634,0.9261381949793432,3.4391159779985165,0.1,-553.9420560314677,386.47816504531,63.0995395176131,60.95082940732657,-115.50869009905847,54.44808149017412,25.813741804654104,2.5841778567035187,42.97576862516276,-18.70389797552263,18.05112031265043,19.46059739355764,0.6137773794063293,11.335470691575635,4.3284910098551235,14.230394617414118,14.938540044352187,13.546803345017464,13.282359045099607,13.176052540428527,13.13495450106618,4
2022-06-08 16:29:40.975446500,0.07725847219551257,-0.0026363348199074928,-0.10161544125330167,0.006928585809850299,-0.007637780701313991,-0.03096510924635794,0,1,0,0,0,37.4965,-25.56483042356509,35.26629495585186,-8.753134083060786,0.10461048662098488,-0.16591548483664711,0.019043505731838342,0.16211843032588233,-0.14740786595760744,0.03269412638398685,0.029715321049464408,-0.03235454620982715,0.027212375701042773,-0.012666885003924705,0.020154730611169114,0.013241551777592534,0.006712395723659858,0.010275316531993844,43.79009739583343,-25.41174971016141,13.332123626230887,13.317904765925315,1434.4048856236018,0.1638337636391081,-0.2508280420066411,0.11735753421091565,0.0010273594701118401,0.01256266205439443,0.021725244343268817,-0.02574491585147581,0.2674865817655899,0.3037877887107418,0.2127841146953512,0.2259977224323097,0.35773256393753705,0.25271534192818945,84.86869483421351,7.222115701915348,6.991013276065109,23.50830977752345,1579.2157991768274,0.25958499331107776,0.3185724823703038,0.13830061237118402,0.15085156751935888,0.03569767400157837,0.018353618055128845,0.030208394156447976,0,1,0,0,0,0,1,1,0,0,0,0,0,0,2.230547785260913,0.40938343118448345,0.8,1.9279522265212337,-1.2689124749594658,1.952183003465446,0.2301502742070113,-2.3589488804838608,2.1370530307264497,-0.1732337281713528,-1.7563220055166875,3.1181721276487235,0.6650154715155044,-1.1518623387331497,0.8774368320344461,0.4449592410982246,-1.3475525590259008,-0.031215011925806713,-0.5339814827623903,-0.27300371317677113,0.20514765678709054,0.26111802863501565,0.2735833770418265,0.2762038175413837,2.2287977567740334,0.20308756545246234,1.4,-3.2997400382478173,0.08896049067261022,1.0751059280091104,-1.5385538793458033,0.543084965759571,2.02991430521014,-0.8432339145302853,-1.9752933013171965,-0.7443879899618931,-0.6309218837140319,-0.3808742280883449,0.8800129223011146,-2.2231792609177337,-1.607057429454387,2.097824930320462,-0.31263452558208793,0.0659278844634109,0.39391973922072204,0.36032657855060746,0.32716389999710005,0.3103302880370637,2.5511533895924265,1.3336163767609108,1.0,1.5337374072298808,-1.06036674703821,0.8986289436190334,-1.5411006565130452,1.6196703695605237,-0.08117719404336543,0.13948129433567674,1.2231980982070274,-0.2645800907467768,0.608697973891187,2.6212084519708743,-0.8385865222789117,-2.522299586260808,0.0974558113436777,2.3998831596412438,-0.9233210027811182,1.9736302213314991,1.41247777580207,1.2095013053201444,1.109626070172638,1.0670251242983688,2.183984661798114,3.07800010266114,0.3,5.015863650219784,-4.1807492634205685,-2.341921325581648,5.3806168488528465,-2.0440136114681553,-0.9672898082814532,2.4760071216980197,-2.7011393005358832,-1.6574124906952807,1.1284560755064712,0.055907503452213486,-1.4427633281657601,2.232344329039957,0.7971809109469494,-3.199004495834598,0.4639343062947098,0.3136541486246455,-0.025755751982644376,-0.07113532037348771,-0.0848488915751896,-0.0892884390975579,2.1492011290764963,1.739625118759823,0.2,-6.469012376453563,1.9295902365343447,6.192723462063371,-2.9809276354726237,-1.9531044558784842,4.517032754946143,-2.7696300181811773,-0.2184413002153845,3.703130711488412,-3.712866625216149,-0.09195010404170156,4.2399455118618254,0.1828842661396955,-1.2335472362113118,1.7617331144483117,0.7168395637664203,-0.3427113121510431,-0.0552522986435153,0.0313430283249051,0.06983878557992651,0.08537512426744147,2.346984913878088,0.12690751060742728,0.0,3.594278824379719,-1.8934839851035432,-0.26769356502303737,2.2154952498803087,-1.2465172196480516,-0.7865839318709769,2.1557730969231383,0.36174711664550185,-2.241454773139676,0.8956607565952891,1.9605751616487659,-1.3020237940218191,-0.969201514549135,1.1048207782411243,2.4534493844760106,-0.6076292491581299,-0.7840932142627185,-0.3566938120917711,-0.23264056775278075,-0.18066681728039216,-0.1601434036443684,0.21444366226665196,-0.3685556714792171,0.1,-884.0926954228854,168.28542233141982,26.890378739871664,-59.58702153398551,16.868438901635088,30.24803180583353,-1.7109548828871368,7.380306054515451,12.529414344369071,6.418097833393471,13.741208372985744,14.619708256471093,5.058142486015342,4.639620601662188,8.571717443837397,10.037560023219957,10.851950144741672,10.652335992215988,10.400388612094376,10.266390107097564,10.208224682754887,0.2959963053374965,-1.2371862417936024,0.0,957.9405618522246,-216.58487768972958,23.80391712556209,-52.90665394459745,-39.4897312500286,17.438350682016026,-15.106768838402786,-37.11606414450106,-15.366448558666546,-22.020425554606103,-31.8241140757277,-25.6210948847734,-17.336602316517382,-14.840664648365966,-21.365611152961325,-23.331652509035074,-19.777379800045377,-19.963671231183394,-20.13223550938215,-20.212945200953115,-20.24674794363318,0.5479605378897018,0.2709772273720655,0.3,-672.7815581658471,-235.06574571990745,24.83034666830925,63.61220064963648,-79.96503703476903,-11.818671602676634,25.056194013266715,-56.61355130046649,0.9497650011415991,0.7360444168009863,-36.382163987449466,-4.145696839765556,-9.890229780218524,-20.6430001891159,-8.710594728664919,-13.568823030954619,-13.990806327792644,-13.980843459844206,-14.08585863024297,-14.12738010722976,-14.14332561393296,4
2022-06-08 16:29:43.725446500,0.03340550324475839,0.038032984234719736,-0.012413823530509072,-0.02386734001652353,0.0032071566251010678,-0.009460913536122923,0,1,0,0,0,36.484,-29.102742777304147,32.22194899103722,-7.541120028461722,0.14349606248008245,-0.14694914516764454,0.007919846133557153,0.2031645440231389,-0.138335684741496,0.03851139619976368,0.032234805452552105,-0.03827157722128163,0.027103504865007982,-0.012697599098926222,0.020311727918068588,0.01341597486116262,0.006024668921767056,0.009499017023755194,44.646754687500106,-25.65516837927835,13.840436620257295,12.334102905836144,1372.5335381705204,0.15260689094119329,-0.23810014137602614,0.12267499995660648,-0.004010073744813514,0.013739448924206196,0.022294495455395462,-0.026128201303324126,0.2678569570794053,0.3040862641168855,0.21299415921956286,0.2260664101872616,0.3578960405662397,0.2529367379131424,84.61017262795296,7.151251718542836,7.566126247914525,23.44598295180912,1569.2629996705616,0.2602080298932434,0.3167912232416395,0.135730653150498,0.15108319584742394,0.03563109620829543,0.018177738927474284,0.030208072465154064,0,1,0,0,0,0,1,1,0,0,0,0,0,0,2.294008052608348,-0.8847362599094726,0.0,1.591371106057833,-1.3494810118920495,-1.4544108144902492,-1.5637263863366022,-2.903778683962853,-2.2233805871871053,-1.4648801160035143,-0.04737312489378029,0.9952194519832066,0.2616919905078312,0.387099193582778,1.3021732880475747,0.9567148199122456,1.0774487556726149,1.3244065637196465,0.025129955432227992,-0.31213153020214257,-0.033261845897523734,0.030512042943151064,0.04953699199302277,0.055539461857547136,2.5973787395649044,0.4738997303613421,1.1,-2.091720591964529,-1.7776941541385214,-1.3571734394693815,-0.9762951653244618,-0.6349762239100716,-0.7276315648635878,-0.1800530436616988,0.6954554920973075,0.8693436836563799,0.5944774897798075,1.0479150329540117,1.2811350620569977,0.9954973459256624,0.6654522196803783,-0.18634069098485764,-1.2009172947392046,-1.1009489838696545,-0.6639659490334214,-0.5299470968339383,-0.4729750324958609,-0.4499964344073332,2.184245587636096,2.8184464461804386,0.4,1.1395403659791918,0.115612485254157,-1.3195245431326483,0.18994232331386804,1.4424580532727496,1.0722183145955193,0.8113299734694851,0.3479808829420873,0.12301470158675246,0.8333839077289303,0.3079618241639062,-0.6903989641465933,0.8701644951432274,-0.6541327095873771,-2.7473769281735607,-2.685913222790841,-0.8721560579355071,-0.6155138569060472,-0.5681232530335103,-0.5405851288036522,-0.5278864255717315,2.1858711924314718,6.500313232079005,0.0,5.968439656875329,4.7426916003809785,2.796823138467164,0.5885460086756092,-1.2679844595912104,-2.444306247948926,-3.166511633551584,-2.7873959644306785,-2.098705023633152,-1.4866513168507958,-1.3348583314888047,-2.0233251822200558,-1.850564632164167,-0.7562087256751441,-0.05370470712876384,1.1420195993586544,1.0647931582503964,0.6154829023288615,0.4572462598840094,0.3852633118184221,0.3554906355759133,2.3661727407584148,-2.504091940805961,0.9,-5.144791278264486,-4.43299894555888,-3.8517227691595135,-3.909389528671261,-3.4569373433455404,-1.7074114990570524,0.7949911063445517,2.713485199839061,3.5371084262755312,3.6743513570276916,3.4913422296721603,2.021570250124022,0.8156021504659577,1.110970472904403,0.8456829528002964,0.08184648003929182,-0.4148112084600479,-0.2406371211823469,-0.17878183322712474,-0.15122616720399615,-0.13999544782621054,2.4583248927606838,2.5049061719722507,0.0,3.185075967506081,2.8466252521831805,1.7319579393509612,0.6828924389985056,-0.3221555923591697,-0.6649052490456199,-0.4565046131057536,-0.6656845438522393,-1.1961053503386474,-1.3907343000721712,-1.2109659170866385,-1.299001129297548,-1.1012797368727338,-0.7459153625956577,-1.1523064203315,-1.324317192565019,-1.2481270802599642,-0.9676619422698236,-0.8519739076643369,-0.7966592427384912,-0.7732132465709685,0.0391066645225951,-0.14451440887187808,0.7,-1125.3989352004558,-61.93359444087905,-15.738783674125786,13.182325926731608,16.647924872433418,16.242016561855365,18.28061713139465,18.535803869497446,15.622448001079366,11.384838729254934,8.103325272312865,7.8827512306755,8.621836544643719,5.256818692644284,6.361988251747827,4.551320565872171,4.642487522054601,4.821631386840224,4.802723989668792,4.777881492195731,4.764255523880336,0.14154416619162966,-0.4933803814175185,0.0,1305.91433916717,-140.90311040548656,-95.2605362418074,-58.36491029638812,-44.93720487004864,-32.61768941369711,-26.21499298572327,-19.23494215395679,-12.242690096874853,-11.837063439551521,-12.075640345923304,-12.411458822228054,-14.070510136704144,-14.51214400137787,-14.866126810984467,-13.823254428095453,-13.0036677482285,-12.81675604749885,-12.914286035466096,-12.984557425260489,-13.018557879815596,0.8300037373350282,0.4502923682950421,1.0,-327.63281380578974,-6.344741210623353,-30.07412807929507,-53.81350346593411,-64.21621326529093,-67.66830751135979,-68.71615847704041,-56.28373292553479,-32.03146016791123,-14.687311644377182,-2.276619557738446,-2.5921727576805096,-4.931470881321528,-5.548668580156999,-8.032286868554102,-13.414219406967854,-13.966502808049984,-13.327009636857774,-13.214130448924605,-13.171484629433069,-13.155068489701247,4
2022-06-08 16:29:46.475446500,0.15082749980809332,0.05079162641988482,0.05611973365884726,-0.14588448586004785,-0.0868774857577844,-0.08144958833604506,0,1,0,0,0,36.99,-26.279566996092672,34.01643030964961,-10.122340186610082,0.05544188534478029,-0.1561490876328719,0.03209190427774823,0.16764866481754062,-0.14789810378080953,0.04702419602307618,0.02811015132102569,-0.04947147063591743,0.027619274709746254,-0.012593184223496987,0.020203596156101282,0.013222305381437705,0.0067868278302768365,0.010036404880309041,45.484956770833435,-25.865015818564,14.359302419550586,11.3076555776332,1333.4776393084435,0.14528915260690958,-0.2272428420026727,0.1255564909125447,-0.010922607336945035,0.014801580069356515,0.022821474206077573,-0.02662116449948251,0.2686438172513729,0.304384784986657,0.21332119565915775,0.22629512565359705,0.358078678150674,0.2531556859741532,84.34395315906528,7.066640452698046,8.096324287270281,23.375153316816434,1561.892310967738,0.26057532619900864,0.31601896611882724,0.13388608286502274,0.1502014971972274,0.035492731657738336,0.01807667557694745,0.03018742201803833,0,1,0,0,0,0,1,1,0,0,0,0,0,0,2.100203069356893,-0.1663426767320582,0.0,1.6887758809492857,1.228966398250337,0.2361952761704008,-0.14273685406947248,-0.8758845556302423,-0.09206952759107576,0.06349438154438852,1.0886315738949628,0.16563844475793782,0.2870915905552313,-0.2770700859602476,0.3666415428836332,0.7406222403770899,0.6854041597375559,0.07638520141746677,-0.7158648013375698,-0.4886330108587975,-0.3001339744426584,-0.2218827025042745,-0.1857786358662744,-0.17091147884357275,2.2603374495307125,2.077881144307415,0.7,-0.03684276683010497,0.001166813171842973,-0.14269959067623844,0.18816292302747087,-0.3361787372458849,-0.02776049136458521,0.055766933310644314,0.5244434287425133,0.4681536642050845,0.08663098668679342,-0.17903217738963198,-0.12072065126630672,0.22152945253310474,0.09650521843273056,0.04040855882108321,-0.6832611278279698,-0.4831266713439526,-0.3239292879639037,-0.2556757879110841,-0.2247628133488652,-0.2121219794285151,2.2962143898954426,2.1050434517304497,0.2,0.14292630124410086,0.2672140660669932,0.4599699436977539,0.2568264591459631,0.4476397437100553,0.01567540759687946,0.14400568118023396,-0.5112471079656579,-0.017636935139777044,-0.797276449059607,-0.4829648880318019,-0.4797908679336243,-0.1037012851444985,-0.24700597855680176,0.2726850434330629,-0.3964851608447879,-0.1218424792056037,-0.04931521183930293,-0.061239219183831274,-0.07258611857384095,-0.07815942934741375,2.549959006606862,2.640442767062205,1.6,0.21312236471750512,-0.039848994763535005,0.14024983890014633,-0.18312641424116607,0.06816513883541381,-0.10543911857441897,0.09625160681907252,-0.19389692301731756,0.020969254071257014,-0.21465363022324507,-0.10374943814251668,-0.2815444895477809,-0.3435625708257505,-0.3151085545335246,-0.2822903386370185,0.2726475046891048,0.5965214311239458,0.4257305554744408,0.3592695941553249,0.3311032489653033,0.31993361173883683,1.995597122652406,1.1005523818585612,0.7,-0.05199688924726162,0.30339174914485606,-0.724246469571949,0.02583812064868796,-0.6386665745851738,0.4324362904874504,0.03763517350357015,0.4793269484035827,-0.17221451623835649,0.10791037850554894,-0.15266479546904646,0.030875226300126943,-0.18910584055064286,-0.19847019710780625,-0.3030544580486121,-0.10526251634516856,-0.10254249506801844,-0.08175721269727416,-0.0588478422452875,-0.04687114720749176,-0.04168929595920204,2.1669095339310824,1.1685638826987026,0.1,-0.13405982841544853,0.5913964491683985,-0.534897703477941,0.120188658174897,-0.3556822290751648,0.4945313221244475,0.03988373235463349,0.2055497366407953,-0.3784606461076184,-0.18620149796915694,-0.2808850266174279,0.037220306680445785,-0.20033357211877909,-0.08422757272495651,-0.30202219546870673,-0.020179599676166504,0.009830735759510632,0.02418026389881709,0.033459496385534894,0.03722242644913943,0.038570134564665896,0.005275419047060913,-0.005573834096964446,0.1,-1098.865523559249,22.858626430739328,8.891176130007453,-3.4071939284843324,-5.460039546926396,-4.284882654517092,-0.6275677679252567,2.738924826849974,-0.8303686967339914,-0.905064821433946,0.10006842556872897,-1.2057298773276806,1.4745722856391763,1.6187145244606356,0.21643207357606187,-0.5946900558566028,0.3102123738159541,0.5385355816364097,0.6244325463629039,0.6639957660946258,0.6805772677114978,0.0021439487420491198,0.008511396809432128,0.0,1408.8173239068826,15.993672296695962,8.492209922289959,-3.703724890379533,-4.102041836981599,-4.816910107894273,1.5057506959950189,0.8631186520582403,2.4550266380070624,-0.1714534427860599,0.032940049178058935,0.3478379080471754,0.4663040843063726,1.3133472007225355,-0.19387445890107813,0.2364048273928958,0.7373889729145517,0.8997627524410845,0.9189116189722312,0.9234316281409356,0.9247014696939644,0.022022614101688983,-0.04529973015287828,0.4,-331.4125587425062,-14.368246758961313,-3.9888752757789305,-2.2613099647216366,4.6882657455723935,1.0536974825298593,2.8865256443339327,-1.352630637945779,2.6042684142409693,3.1261947972013244,3.922384786928543,0.8640112404870379,1.3389825906219943,-0.2949624780119011,1.0002146068200926,0.6145999557145796,0.059475064797810624,0.11959867803810464,0.17713711123210452,0.19662988908696555,0.20287607446981595,4
2022-06-08 16:29:49.225446500,0.03410110873069412,0.07638507024660605,0.09854451909042264,0.00786609184328502,-0.06939386022619685,0.02793161262302132,0,1,0,0,0,36.99,-26.22846697264818,34.827928343437726,-7.944423406429049,0.12239119059784626,-0.16387187731056307,0.011567885087363214,0.17138663271993315,-0.1436762247043024,0.025106768795235324,0.0266233884978307,-0.033909334621532616,0.02662310625890465,-0.012772471182338449,0.021237033663440128,0.01335040870447624,0.006047375076425252,0.010352624599217736,46.32797395833345,-26.063270136513328,14.920831966714266,10.333069108216568,1285.8953689072662,0.13616664174167845,-0.21605283060192126,0.12906359930511155,-0.017096672232203267,0.015777497739393426,0.023237472693335943,-0.026954446346541986,0.2691210188835246,0.30454578938783244,0.2142915474985808,0.2269221402088471,0.35842467782232595,0.2533146214624377,84.0679985699513,6.966877558591603,8.647111568179614,23.212801868782073,1553.2079659340336,0.2613596760103613,0.3143181619850121,0.13152124645120486,0.14883956972126428,0.03530646610326694,0.01789339971006752,0.030159878366285663,0,1,0,0,0,0,1,1,0,0,0,0,0,0,2.1804746354753344,-0.5615366421847848,1.4,-0.10868099795643556,-0.10259165866610193,0.6778190606514591,0.5674120910640826,-0.7071632637816739,0.14459610408986762,-0.13725702479734142,0.7703254022849951,-0.9164316288864306,-0.13351415302154426,0.4987452320677688,-0.3576090389264345,0.06644404634189671,-0.34124668695937643,1.0969291584911542,-0.5383677096908368,-0.09555093800691997,-0.05179994557587364,-0.02569847322519711,-0.011678374062094113,-0.005563057928419542,2.1923318478466056,-2.390980924666296,1.4,0.0180575586649429,0.1065444299446103,0.4787853478458341,0.14509531576336582,-0.6844049615147051,0.6088401716740666,0.24680665918073946,-0.05374484894237454,-0.3944885438836401,0.018589055527076168,0.5624413290294248,-0.4192391984496269,-0.4531148321633671,-0.2585987683070292,0.9565709275416387,-0.3326740230367523,-0.0617433524059613,-0.06983898136447532,-0.06571221604918905,-0.06378034708730583,-0.06302530518420273,2.20178182712114,2.5967316126851285,1.1,0.39638980246987293,0.016993852947748668,-0.5510183240492365,-0.17570198892995034,0.4325285105448281,-0.03296663545822241,-0.13612808187770953,0.10955256362857316,0.5005657353016855,0.10961614131205684,0.007904108607842075,0.7984087629017148,-0.6009724807568378,-0.7056159485202275,0.042044784406178835,0.02011152943001272,-0.16361012634700384,-0.20926562277430424,-0.20487357659906374,-0.20268209579612548,-0.2017216292967917,2.224974549768625,1.261896934898581,0.9,0.06562582164534436,0.21368666948045567,-0.07825967553501438,-0.2647372520130334,-0.02433397530755022,0.20951954473122555,0.06827231026948223,-0.45462689815011503,0.11295095306230628,0.6298920739728004,-0.19239131183779093,-0.5959095654144065,0.19770536182182752,0.5897877508684882,-0.4955963012375057,-0.3207601504473285,0.17294631585114162,0.08185897785919849,0.05880667674309339,0.04848446559599043,0.044254679308589034,1.4628599623117335,3.7637851287913198,0.2,-0.2116148366486028,-0.3451307310483261,1.2626566351481348,-0.01966501179271532,-1.1149520966084032,-0.21207023643744935,0.07392558591785826,0.39778903173533947,-0.4708609117582294,-0.026660189200405512,0.09800471956931647,0.16215248902521195,0.15987584868524068,0.16899967493729862,-0.03845969967880762,-0.03399344082414235,0.15724631813676232,0.06952491814466216,0.05015882022723404,0.04226829468393796,0.03905502689846526,1.8352872876428428,-5.609346044240113,0.2,-0.04618258251691626,-0.30048625459063755,0.5748729442448077,-0.19878821313602504,-0.052001377540832006,0.21138365910916174,-0.05682188114013746,0.06600279810781086,-0.304221284802642,0.46670507181723103,-0.10222205977859684,-0.08903039202721619,0.03471694854073787,0.08804925733354914,-0.06389633823425239,-0.17265553376587225,0.009525639649712966,-0.014204486200087891,-0.010377760420770904,-0.007624421469799309,-0.006317994952751248,0.007260880734588631,-0.003658354190338624,0.1,-1116.1959085479677,28.677123497809703,-0.6644907593071565,0.7273526255816023,-8.136451562013804,8.104616931998192,2.5729924531494177,0.6255480908830506,-5.141804051999216,1.845485037794834,1.9458737490158493,-3.7130825887057375,-1.433376253785525,0.5950368947428153,1.3676015144580589,-0.984587648646766,0.3707613608260374,0.3620479324358108,0.36971380915381497,0.376176730438873,0.3792631331929339,0.005819554550927393,0.00784821478660264,0.0,1398.3318903792212,33.192112452480266,-4.384546492144864,-5.610915006916101,-5.315308848424962,8.261009956252677,-0.42805953004139496,-1.9206419761680136,-1.2293065213529673,2.2653872881725903,1.6096185043025883,-1.5202005083805048,0.02553203148899641,0.08552666858854607,1.8468757632664252,0.07139855426196108,0.9385451292046412,0.7001152148890704,0.6417861761968666,0.6151453133389637,0.6040204219373058,0.034530313070776066,0.017532039709006873,0.4,-316.57446334312,5.550304716852452,-8.004679655792067,-14.215303362214275,7.615611421290076,1.6258492223376957,-3.8228736926735714,-2.30215673173145,5.412780311892881,1.4213846221027708,-3.0410465480804483,0.4635173796624965,1.2901546123662848,0.7795340464367769,-1.7520298066216986,0.8161163134637182,-0.3771419691978304,-0.5599652860927042,-0.5676575523919141,-0.5685316743124424,-0.5684524402526365,4
2022-06-08 16:29:51.975446500,-0.034770741328441435,-0.17962259222209548,-1.0360809322878175,0.7236865821737899,-0.3389891577728329,-0.07482705434444242,0,1,0,0,0,35.033,-24.87751720522497,32.662148447836486,-14.391317000988305,0.035044917381616324,-0.14226002362874954,0.07502035817655557,0.1647722531797827,-0.1717790939226138,-0.017014989639834947,0.047007569939399856,-0.021828546384008538,0.027821206780397092,-0.014950576354457555,0.020018636147698957,0.016420575402233958,0.00516668212104581,0.0109505088390828,47.120929166666784,-26.242889844927173,15.438113582970773,9.223538734691358,1282.5233216824154,0.13512061089755995,-0.20798529471204974,0.12837870650843278,-0.02705330705787325,0.0165271453382924,0.023687205148690483,-0.027628546551249262,0.27111228490205497,0.3052085963419752,0.2220406190432445,0.23005754185691366,0.3596051599084201,0.2537435805397543,83.78962393690838,6.854713306715635,9.054864071377164,23.115109803832645,1555.7755053702756,0.2624010303422971,0.3166085911375529,0.13124036412627915,0.14351753230852884,0.03515126862631817,0.017968983119512227,0.03004299892557373,0,1,0,0,0,0,1,1,0,0,0,0,0,0,1.9446135493671808,1.2037526728109391,1.4,0.2674465374125222,0.7041945311884391,-0.4902157388251294,0.6528940288728575,-0.38839986276627697,0.3259706224464921,0.2357792318753997,-0.6411217355763857,-1.787492118478854,0.20511420820662346,-0.0024031447939302786,-1.7542180008107364,-1.3156022026242211,0.441829888735176,0.8391076064327536,-0.18966440942898374,0.1011296434715254,-0.013174430187471858,-0.037670351801520674,-0.04806664522352888,-0.05229957029292785,2.168722115229255,0.5796141105484817,0.3,-1.0328990970393708,-0.5643264872675877,-0.42927862155454666,0.3309313688230845,-1.0041991461352326,-0.7149349188587847,0.1867261207757757,0.2829531806678573,-0.6087575823160901,-0.1016650135918053,0.2247875462242805,0.21416748383677095,-0.01078307398105581,0.012564855299109154,-0.6218617312215983,-0.5421073469136614,-0.06099418585286202,-0.04555842775724939,-0.03749124453308275,-0.033224342296859964,-0.031318231857144045,2.645201076517898,-3.204317880557145,1.1,-0.1698550999065747,-1.0186240702731602,0.06325230765519385,-0.9529337441606208,-0.8375087634181616,-1.6643232383126771,-1.3712740903526313,-0.4776827595302288,-0.9851463199793536,-1.2653717491533445,-0.5649400789923582,1.7348824562318492,-0.6641793984597222,1.0322063332925384,0.11394404984054507,1.5251474844348232,0.8238734810688653,0.7419467258408365,0.6955307859719058,0.6698219537562098,0.6582516505384302,2.479990874825565,-2.272022815697163,0.0,1.4945355148937374,1.2266184082520717,0.8254164307476197,0.9402772029823874,0.9680744711365984,0.5570434687893521,0.04534221990490805,-0.13728997795262174,0.5707220272669493,-0.7081889131506778,0.11395344045963555,-0.9041855848890804,0.5016280919656827,-0.9601888310188668,0.011884297052024151,-0.8863721517938454,-0.3717988716091673,-0.33167174387998666,-0.30662840233984623,-0.2935908766732716,-0.2877992889370399,1.5988038639056803,-4.772654485820921,1.2,-0.2795895592858563,-0.38422057532999054,-1.9734752371208384,0.3321319091885497,-0.6673051295299854,-0.13767832706197236,-0.5741149378706645,0.23707851437920685,0.42476581189842455,0.5084141442331289,0.0903407109539326,0.4171751156258362,0.7986291999111007,0.2947478771157063,0.3031609810164629,-0.055604635178773926,0.09843862003421402,0.02673824724042663,0.014203125348058038,0.008686927507435036,0.006393459527227304,2.0322576508261325,0.8381125847354521,1.4,0.5515023163250232,0.10743572891383384,0.07043434314204801,0.03195360459512617,0.17645930708108687,-0.8511452126068901,-0.09218192222837376,-0.4502619951822683,-0.38288613838091656,-0.7808103772970721,0.3017125413676244,-0.4429900462161796,-0.058121264183261134,-0.07361354474637374,0.5611634707448859,-0.11001833500855453,0.04991905631547798,0.045607007279305216,0.04539337556883626,0.04556548746926379,0.04570463247651002,0.00349903170463285,0.0376739944212704,0.3,-1113.0520418387366,-12.080154673749051,2.2093466234310317,7.3033588068085455,-6.040593654903703,1.3307778572049926,1.3032030822698957,-2.0330610432881078,-7.49599659315113,-2.4148455459001816,-1.1212229184467295,-6.6684511875365535,-2.8567140854180084,-2.6613943706546412,-0.5864716273685069,-2.8361862843179715,-1.3562706070858574,-1.5588142894189545,-1.5943642394253068,-1.6082530373102912,-1.6135393218779424,0.004278159939808904,0.004521815344181229,0.0,1378.2078434635746,-27.303786305623078,5.940710017492705,7.57641236371083,-2.0992336274650256,-3.059769654514085,1.3669854553930776,-0.6691151934983566,-1.3804585675085477,-1.613356209136512,0.3748325489926074,-1.3978911540792076,1.9861168173972104,0.1447556396081886,-0.1351454763083879,-0.4639702112527005,1.0707056054516428,0.9933604556375748,1.03974798348397,1.071294615169439,1.0865738170140709,0.08612615591536958,-0.2633160780059668,0.4,-362.73202394235426,-30.334408052050453,10.175889391576376,1.3507430438499632,12.526705094816627,-7.461658288020914,2.0318051737562897,4.708866483430193,10.76594405046027,-2.352936478803964,2.763600082292797,7.059375605353361,4.905506929381938,1.8841961066542297,2.7235760680844487,6.188883697657862,4.176423952240167,4.333249300904036,4.369154475384592,4.390392540255943,4.4004705641370885,4
2022-06-08 16:29:54.725446500,-0.003068339753297118,0.02342686925096536,-0.0119563865495464,0.030943203604972925,0.01802432612661399,-0.01790561978568493,0,1,0,0,0,27.0,-27.166058787297665,26.03364155022735,-18.294195726718165,0.15096270687626825,-0.09965620848310254,0.11687198072760092,0.1918813359796533,-0.1585634793501979,0.03245407964248126,0.03448478526063875,-0.06528687584659809,0.028218389255202207,-0.016416525531930428,0.01821291185805289,0.016698894807643302,0.00548684111882387,0.010139258630074057,47.743270312500115,-26.451813312288127,15.792444022801476,7.977969930490079,1271.9272390175188,0.1339359645271919,-0.19774064216157056,0.12885766331607099,-0.03641940141170175,0.0176726219376559,0.02422426830404585,-0.02897225725823972,0.2715206890865597,0.3054115747035956,0.2254889730498152,0.230544712171538,0.35971088009698515,0.2541392445641753,83.5374304927698,6.736138563192955,9.17060525412182,23.099308113568092,1562.7832516997553,0.2633345969490703,0.3196724662808114,0.13141975613882725,0.1384182852724195,0.03496926858723837,0.017974065654171617,0.030429672121573333,0,1,0,0,0,0,1,1,0,0,0,0,0,0,2.2141135142871544,1.4930643599292333,1.2,0.4274653378992752,-0.01832085408279327,0.6702195264841584,0.033338503110654005,-0.4189425892296405,-0.7212282689986016,0.7151804976255554,-0.2506451368412797,-0.8170072820492329,-0.573234210068055,0.15819977288884196,-0.9599517910321128,1.057734531639368,-0.4793332166199178,-1.7096016000208267,-0.25046178972998845,-0.20075532751980096,-0.2419564116693784,-0.23920234349967034,-0.23666580027982465,-0.2353203054934553,2.128617481772366,0.960907720039316,0.2,-1.599123739999153,0.4173954344016546,0.6048027945329528,0.3215919714270033,-0.7863652110058074,0.3712873757026472,-0.7450455209197586,-0.03070032588022625,-0.6375648306730091,0.19986146753868397,-0.8171886277946558,0.2860147302460131,-0.2373620143917876,-0.04426720734132192,-0.8674284806161973,-0.6450181867517465,-0.08002178393142301,-0.08180368022876998,-0.08455637903522421,-0.08442023322393878,-0.0841462626796993,2.237702592612288,-2.5040696068031276,0.9,-0.9219570170366234,0.35916895004510696,1.0204651258125814,0.11683927362329102,-1.761914556969869,1.1742808333806876,0.8812507063420773,-1.3537299927747424,-0.6075677665815573,2.6380400075902184,-1.4930578804493841,0.20130471992795995,0.4583950985150366,-0.7203346215743578,-1.843340036064404,0.6939714657527774,0.14819939344849709,0.2332061355231129,0.22427762603272836,0.21697195332182376,0.21350046299918174,2.2883107404672507,0.1887169506797502,0.0,1.6745231079608038,-0.9192707126684538,-0.8708817257783354,1.0587166019676442,0.6923136758036644,-1.6843812880333584,0.3109540602036714,0.8852825139929601,0.11424625166236275,-0.022160656785130798,0.6225775407976806,-0.42487697581535855,-0.4899755831900461,0.6039654678529139,1.0066372879345515,-0.5591941814029474,-0.2279751215797859,-0.11270409398009815,-0.08969275234006648,-0.07962661157410028,-0.07556617346509545,1.487814499274827,0.12177149002050396,0.2,-0.1724169754787378,0.05789822005896499,1.6596038527804124,-0.10250391035741813,0.17317220007302628,0.09464047102551698,-0.07276404028794647,-0.4372356284274864,1.4118191401970006,-0.5315734954903222,-0.4178548411652878,0.3809475618666222,0.2663510952266889,-0.5359201367544983,0.1601613796730837,0.01607078698621037,-0.07336476054095513,-0.042656040975355324,-0.036990347286070216,-0.034038183268443135,-0.032706185731035016,2.031062594660109,0.3188985518027148,0.3,0.2200724537489508,0.2534689118811513,0.3950511914445737,0.7707038727707413,-0.26978983396985456,0.162539611915266,0.5532427049611839,-0.17625022308562815,-0.11430260542665922,0.743514028355705,-0.04236034720266748,-0.5074734091942856,0.1533225959417989,0.15705418617946856,0.03780257879813596,-0.17813753209509398,-0.03541650827877693,0.0024486312473367268,0.009910896146286643,0.013625671578129649,0.0152221425106511,0.003210097122724841,0.03491458278020795,0.3,-1087.6046771352921,-11.519819782124017,-1.7355497866796412,2.5212968758291225,-3.340208202244185,-10.40380720314235,-3.1693658267070437,0.6620191548656464,-3.83266069534438,-2.858574968756709,-2.2178105720145997,-4.242329626523514,1.3613204545944235,-0.08771990702881638,-3.2970015361040486,-2.6973101355084026,-1.2852734760084878,-1.2915844373512044,-1.2638194134499976,-1.2472531958652855,-1.2396241392940812,0.014810932844673831,0.03739037141726904,0.0,1313.9139836920472,-49.78925819778007,1.861695078064329,21.547524693318266,-2.0241391826389052,-7.977175604312122,4.316784351981312,5.630743229599973,-0.8281334690863815,2.413769821462864,2.295548505112265,0.08995519626554227,1.6479090150763085,4.275578501851221,3.0252739806722246,1.9010418200178665,2.9014678940400174,3.011193218794016,3.037188686486317,3.0507924676821307,3.0568052750554724,0.09138045243549103,-0.3204534277982656,0.3,-485.1135907212678,-40.31996122508133,-3.0787678609705718,26.81646770962153,8.855302688308546,5.201033213262328,7.397167867584411,7.278983806530441,4.394134500624759,10.981068005914373,7.0947373286200035,7.349151446971237,-0.005317681453011147,6.014508453742925,5.784505289424577,7.938793659499616,5.528115570568287,5.710577063891439,5.715559150651598,5.713361219374863,5.711821735017713,4
2022-06-08 16:29:57.475446500,-0.01783072983755571,-0.04151821177224065,-0.10396190863118827,-0.08331845046680353,-0.03635845022870405,0.015395637450451591,0,1,0,0,0,27.50650000000001,-27.683238023987137,25.987626925999365,-17.473923462898018,0.1255487441076776,-0.0999512648935798,0.1088886422464865,0.1968979278396956,-0.15438699095557526,0.03768725837635081,0.03580054823598302,-0.07306227392436783,0.02955547261303578,-0.016884920859565458,0.01744437408938898,0.01633671136559386,0.0052614752262048715,0.010085339849838924,48.36993541666678,-26.66627697878266,16.137170999919988,6.732255230515577,1269.850382293442,0.1342857007815234,-0.18833203030343346,0.12863619806921406,-0.04638132656975664,0.018787775786648742,0.02477470695710209,-0.030428691997814436,0.2716326894870697,0.30546410376215555,0.2270059899239075,0.2306691497626961,0.3597594552280206,0.25415903765625464,83.278596700535,6.6099032141050085,9.258963172042426,23.015308486145702,1579.9188911578,0.2660966415459637,0.3215062625677792,0.13298112977360313,0.13587559058713186,0.034710149166869694,0.01795790069694082,0.030962892838818836,0,1,0,0,0,0,1,1,0,0,0,0,0,0,2.361868641330239,0.831213656530341,1.2,0.915623307360322,-0.4850015531550158,-0.6579671806082804,-0.42967585717585627,-0.4443074363111421,0.1046451960389196,-1.3200965743800657,0.5664751053833262,0.2998436593222207,-0.5635708029652028,-1.1623698994168592,-0.5691505785615358,0.9709402501716906,-0.2175296125934737,-0.7121363660429334,0.40129829995393057,-0.1000168234442194,-0.06015373513345475,-0.06565680100508009,-0.06835450693034653,-0.06953019811211901,1.818060064053487,-0.8047949050917221,0.1,-1.6111610293337346,1.0051041709184234,-0.2744638949304756,0.12131367006539236,-0.6518402674736379,-0.2531998984634261,0.6444781321033278,-0.2282845701396796,-0.10014711695802772,-0.4766052812225601,0.16425984456639753,0.13628662263522834,-0.3216858067594782,-0.036973811753033686,0.8651669447256825,-0.2932082270310162,0.18118422342060053,0.0776083383738021,0.05349792932835008,0.04253530660754673,0.03798550814062298,2.399931563311932,1.4182576091093406,1.0,-1.4896254021626985,1.4596061103111928,-1.0726063573271016,1.954091670674833,-1.6819175889158473,0.8412842256860671,0.31684050096609284,-1.0240859782798026,1.2898387415377486,-1.9466115063224867,2.60179962876354,-0.966259461793682,1.4112361112424876,0.9008769008780236,-0.3569727784138049,-0.14276671056186396,0.10761243731651304,0.14836608216775193,0.1423081755953987,0.13894304947155686,0.13736880692030667,2.2047455905514006,-3.3175391069516746,0.0,1.6371499148866617,-1.2604147559442922,0.5665123831894818,-0.5723188327186106,-0.08034379666501433,0.9017919417934368,-1.0162637030683757,0.7601691594598605,-1.0386476158145133,0.5143690004461894,-0.4438916128413528,0.3782883771549213,-0.4849290495263443,-0.004667596683323561,0.3158157125687201,-0.3007449844411333,-0.01373020324536195,0.05065144411846928,0.06505943495213509,0.06961971232121954,0.07113840766723943,2.2398778719696777,1.0421248931819067,0.1,-0.1110018409257338,0.6641980297722101,-0.6614736907236469,-0.3114995075397841,0.40371619557408345,-0.4655812743729881,0.5592172516517638,-1.1575846385548203,0.6012874347773477,-0.14646584780734356,0.15575813415114975,0.2839019004535833,-0.971832532858332,0.5063661196670036,-0.2879216310209813,0.17146489181701952,-0.13054541562651348,-0.06777037801957247,-0.05817820234846185,-0.053959103986285804,-0.052222224948336685,2.1368862514739098,1.1164431092543696,0.3,-0.2460985504528309,0.034281834397011816,-0.2878725730119829,0.7350953974178684,-0.8052907555248725,0.6770303890527918,-0.5299194669616362,0.2825063505810868,0.2481128916645695,-0.20659081010923086,0.21547306860839774,-0.2052643568836348,0.30794028141845503,0.0302782552440701,-0.30808243416350745,-0.1702343841979163,-0.038245541350973015,-0.019506445115342597,-0.009080994852491213,-0.004653746566848943,-0.002914177032714221,0.0009643208054046084,-0.011056013874580172,1.2,-1093.467253261282,-7.280161853506968,-2.423494787279381,0.014770084061140663,-0.11252847911489994,2.3875170554625957,-1.3587049221044012,3.392302136823368,0.5020866315542065,0.06548386447704146,-1.4524960892639032,-0.4955972024245021,3.416726791758702,0.8208359892897619,1.1952690380406743,-0.06145461174510203,0.5049991746209841,0.6174630674513999,0.61776319103679,0.6142046850439264,0.612073804701744,0.010192750064787294,0.0786142807349979,0.0,1222.9525072134372,27.50888310848893,-0.7526217790741471,12.296409293326334,-4.41380339083787,15.220289532372293,-0.4641304561746793,9.049681316896807,0.5370634413730642,6.7067474339395154,6.187110683232369,3.0997029316843303,4.97321817975185,4.738324999552468,7.070146864494699,4.366746452783332,4.671875429782247,4.7756765224519775,4.768805197609751,4.7606808028840755,4.756244069988937,0.08712195007155173,-0.3277196563997462,0.1,-591.1819894960353,60.08974453326202,11.028194362027776,11.83984966004521,-2.203533638661113,18.09137768816128,5.142986009622135,6.209341427091785,-1.646087216826384,6.804643376397884,9.794939182981985,7.648733473417554,2.294053273117358,5.850186689124509,5.8206090268791675,7.5741848296091785,5.949573063728932,5.9237823933392155,5.908872506426383,5.898998067618409,5.894214255854098,4
2022-06-08 16:30:00.225446500,0.06539136591168546,0.028803634136158936,0.2657712435425607,-0.06510924765585578,-0.05307581182680279,0.06417161676691856,0,1,0,0,0,27.0,-28.153010999387842,25.112683121460808,-17.768516125711372,0.12899845217379885,-0.0941031081732078,0.11238020059927532,0.20350414616979454,-0.15339907850145065,0.030854775760165407,0.03532717814165444,-0.07309339383314017,0.030224702458400532,-0.016616658436636112,0.018743782156783347,0.01667419533455106,0.00502236096230736,0.010203033707062277,48.99501875000009,-26.896710145451426,16.48093223986466,5.5088201447333205,1244.6743514223494,0.13063385817549653,-0.1768442138782576,0.13069639759652887,-0.05457151022812961,0.019856007909901986,0.025376242281104654,-0.031702447269932856,0.27166053763277664,0.3055363639971075,0.2284501995034099,0.2308522784642308,0.3597997650490162,0.2541844813168655,83.01470099397322,6.476921818406714,9.332195894803316,22.839620739015928,1590.8453416153416,0.26812158051054785,0.32283054914094783,0.1333661699579934,0.13139066559871446,0.03439490772219514,0.01788346988311018,0.031257256212423194,0,1,0,0,0,0,1,1,0,0,0,0,0,0,2.216412518388975,1.0479463883230138,0.0,1.3243610008897366,-0.11575815348613284,0.2663797684548206,-0.42778297275936894,-0.41978505422022855,0.2549234307427501,0.7977424475274233,0.5008189109681761,0.2034047387890148,0.15688731359254796,-0.2179689412008988,-0.4026242375045308,-0.8485512111530894,0.4653330737464497,1.3016225610210144,0.9882109657477716,0.17964078512350684,0.21066529574398046,0.21244152274029465,0.2103036762469339,0.20877278747151146,2.078102859951871,1.0067483300227251,0.8,-1.178672066188864,-0.27279207970393105,0.33003915780719306,0.3315956739003276,0.021842498617917545,-0.19357184256353796,-0.483858629979427,-0.2596704190659201,0.4613209419172587,0.0743493221450342,0.1474361658418547,0.038826363524261664,0.34804276957951885,-0.2646528100407505,0.05240491044476922,-0.5938816015869945,-0.250506613876854,-0.255355033053423,-0.23082424189021214,-0.21670277806532,-0.21041434565245215,2.3013700116570743,3.8957454486295404,0.8,-0.8748247201690872,0.19379778104765816,1.4416406837438354,1.4647155162167214,-0.7312705816948781,-1.584229951312994,-1.254218436952062,0.006213248050830178,2.8994073967906617,1.6495526559094411,-0.2754906320450731,-2.072476059251879,0.35800613994328,-0.7260712586394757,1.574461561726331,-1.4712191087576665,-0.2123462342450632,-0.2927627598783217,-0.2701020239965783,-0.2566160430843384,-0.25042586489468155,2.3873981856424864,3.9482052846466935,0.0,1.4241843861838903,0.9116751475018432,-0.6282391255829088,-1.6311834121793822,-0.7924281615723886,0.6181555474745926,1.0269774424008165,0.3643012383670019,-0.7454438262829841,-0.5855265487976042,-0.8344016473446519,0.5524613160436393,0.6651389285765581,0.2934610647940185,-0.6421498022042907,-0.3137652708563363,0.023538159980049045,0.0020088455755539886,-0.0008364844524199612,-0.0017725194086821094,-0.002147751146760652,2.4312686991512624,0.5369330710358206,0.9,-0.7940918900130289,-0.457543283797246,0.16419370832394592,0.4411011740071203,0.4839447270675867,0.09030025765268436,-0.7255100762878329,-0.8397001629864892,-0.4490609771895995,0.7898761527165786,0.3697165085280199,0.3684996921385758,-0.4784655002725806,-0.3607585405131751,-0.030444250970711736,0.35742169618655256,-0.07740737908315681,-0.08657185845288409,-0.0782803413340618,-0.07361731947283265,-0.07157547387436737,2.056972896457789,2.9857225816054207,0.8,-0.07624255749683337,0.19672512058393107,0.4049307012265447,0.06987086261215696,-0.674151384625354,-0.6151856563362971,0.19102120885214116,0.5489460273488095,0.7125027471205592,-0.08369516086729427,-0.25261952955777833,-0.2632782332907291,-0.16902726187779854,0.005160710102894192,0.16518290642478056,-0.16756458488512654,-0.07168293224034758,-0.03551110425326931,-0.020661804358029254,-0.01494921672727725,-0.012818966971947229,0.0016902986701006028,-0.028368818798928518,0.1,-1110.71821931797,5.991334517485655,4.950396218339236,-5.0722164926989715,-3.11319721415515,2.544170537127826,3.7696996258973527,3.891820923758715,2.6518421599480457,-0.6580054353960989,-0.6177116175300519,0.9648163904093714,1.194950227915541,1.0713141514214684,3.6295105357506223,1.303759738365656,1.5054961669053313,1.5635115639755457,1.536087623733028,1.5185500467249542,1.5104754227580308,0.017668469329545453,0.06769214461996051,0.0,1122.4823991032415,45.819822837104226,13.95384173588748,-7.173559068807662,-5.0469975096124235,2.309490821226987,8.020241986435195,7.694621035526588,4.908899366276182,1.7447379022771123,2.490918348271684,4.272844136336971,7.751207606268675,4.159520826101765,3.5598682274984594,3.1328037496954053,3.41080832842394,3.5294654299650037,3.604189462457601,3.638243689841113,3.652139955861536,0.026741027255518614,-0.07882579302374633,0.1,-697.7128592174042,39.89025181513578,8.695127558504765,-1.5558290348894983,-1.2470066523492136,-2.5746460348406472,4.0088134496500265,4.635025917224638,1.4726353414663116,1.6552425956496926,0.0517542938600748,4.2018850813624695,6.7110662621121495,1.7074400034331525,1.0701327219865109,2.260697489990364,1.812486062446041,1.8159796424250128,1.8985647698188028,1.944765169861018,1.9651026757448595,4
2022-06-08 16:30:02.975446500,-0.303567613015227,0.01822421244591416,-0.10774950470551004,-0.03986297626967543,0.4565916885633554,-0.9297862502793924,0,1,0,0,0,60.4805,-26.61370261572105,17.079510621367778,-26.63648343659618,0.15016669851760636,-0.03304731268191733,0.22003056122763467,0.19359088468064808,-0.1425427410774922,0.1272875055894215,-0.003820102933316626,-0.06356184554076166,0.02926291506711705,-0.019502145136552133,0.017658193605194116,0.010491768236461372,0.012424066779743859,0.0021638994942048016,49.69709583333343,-27.12363328575067,16.798765167288128,4.256214622466019,1211.6521089629207,0.12578928481806692,-0.16423308034366182,0.13330160421537468,-0.062031289759740364,0.02229506393544557,0.025701654661425787,-0.03308318873757453,0.2731610499373284,0.30743641966457963,0.2325044479663401,0.2445669043723363,0.3725361107336723,0.2731995630690818,82.73850457918806,6.334195159336299,9.375574911571366,22.62857637424669,1601.3064689602813,0.2701824655654458,0.32354317118330583,0.13348858477084485,0.12718429122254765,0.03796615169925704,0.01808387357458912,0.03171688658512201,0,1,0,0,0,0,1,1,0,0,0,0,0,0,2.5844595848276524,-1.907155451513053,1.0,0.4939019802644033,-0.6392996205409411,-0.6768758971568574,-0.09822997899565684,-0.13885680033634273,-0.4570717537068749,-0.5460587064797188,-0.4746369956185293,-0.19420280477476107,0.19774701385712712,1.065952849569883,0.3257236459604461,0.5096527902971342,0.8263317226448058,0.5587280002110018,0.3878427232250688,-0.44388333277594544,-0.3168709230043033,-0.2630551235405921,-0.2409078446359717,-0.2321857821143396,2.139227698114459,0.5621277641351915,0.6,-1.5623327996013368,-1.5554931316779548,-0.711468173941105,-0.2738941992940527,0.3577000899174616,0.7387831336343641,1.037292421394694,0.5923451053749329,0.6173254401159908,0.008533354219189576,-0.4726463615734596,-0.5463784646355747,-0.4769827404780002,0.1876586803280666,-0.14446163611993024,-0.2045147161988589,-0.41664638467407294,-0.21849703319686808,-0.13921847525216335,-0.1019481412373894,-0.08626766952999254,2.025720753654241,0.8274926723752444,1.4,-0.2082433577943892,-0.6526343351805043,0.10126897926251414,0.23278063905384486,0.10192712715137214,0.05524334937766296,0.7088281604898721,-0.8204545078766858,-0.462495703492599,-2.3461456814511226,-1.433829464337519,-1.2427671670650149,-0.4472038469243392,1.14342749203586,1.9191197426829825,-1.434904670343379,0.02397124860302774,-0.026903381050385863,-0.030840634471169807,-0.03173061904960535,-0.03197069275054856,2.112740879615996,-24.331876578153373,0.6,-2.8864451183335573,-2.6361233704024065,-1.601889370668086,-0.5053540501003072,0.7060780373910036,1.2987947600842369,2.2037491517616328,2.121903747540867,1.7116682944543142,0.8043343849482221,0.2897706058930715,-0.4984089007863036,-0.06258047957702542,-0.8989136644808997,-0.41028971100304734,-0.2508990953173731,0.11733210057303388,0.08167298645108195,0.08708950812201871,0.09151185967672046,0.09362313269188308,2.2224361013158034,-2.4221604951556093,0.0,3.4290803374891565,3.420966959378191,2.5257875524202458,1.459380577240971,0.28344857453170275,-1.0695566952872728,-1.7467132606417504,-2.101276858237969,-2.342958263979688,-1.9660902405259777,-1.2771262724598975,-0.3921322152175986,0.3857184833699252,0.4301628764153749,0.8582659656366939,0.8644048513506453,-0.02958360180151398,-0.14320266630338527,-0.17722580279794042,-0.1953125492623772,-0.20338525248541295,2.126168144134046,-4.111457437807592,0.8,-3.8398619048344558,-3.5496323590840113,-2.9073071660799963,-2.0158394777873507,-0.8970127863866295,0.15207977215869964,0.9157832069153564,1.544014008513798,1.8884083844503528,1.8261227484576499,1.5906747351798822,1.2075009433759047,0.7613787555424766,0.5501386067049336,0.400412507361878,-0.3613717304057317,-0.1047522626989002,0.10158017126965167,0.17693256136574612,0.21317563283054608,0.22850635174854603,0.0007249036227188767,0.00257698143558553,0.1,-1134.1127639358072,4.681638490798264,-1.1837762219346075,4.079509058627848,1.84623556686762,3.0283333908840286,0.4333933093615201,0.8657390502502622,0.1378616003568638,0.5470615459428707,-0.44482728036205893,-2.0947059623780757,-3.4368985767555666,-0.20691312251300786,-1.7221075844419005,-0.2468535614005738,0.4346272316365187,0.2528475408261421,0.16752678659326034,0.11853776809516604,0.09561307379063423,0.008757466068195333,0.07008264144954117,0.0,1045.3843361751053,-11.393554728329491,-4.031660098453487,-12.414235631228975,-6.248967970678166,-9.261169455870217,-4.72581196778156,-5.363575981654178,-1.2860934719568178,-2.4822042983492416,-1.0291159768195364,5.02740195798301,7.092932523226717,7.855659038656884,6.6733812846918354,6.34279224656478,5.893860217523649,6.016249984148318,6.046963039101263,6.056965521647086,6.061226785333654,0.02193248613539421,-0.09910901898806926,1.2,-742.4462152582007,-17.54607668676516,-3.888908194411897,-16.595957952090412,-8.165148431613453,-10.663062855416813,-5.2083372109769215,-4.362314859541634,-0.3780991678287542,-0.29394077960059306,2.7160535473068137,7.211306639566096,10.447573662399751,8.599698175534371,9.06143074081978,5.496557028377072,4.399844873103717,4.517670881308026,4.608784622166904,4.655184850839813,4.6758051468106165,3
2022-06-08 16:30:05.725446500,-0.07257959771572685,0.2696597341768048,-0.3837675826475414,0.2937854351100424,0.21231621788259825,-0.014712617908023647,0,1,0,0,0,78.03,-2.7509991834744847,-11.323071270396982,-37.00848987447459,0.1543778204797052,0.11317223097898654,0.4413960556472768,0.0698321224274529,0.05337318206782282,-0.035399354906073176,0.022674975417798258,-0.08387506974914669,0.02949611647727437,-0.02287834688609293,0.013487335712510512,0.0120495401681945,0.018408303337248296,-0.004421580489274509,52.451664583333425,-26.96032365564748,16.556168193181726,2.5878715384916156,1171.2169893883556,0.12335538880275634,-0.14452576217526228,0.13453961593844166,-0.0663853884727723,0.023333563336233383,0.02588623824820358,-0.03409995165572865,0.2752067772559201,0.3150940973920199,0.2431778167755916,0.24653626638475265,0.3767535777659185,0.2823996400233758,83.2526569727543,6.713867605373819,9.724033878057167,22.902308734718947,1609.0476602211295,0.2702259387880237,0.33106362610691736,0.1330459689358138,0.12316242768819137,0.03882647434458104,0.018071780534369544,0.031986350251420465,0,1,0,0,0,0,1,1,0,0,0,0,0,0,2.173185859895188,0.6154386822842196,1.2,0.2280853155559023,-0.13778475435558335,-0.3482897697081484,-0.051339802513653096,1.09926632386267,0.8335207589539546,-0.2358856334143245,-1.2045563268224573,0.1508616676379249,-0.1524903543445021,-0.8441191672319095,0.9274197135586812,1.5950605749257605,-0.7977096361537638,0.3411973537064076,0.5814456748184725,-0.3664024832078221,-0.1548104075963541,-0.11873908316807914,-0.10368831746706972,-0.09775542382791444,2.2094571935123337,1.1231484036636563,0.2,-2.81733621377433,1.0079983395530745,2.492694835032665,-0.7180157250538812,-1.021277270721962,-0.9449274280449436,-0.010927603230585763,1.587524778410552,0.24435116840458,0.7648003429459143,0.9813049676640906,-2.1918641915306125,-2.2503965675036834,-0.12468814949446184,1.0913205419238772,0.3626486478525589,-0.5962009054631054,-0.3068978027673217,-0.2519188753783885,-0.2316566680464802,-0.2240320971173423,1.6900998883569238,0.4553399176765273,0.6,-2.2790701414527392,-1.3525359764827265,-0.7901085977903888,-0.4832410140475054,0.4115004466423886,1.1770252415402576,1.2857366594065565,-0.017833189612449982,-4.348598091837511,-0.1669746305363906,-0.5049437357217454,-0.5078564218031324,0.2365034502671545,-0.8313793086994681,-0.9691718374139402,-1.077351729135032,0.3230409135301013,0.4147724251636162,0.42187067966477976,0.4276111690623062,0.4304682279573068,2.394579651177545,5.702503236884675,0.1,-2.0918932925094484,2.501032122048436,1.9691251060154904,-2.5243764410670724,0.8963980449318409,0.4775927593367511,-2.0942821921015984,1.8401049754898648,0.6410025803694709,-1.1388392688042284,1.9241975784709275,-0.6378080747305048,-0.8805493669914638,0.9573918832602524,-0.043735920545561614,-0.91118809178148,-0.5171079971030963,-0.3070864309639057,-0.19455610415389815,-0.1381519201977717,-0.1137060717523784,1.7074108841109978,-0.4123707321637504,0.0,6.34496704958512,-0.7316847584899255,-3.1666728504192485,3.6551643732182177,0.410998871103323,-2.2936210994245694,0.9293463108997236,-0.6180798472161156,-0.2634280170878903,1.551553145658234,-1.2062802863700437,-0.5296664271232343,2.1308229402175685,-0.7374391744308378,-1.0973005877128166,0.7717038351318817,-0.3021007263103395,-0.20942648769079786,-0.1852763629471984,-0.17435900476562366,-0.1697253435303273,1.588201837373013,0.036034604188127366,0.2,-7.088474639850185,1.0320874632277648,4.803048023625881,-2.709102983304013,-0.8452392496997181,2.2156012351514263,-1.6260338750381007,-1.0854672839200223,0.5442607892830242,-0.2694014235317185,1.0527031378001461,0.9019120477229086,-1.4300113410778876,0.01026904819530955,1.7543345366699596,-0.3801480653871197,-0.3561501107420849,-0.2200483291588294,-0.17698302961291126,-0.15676109674117497,-0.1482452034965474,0.12496017978224695,0.2337056317553257,0.1,-954.7415415059356,128.84919265071184,13.017431731406644,-26.635323524172197,-3.6695707638512554,3.1025821016728514,-10.431309622913588,-21.61290932854115,-15.4252007117979,-8.0266849590285,-10.968143952419192,-18.439582572805342,-11.804352737901745,-8.587935841117524,-14.19746891613286,-13.148214296996764,-12.129428950584634,-12.448336880797575,-12.548429607238806,-12.601804241871635,-12.625890076579928,0.2851249689016304,0.40697025018042543,0.0,762.2727364050502,-171.256281689575,-7.978561095642988,28.987631306695175,-4.640250003968589,15.362309606041961,34.315611980380325,17.35761405711009,12.451527492147653,22.001469679019245,15.53548162774234,16.597430182247994,17.552308135350852,13.819730975629284,17.258471398379093,19.977604581125096,20.605673187236086,20.904193590031944,20.767412567599585,20.665764880791205,20.615066316671093,0.12063347903309668,-0.23065249676318295,0.3,-942.9977447751692,-120.06522686810685,28.44194269684074,39.889533566603724,-8.354711753395662,7.412980372576243,17.748551707135736,7.371306916596832,10.007186965117873,11.951965886137092,7.255186411707246,12.572596774118145,9.764263409212992,4.467479383947502,12.47885964853878,10.958267401288733,8.739507090639059,9.124587685779689,9.181213651987056,9.205866861754524,9.21592610441461,3
2022-06-08 16:30:08.475446500,-0.08969061688466988,0.11387866552494692,0.13787534836951149,-0.04177760072910716,-0.10474850271533966,-0.07535977554664904,0,1,0,0,0,100.47399999999999,3.180619433423239,3.4539638032398354,-42.36296373997785,0.1477225517603731,0.0394027423592776,0.4674452002696866,-0.031017845060113437,-0.028768550168017014,-0.022207977423467026,-0.00788192154023415,-0.08631825542972472,0.03126974493273519,-0.026138611406710813,0.014444312884513385,0.008555035896725701,0.01885916836784237,-0.0034645265185164675,55.86203750000009,-26.500708712344174,16.455626933763774,0.8368537058451103,1123.369402749876,0.11878255331272272,-0.12290312526191932,0.1334803391939525,-0.07012544874812622,0.02338524970269177,0.025768870035931868,-0.034940776231025435,0.2772112403837265,0.3184959972498196,0.2961845260035402,0.2610650728988093,0.3791654678971903,0.2855433172897067,84.49083218690956,7.915324675793571,9.845930166485648,23.19050542672362,1612.0596563390875,0.2700475806593739,0.3383326310515312,0.13424369216675106,0.11973980137159775,0.03966040592043192,0.01861910488042135,0.033715448235594116,0,1,0,0,0,0,1,1,0,0,0,0,0,0,2.147057974532041,1.332203697096744,0.8,0.6702733381349042,0.9368951591900574,0.5666983670673168,-1.7623414318258794,-0.07243929906534652,-1.9267299290053084,0.8689886283178172,-0.17069827532264803,1.4479356352632684,0.19661537542750784,-1.140848720666198,0.4794921725016595,-0.3936129571787853,0.932719691096672,-0.13756014718969825,0.7178302825665219,0.056689881775996265,0.08799840429024275,0.08274251267145863,0.07863908142452594,0.07667332819502318,1.8243466512038904,0.3439063368078571,0.3,-4.3103255059128465,1.841053708365568,-1.7847839617126635,3.488188171183912,0.6058162342932131,0.5333908333198938,-2.4120419032761475,0.6543643450561205,-0.2187757776886875,-0.2528709191977181,1.4699006796529774,-1.8033329202902049,0.5134564377446346,0.04826901014033158,0.017144991604821747,0.435654616387382,-0.36294783350026505,-0.1600743406797136,-0.13056871413389806,-0.11889791612753943,-0.114373455778305,1.8581557914773303,1.194552162025168,0.5,-1.7640035569481909,1.628017210666891,-1.6261859463935318,-3.9585367564129994,2.7452933336021994,5.775026299990207,1.3133493506700091,-2.4856776296240057,-9.464900270274473,2.651594219166697,4.208976155987149,0.6524289529316271,-0.2971789129320813,0.35408066277822536,-2.442139989599929,-1.7479414042555168,-0.30619277567409864,-0.2960881560353957,-0.2669783165568493,-0.2529066556016971,-0.24685680059633286,2.2630240093565153,-0.05547839702743644,1.4,-3.682936312230853,2.6291354972729803,1.3214658279962226,-0.37390988897394456,-1.1062554549750252,-1.7320496445377993,2.736268860127222,-0.4610479979174344,-3.15111517740337,2.3545307780067466,1.173974934838833,-0.7051373652355093,-2.297961076930081,-0.5237927018879536,3.2947372603953187,0.043866907315957486,-0.3917167273456316,-0.1611037836709598,-0.12826509353058302,-0.1179540085815095,-0.11452711585951138,1.6349142042730795,0.3032737511227245,0.0,6.635683297504598,-5.336568873257437,2.1320112717670088,-0.9351574025874068,-1.7514461279042706,2.5329155763205504,0.469371654069586,0.5917711815106484,-0.2747470363976857,-2.973939405649956,1.648570162824562,-0.3456805694839703,0.19974352395389497,0.6286913400155605,-0.6852185711672695,1.0750955707055778,-0.08569611779157904,0.03698900217526108,0.04152942564871415,0.041528627166081016,0.041194799926904266,1.6177984341349143,-0.04833026861384892,0.1,-6.549284457320066,6.743618085200287,-4.336248214740278,0.5014800897827854,-0.8157079224060135,-1.5681498636579878,3.526098978580726,-1.6681321010815557,-0.2388292058133609,0.4019811437607447,-0.10930192380597914,1.8376888902664943,-1.3398781871692944,-0.5890423217841644,0.4186112135176244,0.09406449149291383,-0.010907274952526748,-0.006556488649187064,-0.0043891405067526534,-0.003970786755539274,-0.003859193489336553,0.17527623666464662,0.36720496155257004,0.1,-629.3199237322337,55.85359847698862,-14.191058692267914,-25.167335931370104,-15.14400094948796,-45.67286871444815,-12.918802229487738,-6.9056692963462645,2.3379704197201843,-19.49195023432995,-23.70065526273406,-27.52494202945289,-6.698936753687239,-18.308762316946908,-12.891431286474194,-16.24872182176651,-15.252362710226354,-15.275411622846635,-15.28082702266076,-15.284352460054231,-15.285902847097594,0.2925353093677669,0.2957405255279857,0.0,545.6008017251038,94.18547399783995,-2.2600331035352528,-35.05439739729853,-15.020950789397194,61.45045923107632,-3.5186358268159914,3.03331323090948,13.386150276500187,23.982211128477964,13.675626530914512,-3.3907110480786318,14.19996944563271,29.11806684984695,8.049335080037245,5.385432954888174,10.50404158151972,10.965484110340448,11.12646272994956,11.208971552718953,11.24465428013196,0.044838217571132766,-0.271788806893282,0.3,-1190.5671930469314,28.341058290082685,-33.812573216143896,48.03872077588061,-11.046974329776418,25.320856178764657,6.47995468458187,16.097998026198333,14.310892393619987,8.752093258544024,13.56562458322609,14.758768492230413,5.830120495486899,17.764333954890944,8.425345041302876,14.687538620896776,12.29530532886875,12.417474354217156,12.420904507361145,12.418720055708935,12.417329405866091,3
2022-06-08 16:30:11.225446500,0.1093168788398545,0.015933374318823256,-0.014818636522540996,0.017952649568352262,0.052308054992149834,-0.06296972730459546,0,1,0,0,0,83.49799999999998,4.2203905544881435,-2.263110222057937,-41.491475849732225,0.1182894632806069,0.06331844616585837,0.4737158265213725,-0.025608165961502564,0.011749246121331082,-0.0262041592026796,0.00724751347791522,-0.09155679309247454,0.03199745916883602,-0.026163890622405355,0.014618997829908671,0.009531204372026005,0.019169730210565502,-0.0039858078144164154,57.890699479166756,-26.01337978797,16.195730928779227,-0.9414934891458364,1079.0903239140723,0.11539306819667346,-0.10123458500491013,0.13219879703586546,-0.07341091317077236,0.023030654865055136,0.02573782910646242,-0.036601258769115914,0.2772353930216245,0.3185286758767881,0.29631022491952463,0.2614136307444177,0.3791653844353343,0.2855834719521909,84.18814706118103,8.999761676170223,10.141802832120927,23.416101734480858,1611.2458683097918,0.27035189936298737,0.34270569114602883,0.13667123248712745,0.11757302124020445,0.040075927968492506,0.0186693150897626,0.03459756884027988,0,1,0,0,0,0,1,1,0,0,0,0,0,0,2.076072553730981,1.5211539287477092,0.5,0.6724812616135587,-0.2682286597044262,-0.23262254505536065,0.13525341378067024,-0.008088395941568655,1.4001837200608165,-2.077707483829453,-0.1447565962919008,1.0361603923345215,-0.5049916053055499,1.3670056268431934,-0.2351665243116947,-1.5720722786168468,-0.9409164669048984,-0.6485616852499156,0.4965329973638394,0.376825896758244,0.15349620878181786,0.10376775431748456,0.08306284677444599,0.07496457119254303,1.8738343892662268,0.0719567767414909,0.6,-4.3384868357501505,-0.4523110861548957,0.8301489751593205,1.8104770492754012,0.26874063605470816,-1.29427908215222,2.770642791905237,-0.9697947341047508,-0.5452227228550948,-0.1625197818796169,-1.8009361630030658,-0.9895635936910332,2.2655171348812884,-0.29856141976940603,-1.198388675956554,0.33802001370986645,0.2612955912418895,0.10627975481844934,0.07711933450156752,0.06350121778792782,0.05789479498311825,2.1734762137686934,0.9454117700055529,0.4,-1.7919460445676474,-0.2606677940663551,1.7957040132903292,-3.764184623915073,5.1077332888387215,-4.1523253901194765,2.3181794292881155,3.172998429135436,-1.1049654411144445,-0.5448058856251219,-1.8104502809559329,0.4298219238728984,-2.751889631158081,-1.1575374338318352,1.5505674306479356,-1.0520833282770026,0.16489318839116696,0.1084687296766329,0.07243087829100125,0.052041098876461,0.04322912397931666,1.8536433935226515,0.4247466730993448,0.3,-3.3943787772917013,-1.1584225182678145,-2.132146050466039,5.2579674590865135,-0.3299109381303951,2.7439996263755844,-1.0457239382558376,-0.5114139486970737,-2.079958426224179,-1.1323173627131395,-1.4201916060327893,0.9878540252951624,1.317871246648309,0.25617435751012263,-0.4144162030356707,-0.0036593308682969367,-0.3095333535365997,-0.1207543605418226,-0.09438454642694592,-0.08490983122429502,-0.08141437487955355,1.7884243502178434,-0.7280050459877873,0.0,6.797762407924442,1.6787881985645552,-1.3234837463365243,-4.108348536120525,-2.535138034705441,1.0308028305454604,-0.294852619021677,2.28333580977145,-0.06639330083512329,2.6973299606093413,-1.4100449209990018,-1.0293785102455308,-2.3258345108755094,-0.6407846274077507,0.6369768859722321,0.8587627078455414,0.09843163036606384,0.03221260340655824,0.015034222143171072,0.0080245394682682,0.005292261413715443,1.7736647992476666,0.0372228497238389,0.3,-6.843893231884418,-3.1727884314287245,3.7201694257086073,3.9574409381403735,0.7801935292945428,0.7697138202894634,-2.9663268582975797,-0.7658192639340959,-0.3638564871760237,-0.07240487905903181,-0.9231642041605248,2.2625467089484133,0.3308819080674897,0.5437108971147193,-2.2198686897486115,0.21757434460215572,0.11108995143749267,0.037318136594052864,0.0169253294532074,0.009502229673036627,0.006766066981828772,0.8385149545742525,0.4733437691948105,0.3,-286.4917451089632,-154.3470566911709,-18.937327187491494,12.736677201008265,-15.798172058633744,-3.2576444417001937,-35.153657000361015,-11.754679089237989,-6.954928953982062,-21.691026756609983,-10.701804069811072,-28.7262436048173,-9.202815369233562,-12.217164055028775,-13.992526996384981,-17.329272727489332,-16.380131722668793,-16.159320846313225,-16.158238886842938,-16.16233901329189,-16.16461625948124,0.9978230349155626,0.4470968074956131,0.0,259.18268298955354,128.84869235355973,56.09551415018765,-12.6780466674359,7.320020033787568,-22.453641722367482,35.17080566707471,13.927734008940813,30.616012783168298,-1.1418840493673788,26.807549612779628,-2.5310973871523963,25.00431723652429,-5.117626030369825,26.660314882317824,7.475444973819642,14.584525354961427,13.859652545504993,13.76399971082915,13.726467630119162,13.712428494225854,0.06928901833604953,-0.2272799635596532,0.1,-1456.6276983311154,122.40863649723214,69.47942788704438,-1.0779942229167432,-11.636290824497975,2.3766020578688654,12.362190723196676,16.97290085674669,12.319740798002806,15.709810171368652,13.0639296283684,12.44859529045462,7.969108974716043,5.164344666789752,7.7555670131580925,14.43266564914547,12.474551091146735,12.034380455379761,11.914857703150993,11.86283717333616,11.84224327947248,3
2022-06-08 16:30:13.975446500,-0.14746676586438404,-0.43988220563084496,-0.07534841078898454,0.17827352071379626,-0.18412251045789127,-0.005590297128449244,0,1,0,0,0,95.985,6.735300528488523,3.775732084666537,-41.56937608355879,2507.0566036383834,0.4640766050538019,0.21750180542477732,-0.2867668589078427,-0.2018359391165533,-0.05278093481400936,-0.01626627660110579,-0.08370246742611266,0.031508785541301806,-0.026619431378901395,0.014506723791319473,0.008677914133899936,0.019464638222335514,-0.003207084618902282,59.76249322916676,-25.496243788111318,15.910266717973824,-2.7023418989243635,1017.0793461228633,0.10897485344042457,-0.07784677198270015,0.1323562474112343,-0.07500293584630863,0.0225993018132507,0.025735154087452545,-0.03835654215396179,0.2789180347361863,0.319143953007722,0.29794415951815045,0.2622897026994554,0.3795835617937716,0.28591390679866874,83.7894979068963,10.033045795936104,10.471733994911167,23.483122037679877,1584.5487270406536,0.2661611099527782,0.34420245323601545,0.13601864300369154,0.1157932879725694,0.04062891786813296,0.018757011420028613,0.03563494796693716,0,1,0,0,0,0,1,1,0,0,0,0,0,0,2.1989801534006737,1.0071946160387997,0.3,0.4891681023852616,-0.79498230737413,0.2496538674763755,1.8613992227718856,-0.6109893064407989,-0.5206704875419071,1.5877503251723009,-0.6579229798995515,-0.6768269917158917,0.7713625817302788,0.9379519641872036,0.1474821446543252,0.08862230791862122,0.4028623599261979,-0.3723060436290415,0.6084200212363647,0.6031808855924324,0.2271296517286893,0.11968492823969636,0.07975623883059174,0.06504175572250864,2.1766137534114094,0.061545265805349136,1.6,-1.6338365245739361,0.07863693187510523,0.14472831022749927,-3.4869053727411083,-1.3947641060236606,0.15773475867432385,-2.126840312449358,-2.4497865814603985,-1.5802411985796705,-1.2150188437016056,-1.3998585207040184,-0.4615327105226978,0.6043868396890554,0.7171156964090912,-0.0064361246014598686,0.7342460875360142,1.0868267200462274,0.6532095474193865,0.5000975143257622,0.4290599329790675,0.3995252930545836,1.883120188330708,0.515110508286402,0.4,-0.4878571607508135,-0.3946780168013431,-1.1559316725532571,1.6345994512497182,6.65087990951842,-0.4599394634688793,-4.082618344689925,6.415291201150447,5.752480144815164,-3.8452390713525695,-2.7075781616102126,1.3932377889031125,-0.95602562176602,-0.3778336370941216,0.06665025981327362,-1.2501662060461074,0.5099023389322563,0.3954503136810317,0.2681422284809211,0.2152285159803396,0.1951365710752543,2.3075587675206517,2.3014600341084246,1.2,-0.3898016006277376,-0.8059731000244172,2.0044707545121527,1.5061597157232898,-1.7093417567012614,-1.8407590041718047,0.18573641478366615,1.762621315775183,1.6153105922166808,-1.2177040584810879,-1.7418742759765449,1.1892079193346878,2.1559714267359467,-0.10557316111563736,-3.276537488723517,-0.2023959668856988,0.07409140986835827,-0.08353040578235149,-0.12350182839221187,-0.14121436438220442,-0.1482116833765196,2.039589920571265,0.6884042429691594,0.0,1.6314992987856458,1.0067527982845526,-0.3672545640231904,0.08531967365957906,-0.046863186192234764,-2.0517348044917143,-0.3868126128569052,1.0304198351087557,-1.083733052637862,-1.1703321905431063,1.5846525361886918,0.4659259711641692,-0.3562330786367369,0.13863330458225853,0.043514500694847205,0.4149112148812749,0.17078215627003776,0.057361331565009714,0.07721000198481216,0.09052089532912336,0.09655358700898456,2.146633931757935,-0.779931964493091,1.1,-0.4765256994742621,-0.9328918079587112,-1.4324044203540662,0.3041911068660937,-1.1808033733517536,-2.225441087365084,-0.3375311213465964,0.6649802126322845,0.3828011541542409,-0.2214052007959529,0.145561406875789,1.4185365113919028,0.6078966607940718,-0.8416490072181563,-0.3838408685100765,0.8591645497541948,0.4363594876425288,0.1951953231840616,0.11899678807799692,0.08533342448079942,0.07156373835194804,1.8358019845947768,0.92098107231863,0.0,41.153677431807,-73.15735866464273,-30.75407664151156,-2.2001204396364464,-23.46770774648127,-0.7103354821659469,12.701873154180815,-16.773852682310267,-22.210211456876262,-1.1099599848688313,-7.661611736425751,-19.870996309942992,-12.714306576875849,-12.337607456998146,-10.704892857067524,-10.013686616205089,-8.41719494652646,-8.481721989772797,-8.497286847380744,-8.487464891376497,-8.479654174127429,1.3914058007447545,0.4470978811207887,0.3,18.81320683416152,-43.48107695792147,-0.4496329067385713,86.69814114856443,51.28963810674007,4.5349118190786815,-16.169326431336856,4.06650890487498,12.419596108088738,10.456899808709343,-10.678164226468807,-13.706304934021759,-0.5437369266313445,14.501340205330973,0.4258573260071805,-6.826754022501168,1.6623866162704246,1.3950317886413224,1.4383266439187352,1.4917958601843797,1.519923803857086,0.0041120656775298,-0.03019010617628133,0.1,-1655.8674496599567,32.013557036594506,-6.300088828159063,-4.203047648218046,1.2884207835004418,2.3314208842948574,3.263349764308302,1.4841181589054455,-0.6815588204682115,1.3562036740859045,4.021341091654237,2.220430676551309,2.616020319776865,2.215821780547621,0.3971980919253042,4.1993836599344405,3.227489970984351,2.5950109822122727,2.391480626361698,2.3118918442663197,2.2817167351883647,3
2022-06-08 16:30:16.725446500,-3.325568702433764,0.24084408079932024,-1.3002840539213425,-1.0725410733955982,0.8764819256749657,1.8848012546387445,0,1,0,0,0,216.0,17.767835395672797,1.3536638887943466,-41.37930091177305,6.18213424239115e-05,0.05949278008046576,0.5182222127153503,-0.100628124099243,0.03574098293896097,-0.14281221433007005,-0.08512748834298837,-0.030237507990853167,0.019110518329312053,-0.023827286198223326,0.009948323653206376,0.006287253193955704,0.022725795977989263,0.007219046119081028,62.13927065972232,-24.880807477013036,15.649369576567825,-4.447811896790381,982.137883927849,0.10708073868498673,-0.05703118525598432,0.12939688146637782,-0.07834543963955735,0.021224106136087263,0.025341202101000156,-0.039786155030625235,0.3349574966167274,0.3238280475268626,0.3093057952639321,0.26780427112988675,0.3836099857475878,0.3034390841668416,83.73449312071287,11.158584428396207,10.746750203468077,23.47244940266413,1566.8711626810298,0.2622483246474025,0.3487774707077466,0.13602398548214667,0.10945233033847372,0.042864714724997637,0.0200496434268658,0.036001176988787284,0,1,0,0,0,0,0,1,0,0,0,0,0,0,2.6209988703769884,-3.608861938837258,1.5,-4.753220280524761,-4.354508587190018,-4.055830139154835,-1.07766766284867,-2.292343770152899,-2.483007432329817,-3.016392769497979,-3.4554904482986317,-3.2009401808588622,-0.5419771906555502,-0.9716030384995404,1.6974552682488544,2.784441001687075,2.213261382754005,4.2721549353494135,5.2570611763715664,3.1828337502161075,1.729008288740184,1.129054873280492,0.8367981997039758,0.7126121966923268,2.5845626232968724,0.4887405391229882,1.6,-0.4308038310646559,-0.1271323176641202,0.5180403766132889,-1.2980503558820369,-1.5169926336571735,-0.10496684215147424,-0.30599994628626737,-1.1173178195414055,-0.6392826637483353,-0.8070075848786583,-1.4380566476750751,-1.2027238020412416,-0.8461584439131731,-1.3535612265918755,-0.8168056159371224,0.6548038118102992,1.3100381711571298,0.6472509429600082,0.3985504574090883,0.2953531601857551,0.2550201290422723,2.6361162339870954,1.1087709176597316,0.7,-1.2294539927296535,-1.0009679401768214,-0.8149960366038264,1.7024486353631272,2.9793604631063215,3.3013316032501776,4.4494871824689275,4.587855228265936,4.14912429434884,4.326554422699329,4.040354568702016,2.8122917264933283,1.564088557462083,1.0389262916652546,-0.03614509687344833,2.7500544878930446,4.407504332307025,2.6076995508741723,1.9574512697326687,1.6704056948399444,1.553060133130435,2.49109246856699,3.2425983810291887,1.6,-0.5729115862197058,-0.8363366834141657,-1.3559388531627556,-1.4954217252911897,-0.18859406444781016,-0.5694420810449334,-1.1848198890019297,-0.03809196145514476,-0.09186966680517056,-1.1323599294079858,0.23865535867240376,0.8789025667500201,-0.3099752767233225,0.11818138020562148,1.4419484647767171,2.0839126663377256,2.5151360368616564,1.8321655172417883,1.5722428504838462,1.4504307673033554,1.3991064818029055,2.3048107186156845,-0.5510517533548426,0.0,3.2749222091606804,2.724389862186293,2.3125426387489827,2.0306865539016674,1.2718482694068038,1.738927982215709,1.5572394712779658,-0.4244125236512231,-0.10758806116409103,0.5496593007442941,-0.8245543393163881,-1.0313488349479063,0.20444286846417212,0.6792908660208644,0.13238114416158936,-0.39631954968719424,-1.1136689119487109,-0.9368053052171476,-0.8129174014301418,-0.7463448207082831,-0.7168114445939291,1.7373466656873509,-0.524110889196261,0.0,5.82989348355933,4.899516425391841,4.127172418361973,3.3272241955883355,1.621457076630236,0.982508354986696,0.2749434680631164,-0.12197792213017525,0.478395422873149,-0.3250682496197966,-0.2840356125199729,0.15778159401622094,-0.4297988298987872,-0.6719178050014017,-0.3514370634470741,-0.09034779414201337,-0.8915387404686144,-1.0562319219861682,-1.0412156085146729,-1.0193933893812503,-1.007257804470449,0.8235031682018904,17.587644681539636,0.0,188.3560238203749,28.0963975217247,25.740650329375768,5.696946366808107,-10.255057589611036,-22.087166093389655,-10.113687965513265,-9.571972701619238,-29.616237100320912,-20.87565120451941,-21.092569031520625,-23.37957270712029,-22.902916056177663,-8.237721525583098,-11.117648479075797,-10.700562529645373,-11.03943610730608,-12.854695708250222,-13.399526695032227,-13.642258214613054,-13.741518524734714,1.2504276187858585,0.3943029812355172,0.1,21.772664650989327,77.88240743068076,23.988057745515366,33.791194699348566,12.012594563376606,-9.538671548726477,7.787272890602851,8.771976122484354,-10.39931642225749,-0.7856340123158359,11.686927581652466,4.005885792734643,-1.3794062622910754,2.997769531728117,-0.9610443894923216,-0.6689912592569542,4.551177822196765,4.320784779571866,4.348088237885799,4.362824573150226,4.367545968267641,0.0008366719831892545,-0.01713277287774181,0.2,-1697.0729811519134,1.5019934406137736,9.359617858782514,4.709391378595853,3.1923890156136854,2.262764709388009,3.7043762969396137,2.8337394111323566,2.0901249471251475,0.8102302312764279,-1.2449896423384317,-1.9448069755148367,-0.9029531280034178,1.0582877804299289,2.068860940012449,3.9320258612703536,2.5783558272364218,1.244640106517778,0.8428422573265449,0.6730798226730705,0.6052539823032861,3
2022-06-08 16:30:19.475446500,1.224375189815768,-0.8187586345331952,0.5929569912596678,-0.5493441133508219,-1.6105289305372346,-0.7834010982472694,0,1,0,0,0,227.4755,25.14201705859796,3.887642875674316,-30.78449024802432,0.003479971931892355,0.01490091484907814,0.453886516596783,-0.225804598278606,0.16839347721332704,0.007106648587091963,-0.04124774241533189,-0.0701997768876133,0.03220749030247007,-0.055077507193318484,0.036055937303456666,0.014025015168955728,0.003742082569057449,0.003372536031510734,69.8173973958334,-23.61637460195401,15.44096468964957,-5.117501108297988,982.1369712298492,0.10937467745166804,-0.046048816739853685,0.11874350217922106,-0.07487722377566255,0.018565827697851492,0.02319088223012737,-0.036076092953598635,0.5396712580987938,0.4312270437668415,0.4948847368246236,0.2707260502985819,0.37533495215158535,0.3255863677620099,105.36754644476855,13.616315041443045,10.949784135823997,23.616572881923414,1566.8717359439029,0.261661162540289,0.35824784096693435,0.14358058019443293,0.11326981418029368,0.042551558941965065,0.02608671709478398,0.05054968743173277,0,1,0,0,0,0,0,1,0,0,0,0,0,0,1.6746132887733296,-4.618984364421643,1.1,2.1391663765499307,6.6432497769141925,4.204427910135768,-2.7984510969975687,-1.66497445556033,-1.7248000841587887,-2.4796807616647265,-0.3711550497725687,2.535463420444945,-1.73088349277413,0.5487044321364596,15.51477875685216,10.004897658492114,-15.742013244385276,-19.76206691319234,0.6076972296953759,1.5843631440673698,1.1558782274827848,1.0965904168929963,1.0920888290921404,1.0951506876713737,2.071349897324161,-1.6283042206743852,0.3,-15.375007393904669,-10.39621567861369,-0.7647371237040558,7.889336634709053,1.7479947758315797,0.4900537218819623,3.5578579418560867,2.3890666314715907,1.6769647909072316,3.7684479538238516,4.8419842515491,-1.6178833725277957,-6.396560377759483,-6.887584120989145,-5.530464275153795,1.8856704083928293,3.2403058733512204,2.252398461981736,2.0046166945493384,1.9032178970363403,1.8635560389697472,1.9896282863872257,-1.1283476676064104,1.1,10.266739296900763,6.016467631944205,-2.204452716144956,-6.0459979884366035,-1.7027555942508252,-2.270829582704373,-3.0411729275387094,1.4051941032987842,1.9065423709035276,-1.2697123554919854,4.518680616043024,13.610887667957794,6.877349141657238,-10.072282099100072,-15.512547546308214,0.10864832896875563,2.6369057972823806,0.3971003627728936,0.057715919644974974,-0.06934709834070707,-0.11718482315964615,2.231681964618528,7.1005126184926155,1.2,0.2137872674098366,2.1316912050305192,1.667525193951472,-2.681285297124506,-0.8669607821502006,-1.367999879407826,-1.6744597026001629,-2.9187819309843515,-2.242578890124533,0.21611695465203098,-1.891452920475729,2.571002026848313,4.98361741738629,3.3521730566945647,-0.9993177083447982,-0.0671096793312051,0.7653389019871111,0.02151719289567544,-0.16362244194929426,-0.24122634685423344,-0.2724288579464021,2.441876681573577,14.58437455307227,1.4,2.251499992974951,-1.7008202806804606,-1.628092847084911,0.6741036509362639,-2.3978052445991764,-3.3024325418834986,-2.1048868626151376,-1.9315039962661864,-0.551859473249545,0.93417354382019,1.9668532378197232,-2.086662111614519,-2.158071168699375,-1.2137192575752325,5.335215335781255,3.8157644538979385,1.0004707278821956,1.0623582706017776,0.9978032713752988,0.9560689862092264,0.9365591611298759,2.3653181340625267,9.52942336048142,0.3,2.261459816163797,-4.803226784094844,-3.300468397473303,4.915221221369365,1.490085261842942,-2.0014034276519883,0.8847948736528785,0.3470293670283692,-2.331955242944641,-1.3120064576267445,2.1178053922286644,-0.20774227138861925,-5.741978470723969,-2.8183881306504084,2.3974456429264084,4.2311893414957025,1.4066813422378648,0.9637189891262036,0.8021384321565682,0.7224493797961283,0.688352476668938,0.4661575856914425,-0.8319492672542042,0.0,457.94814686439,125.71388647565428,-46.974472081665326,-21.692192417458262,-5.876169779037622,-13.934671932285127,-39.38028293653892,-5.8898806480057155,-35.470978606389934,-23.511817324600774,-5.97462551261482,-4.13738550189201,-4.51314598544363,-30.311324699665853,-23.23521175597585,-5.311575089873477,-5.379581555936231,-6.191453142373356,-6.127458474318066,-6.035748966006214,-5.9833936666320575,2.400572447772314,2.019919032315306,0.9,-27.54220753760625,18.263104431582654,19.091456136816564,10.71577135358064,-6.314609317861871,-17.242685023488313,-26.666585361091553,1.2865694724314969,-1.2916468738759246,22.2382338466382,9.998873696366168,14.461145489031226,7.424902555815276,-1.247559010467752,1.8380467862515453,-8.117190367392915,-9.052045105589844,-7.937334228015418,-7.343897669391618,-7.07218603142808,-6.960419806561067,0.015991072122882585,0.06740494143309829,0.1,-1615.8887541211134,58.026684280081675,13.201918840989293,-10.816503078105798,-15.82862887798484,-9.902388855582556,-8.97547411014898,-4.615555317695011,-9.46261086704871,-9.874265870673911,1.4062585023190834,3.166353174257104,-1.8199168424862153,-15.00041764661712,-13.76848082944192,-2.9080662611899437,-4.365763644947677,-4.83217761550025,-4.608141781846207,-4.4479216914973065,-4.369419303889029,3
2022-06-08 16:30:22.225446500,0.17358222869865572,0.21794570049814946,-0.1889597268362758,-0.07809428410621075,-0.06404683048819883,-0.03694555531823899,0,1,0,0,0,144.0115,-6.2618226795888665,33.98526028947948,-11.111945370764337,0.18778371879966868,-0.15720946241907044,0.11281255282412335,0.001163848353903704,-0.05911201166996208,0.004340408112353868,-0.0003785197660233103,0.02479398818651604,0.019883265085651518,-0.06296885314232474,0.0388939532483694,0.01887189071509902,0.0014758471168591649,0.004676258509574532,67.57463906250008,-23.35699019835868,16.07102268806982,-4.833260287690133,982.135841412278,0.1046442943292748,-0.04996884583716788,0.1150180192413352,-0.07603461138792185,0.017307905177648356,0.02224880090461973,-0.03556227823185961,0.5700254764203629,0.4544849038165564,0.5021678857468033,0.2890861012295701,0.3780255477029576,0.3288680445376126,103.12283913599077,13.827745896992516,11.160635066468608,23.42567795899893,1566.8724455534275,0.26426086198879684,0.3552517815358909,0.1440799584118487,0.11362783242398443,0.04447102729471116,0.028039926297079427,0.051359568168275416,0,1,0,0,0,0,0,1,0,0,0,0,0,0,1.6017628253492435,0.5315656954909662,1.3,-3.1339352091808923,-0.4964020985187115,2.947662320950568,1.416150261735536,-6.0160123033137145,1.250129645561946,5.018512844498024,-4.062189278479454,0.2700288248165021,4.482929608205554,-2.7937847041261965,9.96785916867141,-21.055961971315693,17.80274745900201,-6.878021976647384,-1.5821605999886703,0.31402703125154385,0.1162307146688324,0.09284640624796436,0.08663956591219257,0.08466657783836108,1.5255025565441125,0.12546654739408325,0.1,-19.19569090286327,11.015359909179685,1.244182152930332,-0.9473925335266342,-0.12552201501098192,3.380958622097862,-2.46526712774101,-1.1983482612059595,-2.226562048259751,-0.7474629842638789,5.190163168778124,-0.6183095282491695,-5.168992566131529,9.969157931795328,-6.397650564276414,-0.9992149916558416,0.3938509299432424,-0.052509470503038336,-0.07610327214158262,-0.0777829273070465,-0.07698953853530258,1.9329459597831296,0.3488643791863693,1.1,11.73889130014359,-9.099717794996282,1.9238246965397323,-0.9503014962504936,1.2108284009697567,1.2891233796157104,-1.3295666676368745,-1.1896331661131136,3.0072713737974883,0.7879339671110528,-10.302156506584653,14.778389638390934,-11.404176076821336,7.963223100737821,-4.297550758650514,2.163027953392695,0.25334355802906483,0.04629237339779824,0.038306788321406327,0.03409596289082062,0.03262568805679422,1.9430860210287,0.3159849462901109,1.2,2.0528385769275226,-0.1042557457640904,-2.745501543221177,1.6984751949489119,0.3439563087433162,-0.6958587839661388,1.1719144375471409,-1.0964263076179883,1.3115883991157045,-1.1110051510585293,-2.99646787006268,3.53721793587363,4.020636965520073,-6.369103524774352,-0.6782816211124679,1.150935782710342,0.6980556225107322,0.24391335187297006,0.1658506237329665,0.13422497955594867,0.12204589585635578,2.370972913104368,1.4768530021547297,0.8,0.8970314774847855,-2.0720526418484004,2.5358515745067556,1.186408859063104,-3.62880174824738,1.0457395839670012,-0.6112347587768946,-2.03052407279576,3.5948084668456377,1.5356158132642912,-0.6348357268817828,-3.1710452718002458,1.1506272642186484,2.409385040181196,-4.109559843022649,2.9073350287979824,0.11058246122736116,0.23010357819313365,0.1949466678408815,0.17518782037830646,0.16660438770717384,2.0503996106227618,0.4530833058585274,1.3,2.7842089400247207,-1.4327973560249918,1.879410432735639,-1.263201139214154,0.0018716539838389836,-0.1098975502921592,-2.2720650415239447,2.181276059792915,-1.0250235206053688,2.7743705682100432,-2.458861271073878,0.28232952328423805,-0.3064579453150293,3.6834903971496833,-6.1453791330508425,3.5452257745355884,0.010197043066465294,0.06964588374721803,0.059019010254214965,0.053090498509892114,0.05055236611042535,1.1058645549102246,0.4195873626647955,0.0,332.47452102575915,-297.454951993674,92.16967036037454,81.59899220954786,-12.94220387440204,-48.40260584166101,39.41910433008045,20.982751776581768,-23.10973476029361,20.665276268122515,8.156085288553513,12.917175477253812,-10.444376240812296,22.64485863783316,-5.3645716213032415,7.466802493361424,4.55250831325629,5.172016684635551,5.31837970721935,5.375678062645445,5.3978417793785285,1.1227001384731559,-3.5282326611960677,0.0,341.10790661197416,189.84990621415093,-41.64694533032136,-95.86485836261707,-35.71237632559514,38.0747479973012,-0.33474323520160754,-54.98599846091437,-5.219225615057941,-27.57611957970256,-19.954860092873144,-0.9110727046422732,-36.042836167151854,-29.235361259092866,1.1561145939071151,-11.550917446770905,-22.532466019181648,-20.426061390730585,-20.01181286368829,-19.844619377083774,-19.779712827120512,0.0923987720793326,0.1951384575253268,0.1,-1377.197529933943,118.39831409349928,33.766536930604104,-14.915053878847717,-67.36116037341526,-10.484857998718038,13.503592875991487,-17.630295784714477,-44.27567958295284,-6.698492777800246,-0.13382787988560807,-0.9154264177512276,-39.80498201008429,-13.137486103723932,-14.926814471826725,-8.232110393993615,-15.280398096416748,-14.929125475989485,-14.873341127421186,-14.864699690720856,-14.863665062029034,4
2022-06-08 16:30:24.975446500,-0.09312157352851276,0.9991996782909688,0.5336333169217591,0.3286914770679568,-0.4323402814976149,0.21425959813996032,0,1,0,0,0,90.0115,-6.6082328248915365,37.45076431161269,-11.108580385054493,0.13713370190199764,-0.18553057551000665,0.09053170925494207,0.0014275701334389972,-0.0927728044790245,-0.06649987494240732,-0.011987680022121878,0.007755457114904269,0.01943191407959819,-0.06128410446271348,0.03896556946671291,0.01900922662712037,0.000367708194984607,0.004950533423721334,65.72591614583341,-23.07874132589201,16.781063978716087,-4.330829987481986,974.412165353396,0.097820145274476,-0.055015723317313685,0.11171506919549164,-0.07555624381117282,0.016531299528247605,0.021655643628928252,-0.03461880348668238,0.5705184105059431,0.458071242561353,0.5032262829546892,0.289968028583547,0.3787654717257389,0.32906208017507405,101.10432515680759,14.040839401432926,11.327797763932073,23.04919772873681,1563.1232605111018,0.2658029895541452,0.3510180418993278,0.14429042008700116,0.11305248835262274,0.044740904600084334,0.02842271276476315,0.05223980495097852,0,1,0,0,0,0,0,1,0,0,0,0,0,0,1.8129272752130643,3.8681947116192914,1.4,-3.655739374590079,-1.484695024004936,-4.762962422576392,8.337939487058204,-4.963885091246016,4.713636673031347,-1.0793266011596236,-1.9740026434420337,1.4685882141169724,-1.0416023192605548,7.38172614369401,8.401193969917184,-14.36408580935196,-16.97339150114958,21.482937126159463,-1.7518929672070718,0.25335844663367224,0.5645666113245356,0.6487609288008374,0.6808466287016509,0.6933440702929655,1.914437483913683,0.900948733099538,0.1,-17.7002091641586,13.152829464584755,3.0735423646002764,-5.162466618344006,0.21353845817457007,-1.7872510802843016,3.957681112768169,0.819293728670583,0.8501373789965718,2.0713992668787906,-5.771160091441816,2.7733742009663933,6.895796152783366,-9.524107044956269,8.922379300970679,-1.032295228217165,-2.2362733863079045,-1.7399408149474669,-1.6053924002974609,-1.5419560014051108,-1.515206194417826,2.0674280521869304,0.3608928559872847,1.4,11.826396420426073,-5.584011534340731,-3.6242251408817263,3.3690087375602378,2.407172280062551,-0.05998706047040892,4.2718532173854395,-4.122818701738925,0.5106771127042665,-1.5315853725870276,2.387276017543001,13.386408111049303,-11.740862135220626,-5.904349446160372,14.965439291097686,3.5783884207636225,-3.6428996039311112,-1.577063453955274,-1.3182372892924228,-1.216280725988792,-1.1771521956442728,1.9048788594116173,-0.8198253050489528,1.3,2.3777146243074663,-3.773445529050413,1.803553861312853,2.0277953196047367,-0.01881080843101379,0.8679954303762745,-1.3127067323447918,0.05173855132786137,2.1717122777058435,-0.5615560959432261,1.533679907860957,1.0256212400886024,-6.712153047239423,6.402420440490958,-0.9792427747488426,1.7811204142767378,-1.008370549612424,-0.8108767417504639,-0.8202465944216308,-0.8254041846347249,-0.8275660284307215,2.4677234833039003,-1.4975514208002836,0.8,0.4340052139673685,3.0167019892293885,-2.5365498818127925,0.7666579923020892,-4.037342988316683,1.1933537249387989,1.3037057488409278,-2.529613427043978,4.3110993959798485,-3.250656282590267,-0.4328629155805169,-2.4239032388857527,4.137770850091234,-2.6735312805154203,-5.061483033827992,3.2854619652253074,1.3098103416602451,0.7854379001595566,0.6004850963084685,0.5134689208611767,0.4768599670280409,2.1687603222152667,-0.4623137967732402,1.2,2.3083800554605096,4.531852686731688,-0.2065497745542011,-5.317660152653165,-1.4889846840517849,1.3347558481662989,1.361669745768049,1.6626751432264435,0.4449011985486572,-3.690354673658988,-0.18084876147443807,0.730958829330725,5.702618692360312,-4.34488363197412,-2.517414504270249,3.4381304408859426,-0.497733032886641,-0.2749988031842777,-0.2272573822466035,-0.2044793633753341,-0.19450804200545685,1.230668577473267,0.4747681510606998,0.0,216.70381161107449,-39.300884399015274,-115.70144733171992,65.97478261819063,-41.7100374452049,59.149689585332425,-22.827869669011346,19.582279665841128,-6.263728331769265,-5.838120074046186,2.7728130123487658,15.654018484702034,-6.2870620909423,-8.264716427948343,19.291848969930378,6.559314106831456,3.8548708694374247,6.29657745061205,6.8003839167041376,6.994176844514798,7.068134190766853,0.2217141153559292,-1.2273519385610585,0.0,738.1143864667541,-74.19557427125034,22.33299109280836,-56.55195694496118,-8.818368010137547,-26.879564248790274,10.7193774639482,-50.351220895660965,11.780007783140846,-18.69530738889232,-23.24379265582493,2.7679789641608146,-34.66485010735886,-2.297132322847215,-28.73737077485639,-11.549931152030787,-26.599050247271414,-23.951294111423763,-22.950336112425127,-22.424028233144746,-22.188243855118753,0.10592357177978194,0.23471793310423594,0.3,-1044.5972592064857,-28.302160161435186,-58.1279148977869,45.8367675789263,-59.09109525589047,11.65350066671428,-34.28224594271472,0.07630136134408616,-28.372230645130447,-11.237037200907242,-26.76457886006086,4.632673732719802,-31.252432245020987,-15.594032789689427,-14.037450288986365,-9.42297718703524,-17.740464104714626,-15.370767077180808,-14.836469830949726,-14.582251887093953,-14.472850058187351,4
2022-06-08 16:30:27.725446500,0.3629801005375202,-0.2579598235076176,0.019550334113191827,-0.1633963588836826,-0.1005225748258898,-0.29657139134434074,0,1,0,0,0,93.015,6.895955400212415,9.20103630950564,-49.349305774615146,0.013731764272249992,0.012578292251426213,0.519214380486334,-0.09602132007272507,-0.08085021302098093,0.007231492688901716,0.0011167964387920532,-0.09892220299128368,0.02375922940361065,-0.06104033604478563,0.04262148075290114,0.012274865158149168,0.002352268102871082,-0.001930096309464925,62.8059755208334,-22.305998196894283,16.914689006575568,-4.6072518676592615,974.4215517133433,0.09585111689731092,-0.051834813373792116,0.10385996385850436,-0.07460982196470144,0.015890247530973983,0.020737139136794702,-0.03642214494171927,0.5859130758786529,0.4742388391125822,0.5134569985083782,0.3250992894642196,0.3864573085179874,0.3370191507213838,98.80165251346365,15.023950038175807,11.27844267771595,23.461051670860567,1563.1174180404441,0.26632025187470304,0.3554036786308709,0.14819549365552548,0.11401835416373472,0.04731412574287011,0.02922583672536644,0.05393456052830041,0,1,0,0,0,0,0,1,0,0,0,0,0,0,2.4891362692814485,0.2150703442375144,1.3,4.938622975912764,8.099976446757099,8.640502973642139,2.9431546714744834,-1.2892283792247083,0.0735552841745037,1.4013958246067209,1.384412867636284,4.332830971970105,6.741740453088917,4.90008282406554,5.750283499715894,10.112066056736918,10.140535418036453,1.5769511293510403,-9.404079375701476,-5.144423282599691,-3.5682721753033264,-2.9476289261050947,-2.625157923990302,-2.4840391219113163,1.93182153373118,-2.143256837180099,1.4,-16.36613602965645,-12.762672403406745,-3.159332147590588,2.003002109642136,1.996756632563728,-1.8979504247431596,-2.1252497678924,4.3367917355093715,0.7529159600145213,-7.630130975105951,-1.1722146628153158,7.6992306187561,5.785424791169588,5.433216864805265,8.176431595497577,1.553399247416125,-1.7002160854917818,-0.668226818234102,-0.4368336816846815,-0.3427488902369357,-0.3058934886025623,2.1209512527279952,0.4131056342244163,0.0,13.743470707167097,10.255679152518267,3.1714176192198087,3.47394181218212,6.125991333603188,2.167333702677624,-1.3412545512617662,0.5889303415929334,2.465862046850236,5.101807527138146,11.513587473967593,13.032716895603519,5.469193872192888,-0.12432321362005005,2.4697826539320697,1.4278693350911322,-4.833752497226177,-2.8274320347138446,-2.0862421321882407,-1.7434528496390194,-1.5991371714964624,2.00199597247478,3.017153691837597,1.1,1.511933609418724,1.1727125071301807,1.5691109974487691,1.02205628079221,-2.8696902724717317,-3.6091088039228265,1.6171459532700714,3.994527166386965,0.10720544023323347,-1.4409112510974107,3.437910863556513,4.683877795781867,-4.077283765548868,-9.29950166708177,-1.4564016232501942,2.8423617545475297,-0.9794986326868212,-0.5110917778478692,-0.4315321881284643,-0.40141888703419815,-0.3892185814324355,2.6985698356910843,2.938139190933716,0.8,-2.2390944288984533,-1.5837959664361252,0.2525408257848793,1.1885421113740289,-0.23338188724382375,-2.665950048423128,-4.201753809375479,-1.7944324930642466,3.2991718646274326,2.7610186517444615,-2.5176235509558396,-2.1850158705866574,2.3845212149184247,2.913254104704229,1.2991122297131938,3.2083783369444387,2.3703347725299624,1.5247305070287809,1.3010520505294907,1.196945066831552,1.1530317402907535,2.1397972269675782,1.8850671391814509,1.4,-4.107173778088924,-2.4014446755907155,0.2307836297420224,-0.5658268412727984,-2.23089302350335,0.7933433963603058,3.708263976911084,0.7681689697262547,-1.5431509069823228,1.0885036136758153,2.52231392153769,0.4505208836484062,-0.2453821349674433,2.8895703750742845,6.524133206980005,4.931732947469176,1.1867866955606436,1.1160472265214214,1.04913645479286,1.0079199633294362,0.9888289893172982,1.2332275303659674,0.3610923106448028,0.1,203.15930434000126,359.5740553885817,87.60530860365238,-123.90847139856496,-84.60420828300639,44.015946601930196,52.56799500084813,10.775633547411307,14.407124112694746,18.72659334299623,9.945184338344859,9.153839917824065,14.511229526415171,26.851977154965052,25.134422947979413,2.7356870810733067,5.584892217559634,7.920303022921993,8.617442194968326,8.952129007655762,9.094138204346349,0.6211927228835432,-0.4023107180603936,0.0,838.9377955977658,-372.5268544424879,-27.54865350478096,87.1369703283958,-26.71317048587224,-86.82013528079816,-11.848671056107097,28.15633777092847,-19.065122344215524,-32.138381241322854,24.935953606210443,46.20900350282914,-10.947176248774118,-49.978732071408615,-16.896456234396382,16.348210715785335,-3.6438138275966447,-4.549471217385566,-4.927548005998908,-5.1244589925572654,-5.208209432213391,0.436422194904832,-0.09639452722793836,0.3,-1059.7288052251172,-362.4843490784642,26.48818397379957,103.68886807586632,-26.7461546857166,-61.99227222749188,9.328393290227027,48.12225830790248,16.908269799911075,-16.518703996249062,3.2277293600165766,28.707854065922817,15.900956140785857,1.7059762975856252,8.676297355338486,9.174567042877245,3.287944476766324,4.379991228464529,4.724934088019434,4.897629003324617,4.973241722581003,3
2022-06-08 16:30:30.475446500,-1.4326229382862232,-3.5025979659059034,-1.0204647684875254,1.2859848140259391,-0.4681610158181036,0.2672049284326218,0,1,0,0,0,122.985,15.73264474119176,14.763817842696993,-44.36807671054215,0.0005865777667773084,-0.02758376480963837,0.48936175874655,-0.1448698513151519,-0.07927460312360017,-0.16982000091826113,-0.03903524043086494,0.03102187847098164,0.019789602778595438,-0.06614902793844486,0.050151238543814,0.013384638401529706,0.0038791522086887896,-0.0014203686825074752,59.939404687500044,-21.552216261579503,17.13728492981916,-5.031708612454794,968.1575126702343,0.09263944179490136,-0.047065092610430785,0.09658878894616488,-0.07488411583927812,0.014090175260419788,0.019783647334363625,-0.03775455821169498,0.5990300377772573,0.5150170099434636,0.5621670921337785,0.341563032436758,0.3925656238678523,0.3379352783425011,95.58296813163523,15.63993065888074,11.223682544869957,24.029194044198302,1560.9834161888534,0.2661153599527585,0.360711543523732,0.14990952114125597,0.1137077244090407,0.0487572905507502,0.03015308348527862,0.05402285219842757,0,1,0,0,0,0,0,1,0,0,0,0,0,0,2.4136110718463533,-0.20242061884135332,0.6,-1.021982730408792,-3.817802251846313,-1.5346122361086034,-0.43121609081781387,-0.5309190765723422,-4.507790197348328,2.549090215648101,0.038874929057295386,-1.844785748110958,-3.9546908611942713,-1.8289221073149868,-5.253190720860434,0.6508585314004682,-2.452531901554366,1.266180094000801,1.4097555900448473,2.131683850675405,1.7670876025145767,1.646122759744732,1.5727339638272375,1.5381333225979117,2.5343793818802403,-8.371890136273416,1.5,-2.2388816081382146,-3.5443056393074013,-1.4864194584128991,-3.115471584986546,-3.8412069332339684,-0.06783246839436452,-3.8527335706544035,1.8041581163081042,-5.328769917644222,1.3812959806725171,-6.346347622017503,2.1537865508539658,-4.778729515953809,6.66203650760669,-0.08095907851832784,7.166297793943857,2.402627587339976,2.581022285570231,2.5514929326963043,2.5116928007405117,2.4888987721581555,2.3181123157735897,1.5763393063975115,1.5,4.730602635689252,0.7083057789535712,4.253318544944397,0.4435336238433489,4.249633323841446,-1.5640045003774987,-0.6489770332856617,-3.0606113678911986,-6.251593598409188,-3.884635734291929,-8.164715328146418,-2.16640500531288,-5.921877393991399,4.649944114821672,0.3741371285703097,8.39594744252414,1.5293351589510782,1.2900962683942512,1.3108434476342319,1.3114450689318482,1.3083469580711626,2.3279987564355658,-2.7010886952716096,0.5,-1.0398020155091268,4.000363713573291,-0.4190523440123788,4.702837092671233,-0.3558233648776601,5.724826762487059,-0.4647768936761562,4.897720437074316,-2.7738520933538253,3.628991804047408,-4.824606557481652,2.015951049658097,-6.015923413828312,1.4786055016049913,-4.88753655966199,1.303715278792274,-1.0734149212949264,-0.7037130174019829,-0.5667032814150837,-0.4920704863160225,-0.4583972990151512,1.9253604933183428,0.3583867034318524,1.2,-0.19770237703961224,-0.1511206613042224,0.8207835969500958,-2.79281134895156,-0.1298725558924798,-4.450801566193084,-1.9465425664216631,-3.710590565156767,-0.00015225224332104936,-1.660532941268796,0.9288098721991428,0.16023644128682202,2.985272708358063,0.3529534477322611,2.2407743179401,0.06608987079243789,-0.21147443313144787,-0.3898542368843502,-0.4301626420398816,-0.4468502129804911,-0.4534341926716685,2.5889203243257417,1.2144654580407357,0.1,-1.4287367128610056,1.8612154772542304,-0.7369748451279172,1.6249438276800734,-2.9423491494844347,1.2293492947809208,-3.387660683196772,1.2303792231948605,-1.7345149816369865,1.4318227727271229,-2.839348640328042,1.4127459689901916,-1.5785598353899737,0.42377924150237933,-1.312462613358733,0.7240391047207939,-1.1588457780374872,-0.9789448994061382,-0.8771293174652353,-0.8228364192780834,-0.7991021297019975,1.8627694247867368,1.1736963447981308,0.0,51.13105633637517,-89.83509616314888,47.42795827679468,-3.561984376793834,8.245444706131668,-12.492228796023808,-14.025205398724538,-35.02822575511358,-20.693931010674934,-26.94416163707956,-8.490112775251621,-28.350536415441088,-2.2840636425316667,-17.965683611020914,-0.21898217718208807,-13.701953405257845,-8.157835078433312,-9.886166215935509,-10.400931856297696,-10.675958368117984,-10.799246385967233,0.3758431213240725,0.2825583850890535,0.0,945.7605142524867,137.31242062896158,-18.302096626246218,92.27939714145843,-43.210028526728195,81.400479574881,-60.99181748449682,45.29501370069212,-57.63287632700435,38.949821832566684,-44.48334557295488,39.262294461741135,-23.988491302281105,44.699168685069544,0.18233763795814184,47.891189593637684,30.444622642250657,27.2350407161076,25.733565329985577,25.00626572517671,24.6948826689718,0.041061391418189125,-0.30589425910297485,0.1,-1194.9229357866946,38.85725420007867,3.8695639430838753,26.79314639771533,-11.908426414951235,29.583107667806743,-12.798396449760844,11.625403868312318,-7.7995257777401505,12.594309653147741,2.514624989106892,11.759245712568696,10.225870736105957,15.211773084771409,21.151811503837106,22.977447503351822,18.604118217983864,16.383698478055422,15.882716137700974,15.664704859231605,15.575456264092706,3
2022-06-08 16:30:33.225446500,0.8119433477711675,-0.2698840397081603,0.6039229787474917,0.44571848433311545,-0.4453346994871104,-0.4552147174760682,0,1,0,0,0,40.972,39.91059584910846,28.251268869230838,-29.612217364325172,0.021323617853620958,-0.18013866342873824,0.37266464673062855,-0.4193099070436591,0.06082750684601518,-0.10719049593521056,-0.04451889043261046,-0.0236719600795264,0.006548815507028989,-0.0813220316127265,0.06606568376976059,0.006629788045702797,0.0069179082904910275,-0.006178687210234151,56.66537135416671,-20.273852718123084,17.511691479651336,-5.2928965579434735,971.3066008268604,0.08913084181773387,-0.04383881183247485,0.0835156093015195,-0.07341083467848457,0.012031573549003713,0.01724911118341925,-0.038866714686826884,0.6430362101845338,0.6068278840843182,0.7170831081741244,0.3907557568478669,0.4234954564730185,0.34722506530683805,91.62836752408958,17.26793633178411,11.399175716728106,24.360245691174327,1560.5533448463646,0.2680309467382141,0.3646287778857957,0.16056217882381693,0.11434730402457025,0.05289757185667775,0.03548922223524917,0.053567202685898783,0,1,0,0,0,0,0,1,0,0,0,0,0,0,2.231389087956753,1.5421650259393365,0.3,-5.892445942150308,-3.933777392148437,2.3661169945751603,7.016219207918898,6.394656271585388,3.9542487214492543,-6.732008502562523,4.512242909960566,3.1322419960720227,3.166154153216413,-6.826045571466973,-13.641529579302714,1.3895810617585458,2.0266245047168967,-7.528049151905559,1.9366399962212741,0.8722711893850781,0.5137816166221854,0.4715964612153466,0.4497126926014053,0.4404792732791428,1.9600879034385064,-0.4585161282571393,1.5,-9.2004254732986,-2.4462154829986176,2.0228136136087134,2.632470800271143,-0.5982310065088018,3.098098766260672,4.923473937783314,1.3895303269604673,0.9588693035949872,2.5392527240550877,-10.900294320615345,-13.554598511136492,5.798037648803182,1.4376855672887587,-4.147798327557552,6.177455442306786,1.043128934854732,0.7725733665087559,0.7296388387225583,0.7016058347756866,0.6889400311608525,1.835247259020076,-0.345943985331125,0.0,13.21993879833782,4.299342384087352,-4.226195496876319,-4.126169724625941,-2.3871663595284147,-0.008223252274998205,10.768700567741764,9.114442069213228,1.660815542265741,2.0538509143175165,-13.921938335611365,-21.904585106792563,0.2963496525909555,1.65736113670367,-1.8527166073185783,8.876073516555508,1.4462701913575922,0.9823626102734418,0.8482490506756692,0.78080962179576,0.7520730649454461,1.5633806889132669,0.8912107313711829,1.0,-4.806311726616274,-0.3330690445034453,3.080114379711352,1.5230583914092115,-1.2162111782062135,-2.3117488416486816,0.8480203249833824,0.8599596736628914,-3.7783543702475484,5.058265610377234,13.165564092687026,-0.24208510188365254,-9.637028277886543,-3.4530061432733685,-0.39987483431563137,0.8581336093395795,0.1559762168830356,-0.09510535562282918,-0.11229073331772664,-0.11437800929570965,-0.1141251533954675,2.1501555595213557,2.5150810733782767,0.5,0.7864036187848736,0.07027504096253173,-2.6139221053533794,-1.2080606616450014,1.5614370948443759,5.0366648719243585,2.964095998528995,-5.7500208434047435,-4.864956312440522,-3.065958276258519,-0.3424807671437308,4.124960780958936,2.074763663513343,-0.7373937006458906,2.284665091995892,0.7754025291437169,-0.010542909608305728,0.26304763785494706,0.2683253481984148,0.2674879595865981,0.2663416228116497,2.0890824505428114,-3.7797586434361428,0.3,-2.571912911105046,-0.1253161443099157,2.5760121873155915,4.554862705123783,-2.282934160605001,-4.265057649712428,-0.7024726674490672,0.6625143800100366,-0.08827405794805712,-3.6449151516420533,-0.9773068797689002,0.9454732239838216,-0.7941770334987889,-0.2812374621688685,0.8025097654420361,2.6781330175211995,0.7254934282218224,0.5120723310313372,0.4479315950357569,0.4151438070013918,0.4008298637919907,0.7613093220856982,-5.866096776402327,0.0,445.23447178216486,49.3102225177376,-82.94403316454486,56.63012484149232,14.668178962299233,-85.77658685687865,-15.656933646304278,23.34262557054959,10.265451381142553,-20.463858923494143,-62.39673405527638,-55.9878554147955,4.517351753848337,-11.797411583315206,-46.93743830233278,-31.35019641560313,-20.91905366203714,-22.071181477748365,-22.082373685558508,-22.041823701847697,-22.01696914782677,0.5303069273764468,0.07746697248689577,0.0,852.0361265906972,236.59704040961392,91.34541346302437,-13.32283098709825,-120.95682930882938,-72.46360880992242,87.49616824909613,57.907483231541434,-0.4695808658926151,6.222932997893037,-15.182701149159806,-24.038975374086423,16.156726635065535,2.6761675671164493,-17.43752841299542,16.3569750769444,9.230710667124768,6.139343933344065,5.4465822351758595,5.158619955243581,5.04611710893867,0.2850170860444267,-0.2336596891006085,0.1,-1447.4103322210665,333.18705870006704,62.69290835079278,-47.83836099324108,-63.912680579634134,-6.3378496478211455,77.40650712812683,63.48595495325328,33.475651016340315,14.376125181125836,-28.773030602223937,-41.97382992219156,0.5584312891964345,13.162176610048675,-0.3397220894847308,19.44263023101935,15.045687268811667,13.059919498447654,12.672290804310705,12.517888496425586,12.459387243852706,0
2022-06-08 16:30:35.975446500,0.9484033995420096,0.21886499667649195,-0.29638666971475514,0.12998702305711424,-0.13363268194480873,-0.2498377490658879,0,1,0,0,0,101.993,18.69910758169297,15.08165489687623,-45.81818749942536,0.0011986265436864318,-0.038936582608899775,0.5053744649876238,-0.2119810411937264,-0.043502513674715984,-0.03718255241751532,0.015408325130037415,-0.06106231006427865,0.00711940420647156,-0.0811325024066302,0.06727096281371743,0.010384602417071415,0.000821098152815405,-0.006152578571175126,53.99982447916669,-19.297903227933745,17.46989983469354,-5.5708582585283235,962.3558445868238,0.08639229058834237,-0.03875236827032953,0.07545682884361761,-0.0701041246345769,0.009357247866882109,0.016298280487907348,-0.04028710223152274,0.6557614328365674,0.6140284911821287,0.7175439216103683,0.38874792206007175,0.4080077403556861,0.34709053357910685,88.8748253449626,18.595112923311923,11.395331274175662,24.71171825939448,1553.751173460576,0.2671100263974083,0.3699563637985111,0.16795900580490009,0.11316523457750224,0.054004817263049065,0.036258302155020586,0.05272056876980742,0,1,0,0,0,0,0,1,0,0,0,0,0,0,1.8856725447812237,0.8387673177966217,1.0,-4.34459801865955,10.049045023531814,-2.3233548721719504,-0.8815682144454049,3.2709338710038938,-5.12925289899626,5.646946132877673,3.7040439454938623,3.3176118934466627,0.7181559757606409,13.928492534803267,-14.311551649626152,3.3023651012877115,-1.1170981859316569,-2.6252500734285467,2.922882544465962,0.4338519646366477,0.8821174947217885,0.8699601146001301,0.8563436081750053,0.8492536688996974,1.7297039766879672,1.2812000297867627,1.0,-10.595762382179283,8.724796268220263,-0.8108920514975173,3.476942972009542,1.919370482297357,-0.7969342622362017,-0.3423650245168373,0.908831229515235,5.248139024414552,-6.034893327443056,17.018667688589705,-24.30106834306255,11.857580988938608,-6.095834396755265,0.201607442731218,5.468796286224283,0.6142376926569524,0.5162801266793133,0.4050034492335288,0.3611551602872845,0.3443705812394772,2.0087521270351147,0.9669096766773976,1.0,11.155544587484627,-8.643664360505358,3.191057900779785,-0.7767539648448474,-3.780351116004359,9.133129343000656,-10.432434097789537,12.737931767934061,-2.4073213263981703,-6.693534825510937,24.154624911850355,-26.216491165399503,18.346400839848517,-3.941484422047584,-3.1655375231194376,7.369952642666818,0.6593296316684079,0.90618398616401,0.8145024675853163,0.7620612297853238,0.7387251036517091,2.515611806715755,1.3260686148977598,1.0,-1.8757426453935595,1.9018276151822715,-1.5380978725781145,-0.7826894915860481,0.8794469152209227,-1.0201866951602503,0.08839762367742032,-2.451295512055732,3.180734123809339,-2.8010859924548868,3.311070659496784,0.5209359451935422,-1.5648624364493215,-0.7168419214737776,0.6143115706513171,-1.928186224292056,-1.0225539923986842,-1.1166178132775435,-1.0503477009999305,-1.007039275958606,-0.986551818434558,2.0672363073493067,0.8915149118260953,0.9,-2.2771346800322627,-3.4350247290277283,1.2379148843364554,-1.1887808997957892,0.3748849126586396,-0.7315721117213074,1.4589189087115582,0.9555501171674547,-3.2799841548762583,3.9504126976361076,-7.303863348789301,2.435866036318321,-3.3174032154220665,1.88816371409969,-2.6667097654077403,-0.2883485979466229,-0.7880567758648969,-0.5646420707357553,-0.4756446808845548,-0.4374257516576604,-0.4217848842892241,2.400941315308032,1.1870843138316285,0.3,-1.0289225285085255,1.1314977948527023,-1.1052765293627418,3.492091336849959,-1.793919888391307,0.6157824760147015,2.3249258932686816,-0.2538221221452523,1.4091062520680786,1.2299764196901677,-2.0649728704689254,-2.9341448488270045,1.5396039796441157,0.4661299981320988,-0.5727429849815011,2.495224188597984,0.7813123950663182,0.6249027747772707,0.5617083692063489,0.5340172423356638,0.5228462579008322,0.10486214673114846,0.07587215640960203,0.0,770.0618743932553,-18.924267190015886,13.211243979631211,8.253201736168556,0.4340155263900769,22.088287664824566,-53.512505951091,42.39111431807696,11.449509849881293,0.4216715304324996,37.185291947397744,-39.19512768069672,7.074394749652664,-1.8895350314752088,4.842395429265867,-1.0188989495499108,4.868708640064011,4.106517625162741,3.7682559359082752,3.6145200676411777,3.550636545081022,0.4432070921965911,-0.046470498622964186,0.0,763.419928441564,-134.43068595667714,-14.264651498433262,67.53786564255273,-49.41615104609452,62.21830734816721,-60.33579416979722,15.59612110109432,30.544560566086172,-54.68036219421332,67.19781236749483,-71.80551866727987,49.01684990724047,-28.235006710925816,13.676333023809907,2.291559784359512,-1.0686142494708155,-3.1492145662480926,-3.5734991304514967,-3.7079391173441265,-3.750659661310212,0.07523474489385673,-0.025938256935323437,1.0,-1734.7283258123846,-85.49293377210833,-8.275043716244483,51.304511929086765,-32.106537513372984,43.26795640564768,-70.47088226606668,46.52830608708659,2.9898274996801177,-24.270590547721014,64.61235458725128,-62.20151396702899,24.242769902230336,1.180108580603978,-8.50911561387003,11.418594759034118,3.6127944926272018,3.481785705382641,3.150994788035895,2.994711100334385,2.9286904529202347,3
2022-06-08 16:30:38.725446500,0.5965735521648678,0.6928211154507689,0.2877310781831889,-0.09861888671707662,0.22693364246607106,0.5491942160751495,0,1,0,0,0,84.98299999999998,10.672103287332519,16.64244577155933,-43.54148874734589,0.0012101185932304652,-0.04284059005166707,0.4568864020632346,-0.13316141871493328,-0.08376110569374075,-0.074275436053017,0.027714307548037498,-0.06345116128612986,0.006990968006055673,-0.0805297187881773,0.06590626156468606,0.00992009887733252,0.016764862453834666,-0.011877502415107485,55.309429166666696,-18.319909927728443,17.45116200231847,-6.781058008255902,964.2817288408188,0.0878404221630661,-0.02608166405673389,0.06547047514795429,-0.07280988423166697,0.00865733387610198,0.015137593121625709,-0.04042639730203865,0.6495714286244649,0.6144848610988921,0.7209816249146797,0.3796627546993898,0.37048100790748095,0.3304413323437327,88.63148234203103,19.031104583891775,11.328260968392366,25.167890201891858,1553.1285194875963,0.2663952689968283,0.3767905959328692,0.16746666432929114,0.11075162148910632,0.05273133103800634,0.0362488326438493,0.05246631349585467,0,1,0,0,0,0,0,1,0,0,0,0,0,0,2.148452214748249,1.0814804665464348,0.2,-6.435407040552953,0.4961645379308561,4.765599122578765,-4.373277046607594,1.875744478682136,3.4959349741419135,-1.807501361410016,-0.6073343193388014,1.422883110691841,-0.10249258597543287,0.8582079114691212,-8.944172778580086,4.23040091611008,2.2692514143025035,4.710564405671376,-0.240073900536399,-1.9222732996807572,-1.4658531439496003,-1.3932613556807063,-1.3628827490314372,-1.350198589562835,1.2811936662131378,0.15094359438663799,0.9,-11.52299300622478,3.3295451408563888,3.8050994854603246,-0.5872488388426426,0.881657958409397,-1.1361764972589032,-0.336146920757252,-0.6908534540643213,1.1056424852017832,9.218079165592242,6.472836668002277,-23.67462052186673,0.056959373865089764,5.903210105069043,-0.8029494003401374,3.1450515573204485,0.07323237952573902,-0.17061115649701253,-0.2597832809831775,-0.2997933923213073,-0.3153911528427171,1.8811126077152287,0.6410713337691262,0.0,11.519845543125706,-1.5677544059243214,-4.161611815573098,1.416820850363675,-2.8102966019494056,-5.5084720572270385,7.513689216629651,7.11167651415082,-7.237035266663311,10.426484974396576,-1.3662025813507277,-22.880248514000932,9.69058415567236,4.89623085266335,-2.7130947101964686,3.403046308005893,0.5965331202123876,0.7376454665211893,0.6325536532091467,0.5737556194475669,0.5486156695055574,1.6914215728808808,1.4436724098911555,1.2,-1.3400021870036047,-0.5324936734962302,1.5165494485131767,-2.4998611219860987,0.16147071046010508,3.460335876906065,2.5158483067679014,-3.12318064825292,4.627140924784647,-1.4647623076908245,-11.907887469414304,4.270404003891878,6.125272923577324,1.265473518690845,2.192109992855463,-1.2601386909838614,-0.3440129095176059,-0.13480715680418234,-0.08699770515430333,-0.06602697881783022,-0.05769104357062242,1.9552069949698871,1.2306037973449206,1.0,-0.4833869531944386,2.867899982033133,-1.520673816844107,-0.7642006193174822,1.0279961956749986,-1.9747455515375811,-5.471521903402939,5.373629809570382,0.1178359786625155,-3.107290947611694,6.738142700425664,-0.4729647554527658,-4.800516739600225,-2.7425077370263855,-0.174178691778744,0.41069644375209796,-0.05426652619259559,-0.12190170316788318,-0.13050017430723732,-0.13165684324374305,-0.13162292540374634,2.139290958730762,1.4001465222679246,1.0,-1.9573864269686183,0.3004300277566808,3.274390441906475,-0.7332309784018451,-2.7020108840918438,3.0648422636607933,-1.2289535590048355,-0.7488056232937854,-0.05045706021226232,0.4814486708822422,3.5884927483929534,-5.109807352359258,2.028158332606871,-1.4921404349604657,-3.0752194401324404,0.7376074608017471,-0.2464841112553097,-0.2129315519767807,-0.19254443456838832,-0.17904024370212102,-0.17241484144185207,0.4303917005041976,-0.13918233361291735,0.0,758.3670558582219,-284.30161167193864,-1.743228620779874,-24.748735655836054,-20.852471778780867,7.493246095567442,44.978647090465984,9.863468524445594,-8.615895359301774,9.261319702980797,19.13247165074497,-29.36396299327418,-8.62376197293418,0.4472976811510527,14.309595368511633,-7.574106294861152,-5.233211311054994,-4.796174489165448,-4.732350632179248,-4.718387956083804,-4.714791490671061,0.22212027676650245,-0.008977764394324267,0.0,802.2051605115124,-85.78595270532736,6.222415987825543,29.687515188383216,-57.69071080858944,-37.714050038966924,46.12067074567873,4.142181043284744,8.56354183384586,40.82205109711191,-29.4557350313574,-66.51794361749221,15.430822854477684,30.02697606638989,7.13996657215305,-0.2473134783551849,-1.3429650931607924,-0.5350004914745021,-0.35730579327661616,-0.2795840873087627,-0.24814540404882024,0.05257395674294453,0.010022930525872359,0.6,-1695.9367240677634,-77.15878734321964,8.270134043812616,23.517305619653,-43.55556550106832,-37.690302221935674,48.14575231699403,2.777923185657848,-33.46120011922527,39.057996768733275,-3.767915014240636,-57.23144110711808,27.319705935131093,-1.8867567613454528,3.324241961300139,7.314227294965647,-0.4930377283291776,-0.004875033093284742,-0.02690675838564971,-0.06364473562820194,-0.08287263487648389,3
2022-06-08 16:30:41.475446500,1.924112962160476,0.7435500846966666,0.7889121918538012,0.4603551899584709,-0.6353483843415563,-0.4817186325720847,0,1,0,0,0,95.9855,15.924723103482638,11.336196708775427,-46.04681100589103,0.0010437286327107352,-0.01584242966112825,0.5108290484383655,-0.18444810941952425,-0.03103509140064841,-0.04715637270058559,0.03402247675116747,-0.07219185266404747,0.012898459809993072,-0.08173745862225555,0.06540303090327751,0.012384958254285507,0.013819204452265659,-0.011356444059017009,57.427616435185215,-17.304609875399056,17.32883655395148,-8.248985986927522,964.2802163670773,0.09013641426395888,-0.010498806684618495,0.055503836983886785,-0.07606398181468628,0.006835207685133354,0.014341142243159712,-0.04123410697046615,0.6877650127988562,0.6265392070041849,0.7248453230102181,0.3804044052859327,0.3720892269957184,0.3335540814547718,88.399940148299,19.509451473952378,11.34569135150419,25.470394856583038,1553.1294604330499,0.2650000166412376,0.3835895221682228,0.16711277717243808,0.10790338961109228,0.05307181014996693,0.03695675646729021,0.05252978005335076,0,1,0,0,0,0,0,1,0,0,0,0,0,0,1.9089969487974576,0.7931895722692803,1.1,-2.3596748860349237,-6.0450576736112485,-6.114650147880947,-2.382909359243581,0.2621431190947304,3.2881459322458486,1.874347707069627,0.07746363493827024,-0.6013222530508219,0.2640121748809371,-8.477553543770208,4.257261915575312,-2.6649276693603388,-9.768907421021195,0.7002257757515968,-1.8757209940876167,-0.6867996440583891,-0.5724146212946645,-0.3813397913971762,-0.28570157916744937,-0.245005675834188,2.105873683395143,0.8421292947328382,1.5,-9.83349074902666,-6.651080609026291,-3.5724862729242743,-1.9173733930104704,-0.9711927093453884,-0.5761890664965712,-1.4530913603832,-3.0264221096215085,-3.701512966872413,-6.03072311315664,-13.586055640446821,-11.907073513193396,-9.346226798366137,-9.041001034645063,-3.130755095133793,0.8734830933783332,-0.27088839681219395,-0.8195206096465375,-0.9160976333912072,-0.946067450901872,-0.9566552239367244,1.897453550499132,1.3499177936238351,0.0,8.067463128748063,5.895781757061241,3.521515690218051,2.4296078819639284,1.2699661194604617,-0.3474387911287852,-0.6811004554351293,-5.505080644959712,-10.803697599497898,-13.152723010406499,-19.81536581728939,-10.008932044665148,-7.480664967858869,-3.143153317110845,1.6083721684371848,-1.4742831388206157,0.9999753733884394,-0.20477372228389276,-0.4812533835712304,-0.574008470320726,-0.6079334712162977,2.05655726038132,5.160378278052233,1.1,-1.3599785639911923,-2.675727037708083,-2.983733574119792,-2.650352606916884,-1.4456456039830254,-2.2074971903164564,-3.022989577956923,-2.582353052066601,-0.6302637048177216,0.7743214344188052,2.9682206054328466,7.35768010133806,6.761317199642693,2.0011798372502048,1.9091958760049372,-0.3748810233664663,0.23702719359372001,0.4896183898393862,0.5177536698813706,0.5220447820025951,0.5220066009774874,2.3490331745096737,0.7251265418296556,0.7,-1.0877629500983284,1.1136404176194614,1.7953693170978478,2.170126756755706,2.7917924018034923,2.588836850454004,5.315872714844602,5.437898758492058,3.875338339588956,3.4305462229958708,3.388679434033948,-4.32661025569621,-2.0018858813415332,0.04718169326230948,1.101962978710123,1.0430894825162635,0.7863553542184543,0.6112721039140907,0.5651889826925298,0.5514793430580975,0.5473033054513128,1.8790067064288891,0.1269361211009633,1.4,-2.175764311287136,0.18121491280259205,-3.0750268855318814,-2.177823630660325,-2.0665790584357278,-3.32412773291848,-0.21506113071520686,-0.9828718154961716,-0.7036997495644841,0.261603282325581,0.8268967791325129,-8.132883884653998,-3.7312904315810185,1.657707367533812,2.6902318452696026,2.0461925052568826,1.115505771500188,0.8151172484556803,0.6614021109591623,0.5817722427096605,0.5468885170680355,0.1539298309692515,-0.23855657630007435,0.0,797.5653275877668,96.91538644377772,-45.622339073786485,-40.03068612785499,-1.2530551130023897,14.980552881947807,3.7990526958662194,-23.94680422814609,-19.08997055287749,-9.717413046208774,-35.080861098807944,3.4117056220537663,-11.162325343697471,-17.173810382197658,-10.951915305562869,-8.454864791462246,-5.31549248307461,-3.0100620421005875,-2.1925616636605407,-1.8006721329093534,-1.6335664063816573,0.18564679593929795,-0.3560737772611133,0.0,740.7020290508893,86.36109798798624,-1.0643534437052864,-12.291669086307445,-25.601648510863647,-20.668495089912728,-33.13517048082671,-41.96318808842958,-48.93357190710379,-27.3705380855859,-31.96116105409035,-26.773807289324235,-10.180477789083671,-4.688185345048751,2.3190832235255225,1.399501137774834,-0.4445922791154953,0.9662574680443204,1.1193057170852896,1.1393088379180405,1.1384328190909736,0.05028382513029656,0.10197875401697548,0.1,-1697.8961083766048,78.24143753204459,0.5496126898257216,-5.342453904118513,-21.29256255092588,2.9921370122826834,-10.015636551007743,-49.11142219841721,-49.74529123918541,-48.19355177785759,-57.90627723219455,-31.00704022974966,4.069612501240698,11.383075936683419,9.704607293027642,3.3693863107444733,-1.3138614130367046,-1.3075704025550363,-1.3715184937430038,-1.4368786450346782,-1.4706956697012394,3
2022-06-08 16:30:44.225446500,-2.261739721033844,-3.208048692693035,-1.9949973654195,0.07852266352928702,-0.284991244265061,-0.3216124059932924,0,1,0,0,0,78.03,9.587781100410613,10.232861782623436,-47.19694712942167,0.0006478331019136363,-0.0021876184899617267,0.4994526975337839,-0.09970089593816107,-0.0808219260569516,-0.02204471953566389,-0.07263377183070846,-0.08475536108433324,0.01255478753306209,-0.0912000640216374,0.06769560925243898,0.012127250719196462,0.014146792453760484,-0.01292474264551649,59.40678906250001,-16.24344327285107,17.25973486902278,-9.743257495100336,943.198953966969,0.0884419619100105,0.007340771963250743,0.04684922639504282,-0.07800344046626816,0.0053431780830804606,0.013186693791518432,-0.041928372729109716,0.7491369259314372,0.6780913042965249,0.7503377804991157,0.3888305560951854,0.3800002870673437,0.3427870644351968,88.06609983191967,19.926698861131364,11.377267736101096,25.74189678677864,1540.9521864029075,0.2621436691509079,0.3880967291419463,0.16670438695005665,0.10524938742650794,0.0535293317849876,0.03798940597011727,0.05278849796910743,0,1,0,0,0,0,0,1,0,0,0,0,0,0,1.6930499964352068,129.75431025171878,1.3,3.5283255971047636,-0.978914339498192,-0.044101925819703965,-2.834470263183221,-0.37994929492327056,-4.109391308117491,-3.092312881054868,-4.5614880473656365,-5.011191312485038,-3.4353079429753484,-5.2591517149377545,-0.6353521790690301,-16.255753603843146,20.23448380353878,5.2411802362991065,2.936251131548853,3.621123191801893,3.1044420079908486,2.836502794880939,2.676397890457824,2.6015963917002924,2.388179894862059,-2.4505825306232314,1.3,-5.225810437399526,-3.10999734556844,-2.3993339495383257,-3.2183021220485406,-3.644699450705955,-4.110767918609433,-3.998271903030448,-3.7261794588025534,-4.464073425660173,-5.648507003473988,-6.865828857356408,-6.199762853644621,-4.535364681632228,15.674922383093667,8.355399431019045,7.218838001900528,4.283272300542576,2.9185030617431837,2.4394300503717377,2.190423347675866,2.080471734451188,1.9969833953307303,3.2074560901594467,1.4,3.8030837450192463,0.2829961518497163,-1.225204358940932,-0.23813565466789596,-1.2570663501312276,-1.3514996127380552,-3.811114189786324,-4.3997453960027055,-3.952020358494176,-2.111814070651027,0.5669526384636381,-1.7057541791827862,-8.253847541815144,8.27996424855484,11.184976885870457,2.5357279742911367,4.214516459529706,1.4785636964887503,1.0233388966622357,0.8240506866651042,0.74214568997142,1.7566956522542598,0.8970811870185466,1.0,0.7463387227104,0.5271568587303356,0.7398144283955196,0.011784033228971091,0.5672982790160828,0.7426734235685424,0.8190921005339972,0.461803021297304,-0.45623720591649897,1.3600413475315516,2.360319497644552,1.414708132885717,-4.539251915002709,-0.9944507951837038,0.2671225762349036,0.11158654224117848,0.8099260766861582,0.7835701062212955,0.7762717655631142,0.77092404241698,0.7679618943534849,1.9477400472244697,0.8653006616748821,1.2,-1.1066091793731851,-1.180263119354376,-0.28552123300766924,-0.3629382963788936,0.1324482411824587,-0.5459667663334105,-1.5010806764324145,-1.1642619775330827,-0.14652087825442614,-1.0564492385066684,-2.6671038532595346,-2.8240202772539864,4.974740181734567,1.6905392137828406,-1.5087356477732348,0.02470964507210072,-0.4594086572083364,-0.7703588753135412,-0.8154791922023392,-0.8284092669860684,-0.832157333907141,1.8951257483651125,0.7449051428258132,1.2,-2.1845969372312046,-1.705650700455149,0.3912829424925391,-0.3782836618129101,0.8406596063548618,-0.446622951672108,-1.3738310042964752,-1.491973930865691,-0.4015380756888266,-2.1872794364719432,-3.976465712133,-3.7228915585095255,5.882163221006295,1.5040850641377843,-0.5002412984080049,-0.5458939927210597,-0.3107109691202797,-0.5291527900634571,-0.5813295819156767,-0.6009439342314158,-0.6083530702474914,0.21275085851334227,0.2577155627496753,0.0,600.7780337739819,86.6816804842053,26.998823082205053,-4.573492636739502,29.2615318491547,4.04610925746502,-5.553376836681501,-11.697012058949726,-9.756591556800851,-2.2963705751868857,-8.166549647998847,7.902390876625601,-16.10575934376056,44.48276456751562,17.92802117185985,15.755305394154954,14.944037520342562,14.532058229750696,13.79864100499249,13.349394893764744,13.139199193812807,0.049966506816800885,0.14563943126209494,0.0,554.9207896600421,-1.2854164336362146,25.11360660714251,8.790259775031089,-3.5245343949315355,9.053216856224976,1.2399751833308983,-2.806917945165587,-9.522381748978804,-0.06582040355006136,4.664103214641436,-16.221525918528403,-5.209468342481307,11.609100429617007,12.136658441001847,9.024627864606883,8.287148948162505,7.597951837055192,6.988875838915014,6.650865936592659,6.497323788441649,0.0036870016411649172,-0.032175344532937515,0.3,-1839.3895341856173,-21.898274223743925,8.62314747092924,10.812920020228633,-10.781865141519361,0.4808852041112885,-8.155365746296482,-4.742170437611861,-0.8990449032395418,-0.4843258589378436,3.290151061391008,2.745152155041559,10.544374750936186,4.408211274732693,5.6110731471232,3.326216906278745,3.4224720494526584,3.613531447005229,3.5508834279225496,3.5081514556903666,3.485755039305868,3
2022-06-08 16:30:46.975446500,4.311622361824295,2.41362127506328,0.2501065158076826,-0.0991684149388485,-0.6520953909200966,-0.07238982061819471,0,1,0,0,0,98.01,23.46767316705121,16.16657463838352,-46.490269616935386,0.00014534418880088668,-0.05134730991555863,0.5219718293743444,-0.2828161415086385,-0.012441481751225636,-0.03921595514288675,0.13972080724448493,-0.10760741005842818,0.019006492956740544,-0.09493930149119616,0.08322183742303474,0.010369060529768834,0.014188596432292538,-0.01217919045276469,61.50562343750002,-15.11367020338048,17.17766576133043,-11.262570164912868,894.4970803180057,0.08202285289913952,0.028371520780958625,0.04009472361604542,-0.07761328811383296,0.003586567306222331,0.012153519241759898,-0.042499047618694816,0.859244989767843,0.7557457197783858,0.7709735068514069,0.4036209141445301,0.399563278258594,0.3550282504756544,87.72269024207588,20.401897616859415,11.43171970952618,25.94391151251924,1509.5434683494643,0.25647665807634074,0.38934541172087817,0.16825960430299278,0.1032426851195468,0.05424641713201549,0.04088448448293161,0.05304766467344641,0,1,0,0,0,0,0,1,0,0,0,0,0,0,1.9177836573863916,-4.737619537216005,1.2,6.362513692214582,1.4872136584575928,1.7240962151667405,2.3446593844373913,4.985968373561151,3.651436997356942,3.7260423722588505,-0.6372599348754782,0.5384233557654072,1.5008994204014598,7.332293244406492,8.412613236118446,26.369438735668698,-14.60050306123559,-12.4268248402276,-11.631582035001998,-6.828857481689272,-4.667717749258051,-3.768340282689041,-3.318254542030327,-3.1249312489273917,1.443068030478598,-3.725140718702503,1.2,-5.1990528612242155,-0.14026489836812805,1.4440393737259711,3.0886447622459614,1.9234903326316557,3.5485018153784336,1.6956478998044788,-0.7384108308899109,-0.0427753399297508,3.6196749096826784,4.521565897703784,5.39211564182173,26.962134047643385,-17.391404852295835,-13.192413577509381,-3.1952236874125184,-3.6679740047878164,-2.084172530522414,-1.4092284892273426,-1.0886234772614043,-0.9539505784477236,1.6514750957060755,-4.208256239833875,0.0,11.43910269306393,1.048160184441117,-0.056089642890741136,-0.3255640796774845,-1.0257303218212486,-1.1511707755338736,2.118096355855186,-1.3135853386303875,1.416806040087826,-0.3157844243099293,0.4734777719300491,2.16450628255765,10.622800453373213,-11.591921426934212,-6.380326621291483,2.9253973300383613,-1.3668561785445281,-1.3055674092145702,-1.2686406214831625,-1.2417310156602044,-1.2280518328136545,1.03827603580493,1.0191444821271116,1.3,-0.8420894408883739,-0.5004960106093616,-0.9696096847442424,-0.13804723671314578,0.2860833464207049,0.3494522459135765,0.02883257610455975,0.4878542312989795,-0.9922782637447732,-1.4168941180210082,-1.99307076216609,0.021461361648756783,-0.6139506580064229,7.457504272358258,0.12121825131722595,-1.0634343281609069,-0.7970883152810643,-0.9919477063912988,-0.9633494222900952,-0.9402388064996304,-0.9288176528531502,1.4283371770725852,-2.5383997831094507,1.5,-0.3490075374197297,-0.6348368090761103,-0.8951088506259538,-0.4312141563045342,-0.22261679572965165,-0.3952755814968731,0.2274143237081788,-1.3936300451701036,0.5655796361132504,-0.08693470038054317,-0.7712319980516951,-1.7835602730040077,-0.0437273519506044,-7.521151267757052,-0.04547586755866684,3.7727908515597055,2.0601930045368406,1.625700272358379,1.4376207613990013,1.3405949068664136,1.2982445379558685,1.4863431166695351,-6.401993625882414,1.2,-0.7172446216470917,-0.3541819215981191,-0.842704094801275,-1.0782738446743445,0.6679960098045936,-0.15352629695007108,-0.2513195956310146,-0.6851660754203478,0.2635943010275462,0.4885071351327495,-0.8164621787004207,-0.3540640300403699,4.429853809544214,-6.3674020278905035,-1.4674535567895364,0.5996401248216351,1.4164690361493877,1.1914492137730524,1.1225299358418432,1.0831443671860923,1.0652726970022353,0.1644620328825733,-0.059228442332238826,0.0,566.3570208660162,-4.6069340839399615,5.05307621759826,-5.2241178758080276,34.14223945048189,-3.727766824009663,13.619747952344424,-3.597187245285013,-1.036247239651466,4.2959769129633045,21.36461242928605,17.338326974559287,60.1899614111948,-32.17517122261029,-26.109847997734214,-22.487799648323197,-9.936185276665324,-7.004871697555451,-5.452457076828472,-4.655092259558434,-4.309312493174194,0.09864233570819253,-0.09075755265164538,0.0,512.8393393905818,22.462385332896663,-9.974256911064737,10.55907613289228,5.506189712842757,-3.4762637377661534,2.3369421330776063,-1.6715243886391633,2.3690754893126886,-1.0221190941512006,8.466064004828334,2.455069349173177,38.676476474783584,-6.125896218068508,-31.22288428266406,-18.692109333028387,-5.859973457868099,-4.14298816609361,-2.8760572866491394,-2.247187218313871,-1.9776950560823725,0.0013845497109918213,-0.00838089050032594,0.1,-1861.7538864472438,11.427866904668234,0.8382077375551944,-4.59553308144416,-8.60722476295129,-6.932436917680974,2.738051601075384,3.8415746834632216,6.571073710946315,3.611973211264655,3.6103573515552516,0.6248139716340191,2.353852172769461,1.573661212802001,-2.188486331678206,-3.2767879363026613,0.7548806183469026,0.7262079240928898,0.9457660740978326,1.0678320408835873,1.1212523654368791,3
2022-06-08 16:30:49.725446500,-3.36218843518573,-1.3613751924102486,0.1528920099750432,0.034261792666118264,1.2702483068138888,0.8359814155187444,0,0,1,0,0,90.0115,12.236313181504016,3.55544616531506,-45.55591124085516,0.00040478234045700153,0.03130630600648652,0.5076308963684958,-0.0768940797707381,-0.04200601525797811,-0.11813062516906515,-0.11501198014184355,-0.012695764922040213,0.011436882608181095,-0.1165875454432332,0.10290765340960027,0.011263890443372854,0.015337414810478471,-0.012391205272445268,63.46200156250002,-14.028101291375087,17.128229500411717,-12.789628134225428,860.3751767978488,0.07798851773072582,0.04777810412205928,0.032409586822021816,-0.07885514074505127,0.0017499747530477837,0.010479908223477993,-0.04286410411621595,0.9839249357517176,0.8303595275592781,0.7913284439926139,0.4300266569124851,0.4206151317253845,0.3758395504062694,87.30356163721336,20.743048458791012,11.48609118925704,26.054444499263806,1489.1142456342905,0.25264109304401394,0.3908414105738279,0.16862976035888955,0.10089390613216807,0.05514169205373395,0.04502801449516178,0.05337276845149625,0,0,1,0,0,0,0,0,1,1,0,0,0,0,1.0384166063115472,1.5548111381215026,1.4,2.1036031619509674,-1.426467352340703,-1.6538750458055924,-1.042159553731215,-0.4293166489171632,-2.2299722768256918,-1.0825744956842804,-2.163813331958643,-2.9595952463802235,-0.8456816626398274,-5.024410194429337,-2.145906571263617,10.22498388946125,23.36692406689415,31.729100865670805,-0.4592136062233043,-0.9170745729103096,-0.23193967917240246,-0.1089961377531301,-0.08421372285946227,-0.08007900806573667,1.161188557847653,6.904141975762888,1.3,-15.041871602395101,-1.600973158041926,-0.4845349602148066,0.3717819237684912,-0.5081039814939896,-1.222622280078272,2.0597641035508762,-2.377730987178273,-1.1766467627362318,-2.2585232759532743,-5.523968491992592,-4.123514791773808,1.371283073795225,29.892269106841606,13.609889899391144,-1.523847868236491,-4.040923796169463,-1.3384341930099306,-0.7130073713663414,-0.473539632958692,-0.3834742941044593,1.3554624520037228,-0.09065922816424662,0.0,20.59307122194017,0.4317038203921264,1.608371676398432,-0.03294019071311993,-1.774648935359402,0.0390147390626534,-2.1247439608540817,-0.3673089548257649,1.2964877349983817,-2.346503516616582,-5.946520045478859,-2.492320382433311,-0.216367075923638,6.080258272720277,-9.953303696677542,9.610632841737953,-1.4426850391814805,0.5102370438084316,0.6073847525469893,0.6286254220642513,0.633208969945164,1.213653861999913,0.2852502445153768,1.4,-0.038211504095016835,1.2629457034357356,2.322522800477542,1.77439760625029,1.6334771799485632,-0.6224633572851097,-0.07845597248299152,1.9190287554149263,-0.35025743765348283,-0.4092981247780168,-2.005309136885631,-2.2478676050809208,2.8085650462139586,-13.411254548998876,4.791070954344301,3.53754092420662,1.0693207405979812,0.6389401090550249,0.522134089929686,0.4790253208114228,0.4631418884845692,1.262021082483688,9.698386045069109,1.3,0.03969823824000573,0.534216021600519,0.7862759455197522,-0.4439958206811232,0.26530359976517703,1.8311699911307853,0.9924803045150374,-1.0688359321911989,1.11817988193784,0.5110150351421947,1.7435556682470452,-0.0336128536911704,-3.172833914062578,9.912559861194307,-8.739551654338957,-1.2024828999599446,-1.4617875357481191,-0.8099685362399599,-0.6068350176987551,-0.5129992620702065,-0.4737371022410737,0.911324298249563,1.8933210153064732,1.3,-0.8425576864617389,0.5161246809505774,0.3090022825608696,-1.1920804352692502,0.0016313017932502172,0.3351231601225373,0.4110404826191985,-1.184147605228135,0.07817283422184129,0.06396689041796423,0.920004037309902,0.06209497861661339,-3.2559289622564824,12.109610386484148,-3.5045032481677856,-3.348277831983619,-1.1075822781261129,-0.6140708420570096,-0.4770454942936045,-0.4141726712112063,-0.3880560132320826,0.12630704996023714,0.11920224998224513,0.0,617.5308310502187,-3.725522648228605,14.982166076380338,-4.179961198991613,-2.387276788742604,-12.191074924087332,-6.8355559780360915,2.276125267760001,-4.928770589665287,-6.13672281526166,-15.805879327304075,-8.613141741945944,15.134851636181676,56.81940741225009,58.010663410397946,-8.319277402992054,-4.134922016846923,-4.409208732392878,-4.231000707534282,-4.158981355638748,-4.132977148173527,0.16727507795658056,0.17527090427986425,0.0,481.18229162413024,15.870701453694252,12.015211436210258,-17.83836468281254,-22.17517341786095,-17.315193830660036,3.926780357922557,-4.313411069668774,-5.2280722286046215,-7.993617995394142,-24.285382054394226,-8.352746092293557,5.395955594041394,35.38497391013503,46.5936417930125,-7.267440025544491,3.126793238597536,5.178786732972408,5.7120617704937455,5.903509802534256,5.970715506386597,0.002355046426488579,-0.004487209376372367,0.1,-1905.1489826203835,14.868578805152538,9.107415614442743,3.7946262130994337,-2.608495662988048,2.823343218588164,-0.8982289030893043,2.6602360230594972,4.290809152990647,-1.5847504168171582,-0.4035646743699104,2.1794285781924074,1.6193227971823845,13.397783665169115,10.527291531481874,-5.799739324445014,-3.7763664018470986,-3.4425940215636928,-2.9047605692852443,-2.6330135837519717,-2.518136065937539,3
2022-06-08 16:30:52.475446500,1.6297018793724918,0.9078494751123346,-1.5832010160350938,-1.6781390974102441,0.546501750112115,-1.1428403814042123,0,0,1,0,0,0.5065,-12.121853379995995,39.09844456859798,-15.128385523091266,0.0002919292744578032,-0.2079910762433432,0.08874739606860219,-0.022619483651073625,-0.10874812968580463,0.2528128785266382,0.05680649465218238,-0.14954112729886113,0.03094385253393073,-0.1281009439099358,0.10864385808160652,0.005894206704997232,-0.0038635812940734063,-0.005293754534271496,65.22875156250001,-13.417267316179155,17.257407725950973,-14.003306342490676,790.5308107357997,0.06690996299989904,0.06649336024614723,0.03179278010115643,-0.07850744790848471,0.0005032470799492815,0.010903090937211764,-0.04404522863156735,1.0347081293271363,0.8466106821855957,0.8376094168836904,0.460359209246465,0.4662410162345523,0.4135004021302741,87.00399527832072,20.68132386464055,11.633856306502766,25.847833235269533,1445.786091557621,0.24629087071798297,0.3845749485233513,0.16881073533022806,0.10064751512204724,0.06050107140628185,0.04740636130583277,0.05511126699098706,0,0,1,0,0,0,0,0,1,1,0,0,0,0,1.593019615905001,1.3644046752118468,1.4,7.990367687023588,5.006834577881298,3.0254601913351937,-0.17594561411373102,-2.8436738416209693,-3.9540148701747007,-6.911278808532315,-2.1841991427993097,-1.6424897484862369,-1.4423923208752272,-2.731079192312873,-0.6645952154415755,-3.89403322610332,-20.738808862365094,13.631733074744403,3.587181702058865,1.0491074744677682,1.0853204291788423,0.9254496793411164,0.829896961223678,0.7858529142730891,1.6181403995471233,0.5809020925731704,1.4,-20.52761233775152,3.09309514596551,0.09586249045182793,-0.2928470045113412,3.3508150813984328,4.484407422725676,-0.6599086850597564,-1.0845833482428162,-3.0133750201779517,-5.740869877529772,-5.512749782300639,-7.539266557998327,-5.786189026765598,-18.278710659496728,25.684866668493058,-3.7162510336888497,-3.21730027246591,-0.3391339165933003,0.3230770106949592,0.5762698144422129,0.6707699176328515,1.8615350543980909,1.5462881123325412,0.0,20.71854441985936,-5.8456378635010084,-1.0298438639087708,2.5089214854103474,-5.389839358199931,-6.045990414379277,-5.941928540273031,-5.327646959065269,-6.36621464615114,-2.497225926516742,1.0275525169765531,-2.079945954920616,0.9924462675280914,9.270121965916283,7.0666590999757775,12.668089436352172,0.4405731760605174,0.3225089220463273,0.21038404733132346,0.11864930772722015,0.07398010717871706,1.3041432202203092,2.368207845210399,1.3,-2.5065888188855827,-0.2969404131282129,-1.0164028105043277,1.6790177137260611,0.0342080204702373,-0.992643167651355,0.3130985703823845,-0.10750226231406024,-5.1218486589308005,-3.4491955659739486,-0.2288337459538681,-7.451056372376398,-0.9239477770647088,17.74675641904631,-0.2746907367537199,8.8425226672914,2.3987330313252886,1.5106283497631583,1.1642140609957294,0.9989821118001424,0.9291248797571872,2.185053772432117,1.0075309380236792,0.6,-9.257037378755188,-5.973417908656446,-2.278133425159228,-0.11966009568627778,1.8273618322708505,3.9072937792338664,6.071523630818878,4.501149311121652,1.9047476356535882,0.4337638401040427,0.4991690263646379,0.28650634502497274,-2.8949664235618893,-9.63850240037294,5.090196777525317,-3.0838500777514546,-2.4769985012688838,-1.6977003189715316,-1.4867274154415513,-1.391154252345227,-1.3512761147495478,1.8846125176024435,0.8601004957013495,1.4,2.6407957077914443,3.7695056817278254,2.6093182294277524,-0.2930991052554599,-4.17702639570445,-4.664839654684187,-4.0673745791980185,-3.5239463267096776,-1.4820121455153938,-1.0157011155380855,-0.2810357546310598,0.4504347446752335,-2.9989827639486477,-10.869222607709915,9.697769791678214,-1.6959701712298698,0.7623925386045567,0.7640105083216784,0.6370147503584456,0.5665790118917253,0.5352982584396062,1.0198615319948274,0.6197303715763061,0.0,397.234249883134,-186.60194002659475,-61.006337847181904,83.18656766868101,31.20362006134244,33.99312737925061,10.994992633731822,46.39627588062894,21.003733432562846,-3.7046862977696247,-13.067302484684431,-0.05322413503566637,-5.89355292604625,-45.75655294783112,57.2846340978217,28.061094070853716,21.551426556945067,21.600761737185856,21.21031663780147,20.932393638918008,20.797562013243226,0.4000664406489259,-0.5107553746927684,0.0,576.1189548679167,93.73746314768499,75.83386272941216,16.712361008734707,-39.718827125897604,18.79032100257061,-23.715520371076806,-35.478495432966035,-37.14450248704573,-4.776037830349169,-10.509288565765518,-27.564228643974296,-6.508542625456045,-21.22092180248569,37.712962830544,-28.40595542941173,-18.75530478167734,-15.586829199800086,-15.094816117334776,-14.913119539017556,-14.847334194057755,0.07738096544607591,0.16476656203216225,0.1,-1778.7581871922907,129.0727562321236,68.62774205355561,42.079002162175286,3.4172664200205536,-20.219576542130227,-38.512013850761825,-39.54808450787471,-37.81943775861671,-31.75272368784513,-23.283503140272387,-0.22877241909992566,11.001883650523157,-5.654509802702464,20.703500337005664,-12.063636867166345,-24.960225040306803,-24.21028209437245,-23.850007549674203,-23.66253762935273,-23.581674326353458,4
2022-06-08 16:30:55.225446500,1.2725792363854898,1.2090570263528724,-3.939074672496808,-0.7988206765417185,-0.06935877086195105,-0.7989850673028638,0,0,1,0,0,0.25325,14.514595325828708,41.81829814297093,-7.2998896210003865,0.0012279797127893654,-0.2686970380684874,0.0801562659801933,-0.237464422615432,0.02139589800927015,0.09566575948092784,0.06086844225293792,-0.10265987877441587,0.03365505477624305,-0.1524827691664403,0.10893442845341043,0.00635257879125629,-0.0013509300052403546,-0.0027312850334010605,65.23719322916666,-12.912455523718428,17.83738977249562,-14.518436183226363,715.4662533603172,0.0510034486905471,0.07801157993866527,0.03202804706301198,-0.07710113709384815,-0.0003043191454590461,0.010721595629584291,-0.04314504732580818,1.0504986120578612,0.9151865717892076,0.8814312097976627,0.489084698208533,0.47076909204408296,0.4574102839013122,86.99767113504117,20.560025499904214,12.119100857882064,25.42520111262979,1392.740080118217,0.24147492886565197,0.37431325427757,0.16915651457642011,0.10005682533451336,0.06492179567125574,0.04836628599573566,0.056960959017148025,0,0,1,0,0,0,0,0,1,1,0,0,0,0,1.4650116523409615,4.6206027194292565,1.3,9.790779875716199,-4.0194167042063285,-6.840480962748173,2.0470791852800643,-3.304810143715816,4.845488648806086,11.557063486579375,4.6884722522026845,6.948715824098152,3.705180001183584,8.193792872830791,10.298940631352464,-0.7469159121723132,16.452677395294256,-45.13946619849397,-6.798204228892173,-6.254990285178236,-5.268420353111632,-4.5089665978158715,-4.079816029985858,-3.887736811726232,2.1091126455946534,1.6404705791315928,1.3,-28.291194601935448,0.9069003973463884,1.6438400046648458,-2.407087767982076,5.121951460391927,2.1703117426499485,8.935754639030307,6.778726413207909,-2.161299209208841,9.722314368579331,8.428072175994094,-3.860725732011652,14.8197909914012,24.95376363455714,-10.79368756454392,-21.53809078709643,-10.11475254867707,-6.478898043767939,-4.944560870870767,-4.227521480209851,-3.928128351958798,2.0584922033996187,1.2036811686232836,0.0,18.78123074296772,-3.43418035410664,-2.9063174669392478,5.47990556366033,-6.17746509202233,-4.010006558495307,0.28221535818692844,-3.4675566353197635,-0.3954752943326061,2.4837415602618225,-4.325197269310476,2.718616995970314,15.980193711251216,-15.058992824026726,10.276756905667387,14.803013628074524,4.31286036208763,2.4553291181982835,1.952519710822096,1.723883473853758,1.6288531902826482,1.5228750868477328,0.7638254623109906,1.5,-2.837807607495212,-0.5296226742481918,-0.906874874280072,0.07599330263284743,-0.8719620380027849,0.5621347982737162,0.010263689212053841,1.9115302208974183,-4.462629719255656,0.8772541332931121,-2.1724902671144326,-6.369911737348224,6.659131512410152,-20.061816740876285,-10.5905170034339,11.257502671117807,2.046230025981468,1.2916594799573646,1.0098077595323407,0.8703330055707396,0.8110380556717752,2.1533126350094896,1.5592819197084042,1.4,-7.585676961221947,5.786011408241235,-1.1186783406277248,-5.428164527192477,4.2543732522476985,0.29026834158578296,-5.872227372035612,6.971177958314677,-0.9481132154763112,0.7093115675708996,3.768848951296389,3.5284553972905375,-1.2860648081559851,6.005320598568973,11.328201463589876,-2.2752187593136872,-0.08304107988118498,0.04615322047243936,0.07656767173688732,0.09198526138696607,0.0984387402581639,2.2475915646135483,1.2256230299356716,0.3,4.923467209550638,-0.08966013382980065,0.9632956201566752,9.010329552378893,-5.053992681681468,-1.1727022946125425,-2.685270565771205,-8.449029790479523,-2.796339885092415,0.9860865258509944,-0.18193339419206198,4.887692262411696,6.4393989019721385,8.352319847969726,-1.5882657406359384,-3.7412566921495922,1.9394775944656168,1.6546201422767062,1.590835459595185,1.5568503376544407,1.541101484479252,1.978380613658865,-0.010592396507017043,0.0,133.9420155811258,31.799756641149077,112.98762456783726,49.785683688818786,61.330128194609784,32.668037317557136,35.784449424616554,34.78910311838141,-22.90589846957654,-10.652877774857537,4.389535274970843,-11.221795693516693,14.12006062245676,74.02460449805992,-96.00684059522442,-14.539379921746061,-13.859750561565606,-6.8131083280733975,-4.341434033696583,-3.1267377331148367,-2.605937668058912,0.2693148266008383,-0.6298047668723854,0.0,882.2817609423944,108.78862686262815,-107.79357010805849,62.31375135014101,-26.36540806448913,-28.095181490767285,7.991226918543871,-18.27734753825159,-18.82094890609853,-25.049131303586822,-5.797802226466598,-27.640284460454026,10.900554429395658,-3.653581646150297,-40.53973917562665,-36.03789662533971,-22.62618196746371,-21.853008555737084,-21.33081021922766,-21.06008453024375,-20.940550122996136,0.2135978377626302,0.27097789246618875,0.1,-1301.2750274928267,192.8337809553745,-86.49112590563982,15.391784189301347,-25.59274539047962,-69.90565829722584,-12.361315446483074,-49.26825059625384,-45.22782674851727,-18.230860785840065,-50.544342783146135,-12.396141042187187,-20.40148043784258,-50.960123997378,-1.1398370392688548,20.75409484855585,-16.189380833165153,-18.85199793464881,-20.479445024298144,-21.32737743124746,-21.69586557770377,0
2022-06-08 16:30:57.975446500,-3.7150753704801436,3.1556319637944243,1.391490137507814,0.3846618532856773,-0.1939804908543204,1.3234685695126904,0,0,1,0,0,0.0,19.41185625979985,41.81750927553676,8.853370573673098,0.00016300945685626656,-0.2934548025554436,-0.05191177123098245,-0.1765491245322062,0.0749381541459506,-0.2758696652128729,-0.17933773201098052,0.02397599018612312,0.02225485587826803,-0.17057153984705847,0.1107119353991859,0.006348487311954159,0.0014126237926876035,0.0018565967076496184,65.23983125000001,-11.878575286988498,18.50204215085141,-14.864183784116607,657.6024354331788,0.03661888427940006,0.08742401534950615,0.026166628969554302,-0.07424980130753697,-0.0026150817812252577,0.009113332403492515,-0.04162833648670362,1.1493896586717558,0.9876094858846683,0.9383721107156782,0.4982713944264565,0.4766602154303857,0.49948476313462803,86.99569121087455,20.733825349167184,12.711646199599235,25.080764717069663,1359.370743123032,0.241335782780281,0.36607769494595216,0.17189678907164402,0.10105414889005923,0.07127001432148715,0.053846237809388436,0.05851491987288755,0,0,1,0,0,0,0,0,1,1,0,0,0,0,2.052179688761856,-0.8422874521428872,1.4,1.7031331810545105,-10.671574584067793,5.554254329958813,-7.685116433233218,-11.124008147823467,0.11906210679040208,-9.135444315762493,-0.92482613675016,-2.1095943863474766,-7.443714056094329,-11.90789995232989,-10.950375288921961,-28.484098830360637,-4.033900763773774,28.543743806028772,20.48397656205525,7.563913501395062,4.515530616235804,3.434287902106296,2.8686056024307787,2.621282837311395,1.719728711350174,0.9100573760423124,1.4,-33.72563826917284,1.73769751170063,1.5434278443893332,-3.380891955527214,4.3739447042445265,1.3410971513114958,-5.4793406079365585,7.3729819363134546,-1.620015852070262,-0.6468021475045487,2.731940221529455,-17.875189524805407,-3.5561643190753287,-10.24744869592958,16.110444149380893,-19.596701769592023,-5.7746276075626435,-3.9154983461451818,-3.257078041301233,-2.946033881978248,-2.8155982461476894,1.646130016469436,0.27340819937812466,0.0,12.065023342060936,2.228612091660626,4.286332656337459,1.6757784586642774,-5.297024961036788,7.490647813851777,1.6761560458734328,-0.04337302339372751,7.336913178076794,-3.598806240906516,-2.2509555695992054,3.1988975537559288,-1.066598412002715,6.553757576033883,-24.05907655737409,8.384186461050879,2.0000142107245797,1.413689602998077,1.294370869182294,1.2623673027168882,1.2533805655293204,1.4329803102236418,1.6949964564629252,1.3,-1.5701633708402134,0.3980142230321164,0.9948466797899692,-2.2696476333304854,-0.8839405817969379,0.3823651611202592,-0.6438204516457411,3.300796218828765,-1.340454079580323,-2.0145934615715526,-0.768835177156308,-3.1353538527021048,4.282598949019596,15.997822842220216,-10.386888910364712,9.290142169177463,0.00836810538331445,0.2848561701876813,0.285525429643172,0.2782800907826011,0.2742981653352153,2.471114130851164,1.3990143705125715,1.1,-6.058894578012644,3.901544788171739,2.6594838115863197,-5.268489817841523,5.55726403152653,-3.7678548438102624,1.9106530389532703,3.110669527459516,-3.8960096702216096,0.1842239487642396,-1.6985358093767602,6.1386176944704465,0.8110789199962607,-3.898439597910184,-6.182430585444938,-4.150908051464938,-0.16539941195953145,-0.5754008874189592,-0.5637619067961287,-0.5453248619721486,-0.5356054798943879,2.423699157727066,2.6242986152261087,1.2,7.134793590893218,-2.147185711218873,-1.2778699369708784,7.3352933243158756,-7.889786011972673,0.8763200871612538,4.4471474925810375,-7.4017500014873265,4.238910288519389,3.2037352836188724,-2.998451907754879,5.053372582313592,9.62027111602533,0.8139742710795079,-10.977901202173419,-11.47894749373264,-3.0743161515718493,-2.7945258877538754,-2.4804737665059027,-2.313336311962938,-2.23974192853316,0.8867302043619867,-0.5247861322463074,0.1,99.57898373421257,385.92074632058615,-43.114910640176134,-59.92113930444606,34.65014995029709,-37.49956349091913,2.7290387299014967,9.900654697975558,-87.69208710754442,10.685891916979262,3.7590329037099903,-69.67958758231165,-23.402959855509128,-44.46773678781572,46.4558474899312,14.047484477620971,1.3185594868132142,0.09164465943316813,-1.1205054423257153,-1.8244150168392217,-2.143766588833345,0.1348000417428674,-0.5527094718580031,0.0,1250.7652358835255,-119.54790111871901,57.39509635282285,-26.692295898766123,-26.103031127519273,-35.86305000244454,-40.76226747230928,-0.2498285874663821,-2.1355378093350126,-14.397620699510837,-34.29321162221663,-43.40462122349807,-39.97603222208888,-40.46836202781015,-44.68728798187128,-13.464462829738087,-4.813263418568312,-9.476806071798563,-10.834776227413379,-11.43600238016684,-11.681367733176751,0.4964452900998385,0.4552642779877317,0.2,-733.8819384578131,-162.76887752757327,34.313461954257114,-37.78373064633696,-37.46599165647618,8.701886374095103,-40.150394957527205,-20.610929640629443,-8.071960982728836,-35.97904435460738,-17.47581544506101,-4.710503057245769,-41.848026270860636,-32.879427921952136,-142.76263957372132,11.906642773102591,-23.837499618644266,-24.737186570193376,-25.20684914908489,-25.378084981620265,-25.43708174335043,0
2022-06-08 16:31:00.725446500,2.6554903881657674,10.403098030887412,1.246435817673564,-0.01963703494876996,-0.9106864118635302,1.0609469486912428,0,0,1,0,0,0.0,26.832936731418947,37.11754379065583,2.5278115888372654,0.0003562333510097536,-0.2686204875020419,0.03841329786666353,-0.2903788539888102,0.14370245855326413,-0.2212934048005771,0.05962165096033833,-0.09672261467317544,0.041325150196034235,-0.00689121109396205,0.13203268145352415,0.011861484992550596,-0.01825338806405671,0.020805242588260157,65.23983125000001,-10.717610958529962,19.138771695923246,-15.106051346106375,584.0193496337474,0.019435667696930163,0.09793862488154538,0.02095214370716507,-0.06880496092137545,-0.007832935800213256,0.008445355426260898,-0.04149570460558668,1.1927355652880958,1.6810846745862675,0.9607053108994621,0.5019932815913656,0.5056543406256918,0.5279664543900721,86.99569121087455,21.000089195999614,13.193763168698226,24.809371602554823,1290.6555592245902,0.2354229796515347,0.3548310040148358,0.17501376754035491,0.10303036807263136,0.07955799091300081,0.05574635261191211,0.05881129919199193,0,0,1,0,0,0,0,0,1,1,0,0,0,0,1.8842365166698016,0.393836238672398,1.2,13.658616532851012,17.210259002072956,0.4662791695928541,8.804905925103554,-0.1472166724941184,-8.66525991768254,-4.657000961052833,7.143436232067258,5.071032455391497,1.845316626679425,-0.6764186505678915,2.5743929412649016,28.38398650899052,-16.88227063666404,0.044937436897081184,12.04543870930799,-2.6651593488045937,-2.006781176001856,-1.9329040389785048,-1.866192905691875,-1.8328059520316768,1.7251002024997406,-11.172742683828716,0.1,54.204245930506495,64.41594449677412,5.070164528173322,-23.962878428361684,-13.35115133676094,3.4432548722115617,10.101453451592224,-1.945254653075501,-13.230882720543153,-7.159404979248783,7.605428129309237,-15.117747877684556,-14.369145400784529,-4.967605271403369,15.562558350406775,-22.11476987379881,-7.0102486711160745,-6.850216639468008,-6.6401255800542245,-6.507068498566612,-6.448252729603458,1.8202105962753417,2.3405606961617003,0.0,13.472292679609875,11.345781356991697,-1.2860531951965606,-8.934141158138415,-8.050551168752936,-0.07870471582146776,1.6195120492288158,-2.1230402418231256,1.3515554146158029,4.1500402820972,9.096253975518753,-0.6713159456278923,-23.2254557631934,-0.33406336509570433,-11.517755956108012,3.0479969175027586,-1.7006764194433146,-1.3906291950477423,-1.3106693781151073,-1.2770003974066233,-1.2633313049319257,1.6579281403735988,0.3087421095579707,1.4,1.1591294398117973,1.1555355416064903,-1.941567515850847,-3.3014964159821227,-1.1206203578342149,0.394458824824053,1.9294835803766195,1.2925558574310587,-0.7562804777019181,-1.5190561006184262,-1.007374987291923,-2.4598911975678464,-6.286223970240657,-12.03348678269876,9.743456159494029,7.657508795577644,-0.20135954289284566,0.2325759855133928,0.2171556986028339,0.19484060104929,0.18297573885039226,1.9661541275877827,-0.4686679772544803,0.4,-14.481854691337857,-13.308664082725356,-3.636597122453348,6.744040953082919,9.061210701128608,3.3390000666384347,1.9488591381975902,-1.072351354349096,-1.8600199173174663,-1.825283996590496,-6.026559884546781,3.973506973073525,-0.43661914246260597,4.098084708591634,-5.801907082581666,-0.5962001715061565,1.803205649891328,1.1341217949551292,0.9695898893318576,0.894628269290128,0.8633921631221546,2.0735728125796618,-1.225262591541935,0.0,17.176695333336653,6.911835454858225,4.298653714290207,-4.788480024031271,-11.188962641540222,-0.5868954750609934,-3.640770482561252,-2.9069245343743297,5.976556308388232,-6.397823326693175,3.8345572298236967,1.190546877976571,-9.006989859232787,-6.499413548158437,16.990938944215305,-5.084528631558474,0.1141406185322209,0.09250685690538683,-0.0073198244554231184,-0.060480104013256986,-0.08421905720550849,1.7980211586057133,-1.5539838718127694,0.0,142.85630883648918,-47.17762299882654,51.31932032877682,2.0076332748962926,57.1599879987039,9.74714172331062,-20.711860460117183,56.78719367339386,-25.414003677156412,-19.69488940142144,-8.502329276618049,-50.66874252752799,37.743020545474565,-22.596271098032073,8.019024587247857,-19.92353619195325,-12.902141968897364,-11.87369850617986,-11.09212324344308,-10.681628100567213,-10.5010701520336,0.0967144397780424,-0.2817351913988927,0.0,1585.049614517006,-133.47348504673144,-58.290013444350365,-97.37797348102377,-42.929098293439885,-9.461345593872082,-19.719218348360087,-4.3254474652774215,-11.507411407023625,-14.783250280146769,8.889107339907568,-20.096593423056067,-31.33452584899413,3.4053494585373727,-30.829833043435286,-9.292049301196544,-3.9320158384778168,-8.842854659518643,-10.415353931209054,-11.111717804327405,-11.395179757164025,1.9281548901276728,0.577610576833287,1.5,-129.2869106274585,-195.17359698308454,-105.58080123376178,-122.5864385620182,-78.35112429950085,-20.555338322245888,-17.274704252705902,-17.72989087640249,-10.296157597505461,-15.794177815503115,3.0038672645766478,-13.935552825102263,-80.23813188584614,-23.012680582754626,-65.14664529113585,19.185236327117025,-16.613375036530304,-21.96009116974562,-23.81640052298381,-24.65702168912763,-25.00074427535529,0
2022-06-08 16:31:03.475446500,-1.3200393346843202,1.931516281877072,1.283773719658021,-0.8824528945902772,-0.3764659727852886,0.8535286229055595,0,0,1,0,0,0.0,17.670854629993148,42.20870538661503,7.0240776352862895,0.0008265087791789399,-0.29410851284387124,-0.03925877279063676,-0.2039203720609196,0.08916129387877178,-0.12000730172384133,-0.0998182785522541,-0.0592678347086008,0.14449016518764912,0.1736366529155629,0.14565767715883302,0.0016617013271477328,-0.03317449037738165,0.043819862898666496,65.23983125000001,-9.520790811629784,19.731729107546453,-15.440106078831404,514.322402777741,0.003210335543333033,0.10910189989841583,0.014307529698658618,-0.06320303050952264,-0.011495244048352444,0.011470899645283734,-0.04247812653333215,1.4622899019324338,2.160078295160317,0.9662170915923912,0.508114438168186,0.5154857506030904,0.5484336431698571,86.99569121087455,21.25381778161004,13.569326420937132,24.463679269470372,1220.6588614121465,0.2288093670586253,0.3432726946916146,0.1793135507304399,0.10550356991436707,0.08190444645813334,0.06387035351009955,0.05955594241324934,0,0,1,0,0,0,0,0,1,1,0,0,0,0,1.8314952506310291,0.375906585214411,0.0,54.31491137110627,22.19408565958965,-16.19449311522314,-10.219070497452387,-12.6278485825018,-10.811093393596504,-2.775666920274964,-4.945111835136881,-0.15161268535153116,3.4966841713012293,10.307192410188602,2.3421280650746534,18.384589105119023,26.780817923852677,-21.349799545162423,15.403677742918315,-3.3077060115539774,-2.6790188302888223,-2.4605641346634592,-2.35939968185342,-2.3171546528849567,0.6568226524177229,-5.422245936004944,0.0,148.7695696222512,-22.63442445482959,-28.48452368311851,-15.630249329134395,-20.10693062584764,-5.296239298151681,-10.62298017363894,2.013979772947778,-4.473523475399935,11.914598106548882,-1.7767089571868326,7.127972368351858,2.448277815953131,10.74062271571484,-13.869935265165276,-19.191260725734576,-6.1921580145476876,-5.613604707185012,-4.591300637761144,-4.098879808333679,-3.891837525002404,1.4989495976556868,0.3640207281962381,1.4,17.076959232558597,-3.1041693234736014,1.757925924312883,0.9623377052331126,1.253730985943319,-1.0886470001000446,-0.8258732707349912,1.8112503659310608,1.104675099176035,4.360489080698544,3.5228611132852827,0.8183817420515824,-10.634035039492801,-12.496996555857633,21.2491831228356,-0.5336091869574866,-1.7109266011488997,-0.24540716640770374,0.16228311957785602,0.33172348313390443,0.3995680308936493,1.8460221653810982,1.3274989934170198,1.3,-1.8996431855756848,-5.373376217995276,0.9991514942961339,1.3824370815855411,1.5505360931039345,1.978374405945979,1.16719963934678,2.1031516942492665,1.120293662880876,2.3477975319362576,1.0990900415262073,2.8054916416805384,-1.3752395223714275,8.624910188335718,7.439861313488839,2.6132057981031345,-0.3457476503334953,-0.005988484786348725,0.1730959180259285,0.2624101585013177,0.3009816287654299,1.1610677256000663,12.866779047028773,0.1,-14.879414609397555,4.172580679637142,1.9965138193946776,0.9285368440501982,2.503237345772459,-0.8420353342311521,-0.13328683829095586,-0.8460935162591626,0.5434129607805023,-1.2345310291095677,3.7757399879405726,2.5701832736530394,2.0421704335358943,-4.3947617146652265,1.4360260274695102,-0.27367474095133515,0.5932422167233062,0.7891341604054367,0.7441324890262545,0.7142139593468741,0.7005171651000615,1.5931127101382234,-2.2251821206904046,0.0,24.21675097420147,-0.7847935882786794,-3.3130462437602404,-2.001476891041052,-5.997649435281607,-1.578132226856229,-2.6439200474289284,3.3576832942018946,4.958145641466993,7.889189869746727,1.3870697935958196,2.5919233215279043,-10.094937232425623,6.585796374553938,1.678420699521903,-7.405205150609107,-2.7609559942176247,-2.138050884425435,-1.897067105995645,-1.7728218368101816,-1.7186622707956607,0.8265142064883396,4.245421952869363,0.0,500.70154883792765,-178.25264303917703,-74.75353631268797,-54.33567416545458,-9.740124685607057,1.5440264626274711,6.916296400174283,24.638340871296744,-12.867088077800796,-47.12373110913393,-48.86986038891229,-74.08662793323641,-19.828792474432586,52.56200899205104,-33.018410243673785,-33.762163974130374,-20.778915468178862,-21.772111784206523,-21.94125800507404,-21.989590664426174,-22.006979327944993,0.01790392123771391,-0.016461323931667306,0.0,1711.9218630719029,-33.717730518801915,-32.60025015488836,-3.6559211732291033,0.41962313573361604,11.059858887676198,15.175022514558421,7.415342544839902,15.59175936680098,10.377479276006554,-7.778813433621849,4.420060269146081,-4.577877311440162,-51.457745982925616,-11.018120567789119,0.9413941902756592,5.354704956717853,3.6314791920014713,3.0904676836298397,2.871394196900578,2.7878065238779444,1.3112287496184614,0.2120882499685228,0.0,187.70031095623875,-82.06050938448504,-23.812632724260716,-32.1477099688246,-5.1862238518209205,6.025525792202701,2.87553894813048,-2.0395826672305533,4.564976483579872,16.031863280029267,11.64758703583469,33.249611860315234,-35.89041951136601,-89.30084527125479,32.46884635279728,28.13333300144789,8.036408361962797,4.818641047933792,4.078037861374728,3.763825579705281,3.640535056627334,0
2022-06-08 16:31:06.225446500,1.9694312963574825,-2.3377487843139124,-1.1174666343676003,-0.5335057591955242,1.1579719085972149,-1.4138902189047071,0,0,1,0,0,0.0,31.875943665818962,29.520838160829573,-3.4206431835951143,0.0010143808851509632,-0.2377337195241752,0.12162372898615388,-0.3645350843085485,0.19061716085269845,0.11750726364531895,0.013540986625470769,0.002464019103087493,0.16114103770473168,0.1377222176513763,0.13382469310615033,-0.015597018768847918,-0.03135510292731408,0.0540852459771717,65.23983125000001,-8.181345020616146,20.205210337044246,-15.8941756658454,440.24075105538213,-0.013192136197575132,0.12228105552375818,0.007333589222582541,-0.057030839236464015,-0.013413735638973074,0.011109091237593498,-0.04215353181892025,1.4940843827705317,2.2789659074788378,0.9957271668016446,0.5309527068704579,0.524803842368214,0.5692333881002716,86.99569121087455,21.64582307315675,13.75287379715836,24.00681539110421,1141.9356919814015,0.22010580655532525,0.32990550318677764,0.184924268665228,0.10855748167722117,0.0839249979509353,0.0657999413334998,0.0601003757925887,0,0,1,0,0,0,0,0,1,1,0,0,0,0,1.7794566847777815,2.8774163369006485,0.0,63.027690741479596,-46.936103377668346,25.296266927969505,-5.2253027143941155,-14.967412372930742,12.512815704387842,-3.0559524881320734,-15.516716906525845,0.42086839703015505,-5.218587400694188,-7.215961622975191,3.8084548365690662,-19.706725983297254,-33.172394954147364,6.768085185411537,24.800929432854385,0.4321641771241369,-0.04183697244371043,-0.054869061031312505,-0.08641665353177785,-0.10459780587938472,1.0669529691937267,7.169355359369978,0.0,142.06997626602362,-136.26597157368178,22.694809444659214,17.5209603363992,-19.347236401985807,-7.336237188053713,-6.217633882325502,-0.7724023887018009,6.376065557157013,-19.019200996680432,-20.743361179443426,11.06578454971176,11.969196074226714,6.745738033820483,17.318856152141993,-4.137481774959723,-8.659021021551679,-5.7309018893884165,-5.046046952013155,-4.783517053056526,-4.685384128491462,2.055829520498212,0.452321155783415,1.3,12.749287594003231,-12.558289384262428,1.6407229493088409,7.478490838846802,3.0884780063673967,-1.3105275800207083,-0.18454068393776324,1.6679524057583175,1.1940405348321632,1.1172594917206164,1.2778617589788501,2.956666425145737,12.373255436516807,20.805915361322075,8.905714151217602,-12.62511383371979,-6.2908392892048255,-3.6766463777641754,-2.869609608880372,-2.4926622818564224,-2.3352467631627807,1.4912777108746276,0.8170219068793224,0.3,-10.449012457445967,-0.9770029408860824,3.5944172162487344,4.7361896507488765,1.9248948592419768,-0.8756614532998951,-1.3544789930769756,-1.1784499444414314,-1.9317540390339316,-2.1935542108211923,-0.5154120720603267,1.21838312361845,0.24174124950900666,-2.4792029858254425,-3.0797401720445663,-0.09241541005877194,-0.016361058271786966,-0.3837151286869643,-0.3952505639236763,-0.3886866114032536,-0.3843545643438589,1.4129814346238807,0.6569543461838022,0.1,-14.515537167347901,13.966996415195673,2.6030678637844313,-2.602739117810786,0.1106167874227766,3.1309566244292797,1.8957900848758689,0.1962701045040469,2.0908580716469705,4.856500539202791,3.9052797790487306,0.5568260450848959,-0.3274006603305255,1.4242743405723357,0.9387422255608496,-3.384628025504968,-1.3883663270316426,-0.4795973014719259,-0.272753682386474,-0.17719823343863605,-0.13681323777145704,1.0125140838645204,2.2875487347048433,0.0,26.5326290264424,-12.20849180523762,-3.2160603505514924,0.5671267944824274,-1.3811537990945415,-2.4063462209580195,-0.05639794949449772,1.0444473467887898,-1.7699432124227186,-4.103425180512612,-1.8934011221607825,1.237374874542656,-0.6078325311914345,-5.728685099511581,-6.596536846770742,-0.9802064151832725,-0.06271186405712625,-0.4030840531478577,-0.4458288155792718,-0.4677474232881078,-0.4775538121104027,0.13313573750278918,-0.451509348294677,0.0,839.349894890856,18.585886363972193,-6.8794164853339765,-55.473791158845614,-27.56091263525325,-2.9057815982415747,-1.941160512772825,-8.027225786565253,-21.884506823670684,-1.9805686411819785,-1.4251637998720952,-36.06167653737365,-1.92093088610575,-98.032951624022,0.4244397830518949,-8.016991108901943,1.1553602429042726,-2.112964722029366,-3.1859806819934,-3.7094726594246703,-3.933176992819098,0.021663421226635574,0.10458755656190928,0.0,1644.3080446282654,-30.626285286649193,-1.5173893957172029,19.905314893861057,13.290096386273193,0.5610611300476762,2.4563312072255457,2.6522581168575385,13.322430865570896,-5.848400905483352,-1.6051273847582197,13.56035574499766,1.291264653607854,71.65010251137059,10.129375658456283,2.941335826205289,4.6206093930296674,4.883917396623404,4.775054064168238,4.721031982766625,4.6985319589520005,1.1670021636989798,0.4402906551723862,0.0,177.46315360735372,-55.95394911316075,-3.8470461622039664,26.264360844634048,27.63237385684625,-11.3387813861364,-4.1854861927328,-0.3654218637843858,11.036010620856711,-1.9662910443884376,-11.961066910830162,41.98116013772464,-1.2902191776014789,123.0602512549506,-1.5601916633577524,-10.512188708768091,-11.750470371376286,-8.25871928827387,-6.9256700951269465,-6.243048473498059,-5.947112787703827,0
2022-06-08 16:31:08.975446500,-3.972338539745726,-0.19086589709456486,1.6989095431059944,0.4244626220283785,-0.003479537985411548,1.029744921821228,0,0,1,0,0,0.0,18.232975900521343,42.95634766030432,9.451171566597976,0.0002061043142273916,-0.3010406421899697,-0.06275171951546657,-0.1721845734140572,0.06549067641404106,-0.2395874411781509,-0.19828890818381265,0.059212558252583564,0.16956726729573254,0.11880322592268247,0.14163816687833808,-0.01599876767398082,-0.033256134000545584,0.05302483882337142,65.23983125000001,-6.941459038753862,20.78361277623293,-16.23215721713673,426.2074376650717,-0.01984887544353794,0.12800756556872944,-0.00429818109912691,-0.05582327208529681,-0.015677732133826016,0.00958888477214434,-0.04103811550959914,1.6386404375410837,2.321246759935523,1.0068386772256652,0.5357441519655339,0.5301335045471682,0.5897479459132872,86.99569121087455,21.81388284355991,14.041915823552547,23.616626609653746,1130.713616722133,0.22192210931685594,0.32525533276220164,0.1850081571492306,0.10963934429623903,0.08744205546622405,0.07145627711833656,0.061098707302807115,0,0,1,0,0,0,0,0,1,1,0,0,0,0,1.8017351886898736,0.8312602506744099,0.0,68.3934573991459,-14.959163237791092,-33.887161547063755,10.61454016664884,-12.553305737193153,-8.697458731476942,2.30645007527833,-14.999559513434127,0.5705627806992251,-7.1335111859128615,-19.03543698701345,4.004607833959403,-16.657714376434225,43.487284799912814,16.30426832523827,25.051512193985573,-4.022380478809214,-3.403223297257677,-3.4479592366536824,-3.4798779240411384,-3.4950905105729984,1.0346369293628879,0.5122563411982163,0.0,138.58993857909425,45.41573856356939,-31.83308719858084,29.336583638114327,-2.8038388512850823,8.453547614323679,7.819292269874415,-0.954837393446907,14.916042488859265,2.8230453329784133,-2.8585083546512493,13.769164522897539,16.974845252508835,-9.062379073735288,29.09623633786601,17.020121376549188,0.3899231786634374,4.524167983779981,4.814097337266716,4.871198457431364,4.884025727838167,1.9216281765500305,-0.09877835685460347,0.0,15.466359895167198,12.65719912194558,-1.215823904118791,3.0244485701363315,2.3185970907907816,3.580153920386431,2.3151064098379903,0.0015717714026763918,4.061418825564342,3.7789947113464506,0.10834513441511806,-3.7802115776971577,7.760208695666371,-16.8101261367811,4.658737624367111,-10.546820425295401,0.4978314820893939,1.0127652610261526,1.225291144625715,1.3225840110192295,1.3622569528078818,1.4978078176419136,0.9513166947453726,0.1,-10.662693545987123,12.882980449043707,-3.3046384233153336,3.417633788552531,1.1887741521663004,-1.5214203282112546,3.1835627350387035,0.5106995093623004,-0.3529517634938787,2.1994571476222498,-0.09468768393887116,1.5063099901341157,4.395060754088875,-0.0954758711443362,-3.495380370718196,0.3113284968302179,0.9756206066271432,0.4472810666728633,0.368612861325275,0.3445453058556773,0.3366531687160391,1.2157243455461808,0.5960564648782564,1.4,-16.837784240821765,-5.958824229366919,-1.0127027111390268,0.8495288859102728,-2.0222077922086608,-1.0221411795833268,-1.8468677523786023,-2.0154006876326296,0.4839974108459024,-0.7283826147438781,0.9923648935240116,-1.4944919029965762,-7.334078303026319,0.14921393275536465,1.5302280737275105,-4.9078482957027285,-1.0691796236430835,-0.9438429138791864,-0.8699617806809391,-0.8379493462366164,-0.8253763441339574,1.0077655385041704,0.3327450640365944,0.0,25.02890264957264,-1.3560016614388597,4.417798451249563,-0.2435962134539631,1.7014306225463047,0.8721360308923107,1.554315042775383,2.626529989741842,-0.8614046412668352,2.6148897909865485,2.648899055900654,3.005626539582392,10.153022496646027,0.21914937136038048,-7.7232302241018305,1.8976758748700409,-0.3140340116582714,-0.21707089837425356,-0.13992262523314136,-0.09996277558116172,-0.08187734148397185,0.1419409005950541,-0.1088796675790274,0.0,897.0001761051759,-67.66705001891827,-42.588167100609866,6.227618460214387,-13.578411007768338,-3.4062138088973484,-6.094349169159835,-2.671854214123691,-5.473469671890989,-12.984984430459447,-21.56892128926466,-12.660877685951604,12.963603356360212,96.64406309576876,-26.67593488951727,-19.29386043816965,-9.041481441961905,-8.842052708405514,-8.543146544272666,-8.3591614572135,-8.274329307058098,0.03552451632776847,0.019198319338240902,0.0,1612.5960096078875,62.313031328278576,23.88022579983115,-14.902795631788932,10.094124361351732,7.861871622560925,3.124612909155076,-0.02644045404407791,3.7498993110726095,12.76511485425641,11.095048436590524,7.530415288646061,1.038617396844975,-79.29609371233208,18.92198207749336,6.262372310298012,5.7812541324079225,5.6033601501155195,5.356604433560684,5.216013986125817,5.1530104123976335,1.3143072611324564,0.22071758010387632,0.0,179.4807529662257,95.36637839050267,6.633139524714231,10.821271793200758,26.99962198098805,0.6328766526343443,4.336909515373057,-3.3910761935699583,12.320708028151813,9.932349586211348,15.384257015435288,33.61315585573708,18.428547486402728,-126.8260757219115,38.298926488939024,4.589916102583381,5.839643831039367,7.4954530896631155,7.641650592745094,7.668045281953062,7.672266040645743,0
2022-06-08 16:31:11.725446500,-0.7407630918194823,-6.403257045757843,0.6406463083158315,-0.9929489205522432,1.9147863473969875,-2.8946609783205286,0,0,1,0,0,0.0,24.82879517838749,38.334312022835455,1.4329322579536927,0.1307582136875153,-0.2895627781186049,0.039744750831425285,-0.3286861467260543,0.14230104993315074,0.29134236881298986,-0.17262742651114188,0.053071106528014035,0.18596106519074349,0.009057917389049742,0.14031830018976466,-0.02953806600965409,-0.003911830357507794,0.01246766037156587,65.23983125000001,-5.642906528296419,21.332236739107607,-16.636094258300623,362.86062776640466,-0.035029980891730456,0.13946361981571934,-0.012805614671558902,-0.05040808797117144,-0.012487373410049869,0.007575925822559091,-0.038928112227337365,1.7040704320345037,2.4925910432342624,1.0226560228043686,0.5483072573266482,0.5851407765758243,0.6930160528502599,86.99569121087455,21.96960513923939,14.25818435011657,23.15194932368628,1050.3029627241592,0.2134827088813389,0.3119889059650924,0.18962460164879447,0.1118369943089624,0.09594747525839953,0.0770128054663937,0.06252764660309726,0,0,1,0,0,0,0,0,1,1,0,0,0,0,1.745463808310184,0.4542453051068481,0.0,56.83988131915913,27.349238524374552,17.931433799492982,8.540268279095036,-0.36961849980852346,-4.9424967162866595,-6.15209279420133,-4.1247902093734465,-2.2577579196040283,2.8179117195806267,15.412368878462253,13.31868843493908,20.52172163878749,-57.04965525294313,-3.6306285414446258,34.560466704591256,4.331019180053756,4.2259690532839915,3.853925445304789,3.664038596701367,3.584080580625568,2.5636952644168582,0.9096046405691762,0.2,-21.231175452539027,24.801193095692195,31.983906330875286,26.889781870736737,19.8510010283806,-6.1712585515000775,-6.660443972480827,-3.99326289215542,8.341165064471344,16.494637627402742,21.91537812536109,8.770646123743795,-3.7868855081265327,16.265203469072823,-26.201370625668016,20.08676753473504,9.377222584340606,8.727797424066049,8.342593951078808,8.162967588331082,8.08954102734365,1.4344573661263582,-0.7756441231833228,1.3,2.1871619265255435,3.674260034421537,7.877306118303776,-0.6953495142257986,-0.7261427021705846,-1.5017224925462764,0.9290958627188703,-0.5129976856316436,4.7384689958116235,-2.2459998747945766,3.1388866602202032,-8.568012984671327,-3.052863403288548,23.54586738349128,-5.041613386852743,-14.270314331590795,0.5540756360618224,-0.3672571356748274,-0.3523034213025169,-0.3213614590051612,-0.3051871858813827,0.8749406040619052,-0.6213031229988674,0.5,-19.338384222793856,-6.9987372765542615,3.233873502032436,-0.6462381053431411,1.3300671626764695,4.094515980494236,-2.585234726214141,0.5172327642025376,-0.004499676326123386,-0.28417456343448405,2.6524055736198147,0.7642450468288376,-1.8828579777405712,-0.14845791592060306,1.5271830791678238,0.6951128199125011,0.5275471910744246,0.4658047492598673,0.4397543704124264,0.42743848642896265,0.4224025922400125,1.9780604667650796,2.4983992558352948,0.0,9.431399293513037,6.285194047791874,1.4243465163457998,-1.488929120405685,-6.295791493924977,-2.98658472356453,0.7838053732526984,-0.9317775271495272,1.2918424304529856,-2.795384830361129,-4.068601588932987,-0.7300786169299172,0.42775310507726894,-0.07601454916523176,0.5575780261196157,-6.2064978128325405,-1.1164395290292641,-1.4716653299610358,-1.450804679667211,-1.4338094891127633,-1.4257876399193248,2.490222338859258,2.2046279226757224,0.4,-7.103496599060946,-7.988116234241113,-8.372751940870236,3.5944091469520307,7.834965015715213,4.710292910281924,-0.29374713174761896,0.34970572299343883,-1.8700480451086376,3.500299172450568,6.1829658963988265,3.783204856323115,-3.6200179960653567,-1.5516873292610511,4.7623603215867885,6.08488245162016,1.3095629263093134,1.9181412200759969,1.947991446644516,1.9509566669785068,1.9504759085348249,0.0894532560246536,-0.2121146361139381,0.0,964.7112813610021,-33.226705894836094,5.095150243631026,-12.963584531779974,-23.288996165542105,-2.7194838252459728,-1.9934766449681192,-11.16558241691994,-10.986139437022542,-16.26643192567214,-15.18955075265728,-8.067596914231647,-10.679065506185598,-97.80690882478795,28.377459236891212,5.496394952729126,2.7819076910419227,1.101859419631806,0.016984406961723764,-0.5423574663290758,-0.7854512903863471,0.028795737219308983,0.0510792896546449,0.0,1568.6173331062928,26.70098691977674,-3.4489002412422,6.755252680050802,18.943275261729386,-2.3212730600567117,1.5352504426646192,6.689198002274011,7.710886756298791,8.387259658612862,9.885551826326918,5.9836047143306175,2.185306938585427,83.40837104979855,-28.52973922711607,-10.29268889729397,-4.137383909628227,-2.257461044276845,-1.2736933287054697,-0.7859907366242318,-0.5773253091104049,1.2977348514538525,0.6337943494050154,1.3,101.69145658684302,-0.6819078236156884,21.57852254699168,13.893246072850022,26.74094648543251,16.655278713258106,10.464554611058356,3.4410320894098096,21.364887774414637,19.711165366269032,21.389738695797018,18.29630731810496,4.7582863580228825,128.51294935748984,-21.701045526684002,-18.297002185711165,-1.832586558436608,0.17776714411108865,1.3877319055874828,2.0101373013039074,2.279538075666381,0
2022-06-08 16:31:14.475446500,-0.2516836036622754,-3.6291731511415426,0.4046317634912596,-0.8702304372168392,1.1240840486904795,-2.32118874151815,0,0,1,0,0,0.0,25.33436014565845,37.27391804817459,-0.5916952902832451,0.13038396447043302,-0.2774686666002893,0.06105448422757887,-0.3244955272350006,0.13761647092939447,0.2098788416436617,-0.1356336561504661,0.005097709284910632,0.18262879120391867,-0.10348024145547403,0.14797415134571693,-0.050122424100294216,0.028864446956318943,-0.04500095175877095,65.23983125000001,-4.326181284259805,21.86205153369369,-17.08103948552537,301.8280314908221,-0.04970838356025988,0.15112840820953674,-0.021832316671513002,-0.045036977798358496,-0.007498446616073656,0.003928186625161707,-0.03720982404312518,1.7048483169354491,2.6008265950586344,1.023055991700764,0.5634716231759631,0.6238384388211319,0.7892154789964977,86.99569121087455,22.060980541650576,14.423181472284858,22.634318631547586,967.1563550927432,0.2045372214187781,0.2980349849636473,0.1940613211576374,0.1140800912763795,0.1031034867624284,0.07978671128762409,0.06324735433547539,0,0,1,0,0,0,0,0,1,1,0,0,0,0,1.453798399429585,0.9300165283210208,1.3,16.419266836237284,-5.167517930107625,5.7710766713970925,-0.8013026557528393,2.833464499736189,3.6245468789246167,1.7097041935352606,6.36504794972368,-0.22037406686438832,9.629955741902744,3.7034437193383214,1.4951086755638148,-3.270763428016755,41.62025622748101,-44.778653702758724,26.304034490011073,4.253876347155675,2.6996217182978364,2.256850459422921,2.07934207751104,2.011764730519364,0.8657239062918798,0.054113334891665824,1.5,-128.62798600775702,5.663872814920403,11.969378295369443,-13.047808869544413,14.195808868223295,-7.5764291105416595,6.63843190703636,-10.592031164714015,0.7082155957779368,-2.2023388577346443,2.4818512887739903,-7.453918531730203,-25.39535069518139,-15.739122345931635,-32.59563762129417,18.605406886495217,15.881523830070632,8.195749760709171,6.206570868986436,5.329074759095069,4.97215421507597,1.5712446603959358,0.9934809598062819,1.4,2.6754821441398864,-1.7204819285416768,-7.0318450096205485,-0.7674307164025538,-2.7542827428442687,-1.3262550340293442,-3.9576557007376634,-2.2032507849061678,0.5332122959806664,0.8262370589965675,-0.2684876342031011,-8.524699806253764,-1.4500772393684969,-18.613266821141305,6.8430282247381475,-10.366627275392943,1.2812881430869707,0.11189243852246422,-0.17707641456378065,-0.3036413149219719,-0.3557109954483755,0.887334285590716,0.045713673983756184,1.4,-21.709584317912878,-6.289317976662236,-1.4453913119981834,-5.420557171693203,-0.2255153000835167,-1.987788331736967,2.636272901176475,1.3134270505627563,1.7295705735463716,0.6471777960563879,-0.4458483755221752,0.09109194386118727,-4.99764641956471,0.8056653930621975,3.1546241506029635,0.3694554415242414,-0.573033496190849,-0.18957147185917,-0.14834318698935234,-0.13437572069302892,-0.12948589040985287,0.7166621952651132,-1.5335130984746728,0.0,30.56635304426523,-0.6780670134390678,-3.957326242385693,1.6965433592457748,-5.6397207984079065,1.874462246931623,-3.7995231318331792,-0.7759796947068871,-1.09034876190625,-0.13789029763400273,-1.4539100258234732,0.6495094731015414,7.262558285138232,-1.9644060179015568,-0.5555722631837732,-5.3498535603367285,-1.113265515257329,-1.0450181928699065,-0.9813281289397152,-0.9442710905854604,-0.9277580474796144,0.9220611669079576,-26.858902280672268,0.2,-45.2670704536647,0.3951720181491644,11.02371983769472,-2.3970472471534503,7.9353378929501615,-1.912525280203896,6.18722227550459,1.105577087007446,2.806362243577196,0.5221679809492095,-1.4779469010055033,3.7891112537844567,-11.040502965001151,5.808025777275372,6.297607845320809,5.719417328495363,1.5249098671559889,1.8532076661150236,1.8668316284336752,1.8597441350852129,1.854622812564404,0.05266405622806231,0.026851193738242768,0.0,1017.2491818657422,45.02278461819043,-3.786090314110482,-19.12750611932006,-11.680889882707147,5.027903474145519,1.6306129898008803,-1.308879682037798,-3.655571163875489,10.301531745392424,6.932739956790107,8.318220968316577,-7.688120828800184,61.3553377528371,-28.62039521102664,-2.6027560539534065,-2.3043990670043684,-1.9670867494852688,-1.7351762475968222,-1.5906365666206224,-1.5216956097774617,0.022150049405259484,-0.045950051316636764,0.0,1545.3027306356125,-44.77190001441122,0.09641438080714693,14.952227076009278,11.244862450531029,-5.327576286338783,-3.948782303848532,-1.1411590579226356,2.3399484053214716,-8.427621627505205,-5.842714686803247,-8.045337781727602,-6.250833660012852,-55.72702421646445,26.26890930764084,-0.6990833027820358,-0.29780514100164623,0.012076208392848288,-0.054625962330518966,-0.1273051552040272,-0.1664491392717622,1.5446227413973053,1.0992217272058442,0.0,65.11397305006851,-47.684940309039284,-14.087198007629453,-10.424482274007467,-0.8279050013386087,-9.732674936126118,-7.2263572463971375,-8.307569645166376,5.4458381282017285,-9.545434584133243,-2.9850946911999263,-10.158937433804343,-19.245547395502804,-78.17015859721242,25.784106986042215,-9.406230967051524,3.267510812018612,1.0170917341143149,0.44003023579116973,0.1432339414012045,0.012129786028048928,0
2022-06-08 16:31:17.225446500,-0.15459753811192287,-1.1714169364657958,0.3196332349419274,-0.7697210686107516,0.40853891340170734,-1.8527306837538111,0,0,1,0,0,0.0,25.61500666095837,36.43878443489308,-2.3497866156619813,0.1300097152533507,-0.26704019635365617,0.0787054194547819,-0.3174357842576033,0.13135697007764766,0.1379616651299591,-0.1207549499571283,-0.03786093980614542,0.17899635801672945,-0.1585567264712818,0.155071551737789,-0.06873381160044477,0.04565201671435536,-0.09228510722686588,65.23983125000001,-3.007730203618223,22.37768870816481,-17.566489170735988,259.2501972588074,-0.060979887835208975,0.16133298461375428,-0.032337775980716334,-0.04123618730406877,-0.004108219814481279,0.0004002300536734021,-0.03656304489085232,1.705427346728502,2.6253322151759524,1.0232097216746048,0.5747212301538333,0.6332686418630964,0.8451011416427677,86.99569121087455,22.085000136596374,14.546173133487912,22.062058139544053,911.8749398878048,0.1992925423124567,0.2864491434732699,0.19652246600897544,0.1160374260089088,0.1064621619728248,0.08196981274473086,0.06331782150499382,0,0,1,0,0,0,0,0,1,1,0,0,0,0,1.673297252042263,0.5643327788212888,1.5,5.077949756110353,3.5088508515583663,-6.1080661618909655,-3.5126284722581733,-1.1654637523468652,-5.2101022200627405,-3.4395913318059246,1.5995029228134232,-3.194589756317739,-8.259612964658887,-3.1414409396168117,-7.8827872044664575,-30.37035734727475,-34.02683829500209,-0.9558273539275186,25.68186091502747,9.768231854674632,5.540645094967445,4.161737712908085,3.5258200473409587,3.2616781241205466,0.6771132810745576,-0.4524420216921417,0.1,-142.8291526103906,53.66260242621496,-4.892011977698349,-13.03659676858824,8.564052886035473,7.67488648255409,-6.3030313553331165,-2.4416773629601,6.058191439791287,-0.8876668726120425,-6.669623817173706,1.2232191313135452,2.14859671242958,-12.34312231273691,-15.646704061627707,9.9469467057602,13.350176222377648,6.724709268829295,4.875105502340403,4.10933564891984,3.8072332960709705,1.6706814645489625,0.16520943719680392,1.3,9.297425205116811,-1.9379111513162064,2.519256523162709,0.8464614151393914,-1.2862864379132202,0.44956988771937495,1.1940438438968923,-0.2436415334860059,0.14562430930604608,0.026950181551923413,-2.993326306845256,-1.0877771010750472,8.120547481403685,10.39949999785038,-0.9039527408042896,-8.448229929897135,-0.9021803015748124,-0.4142187356066569,-0.3269751897481721,-0.28249613873147555,-0.2631243902418685,0.5415941223013347,0.043026869505323216,0.1,-25.03920678255345,7.228584829279129,-1.0505758645760572,-1.1816760177557315,2.2218821367896804,1.355607925389707,-0.6115076914402935,0.7364494949740035,1.76840216785036,0.23824960710007725,0.2935229168467524,2.5450738096614027,2.161357375915244,-0.8598359260803524,-1.6818229345014726,-0.7237400214934179,-1.0975622463230021,-0.6613968913338178,-0.4917667738034355,-0.4118608399954856,-0.3780410423529889,0.7158247880397867,-0.0812489414086955,0.0,37.09763445633604,-18.38459561448289,0.19224034664217626,2.253644803207997,-4.030525995244386,-2.6875298154989777,1.106522403241804,-1.2265304447573655,-3.0755914248251424,0.17403759662609009,1.142848647767531,-1.7571585667477758,-0.7777383496307555,3.3130980771694416,2.4066863696266423,-1.645627090988144,0.03444123882927763,0.26851393207578744,0.2541618459370916,0.23513196307199705,0.22478731412553812,0.5764113915301894,-0.21612074085898406,0.1,-69.41698523453651,22.263753303584245,-2.6307377665146556,-3.514395577318517,6.015758033590608,3.287807511926365,-2.0533534854748208,2.384455094570529,5.218156426598816,0.41002237364957583,0.8749158746004624,7.628532098360528,5.58137614122564,-4.253535632766817,-5.910401688717848,0.2476157783168995,-0.7583946781326869,-0.6368907373807342,-0.4480589813888043,-0.3440973566812233,-0.2975614915467589,0.03932023744079656,-0.2272793330994988,0.0,992.3101901021147,-28.960085339414448,-6.384930944812198,4.976894279339888,-3.101697962004579,-12.710212551196024,-8.409844707886094,-2.152233679028789,-6.525425347284632,-8.696144717392283,-1.5720080463702573,-6.999670477537162,-32.33281481041006,-44.13295380375917,-22.423935359334592,2.7412652665658364,-0.21347773521716465,-2.024182792447806,-2.6512253583980083,-2.9469117132701736,-3.0708168105767264,0.011766906923008028,0.08584555358606273,0.0,1570.3373486314713,13.521254212458672,4.4452474482785655,-1.1333424247560802,4.471595147340737,12.085544334845807,8.713031372453017,2.156702295252515,5.506810680346774,10.141546364638273,6.229346719419232,8.60635857897303,26.56801105579098,35.977112499754774,18.251466594335586,-4.800163073259228,-2.0621853992290227,0.2856544293951373,1.0959705105557909,1.4798437190918676,1.6414501913350117,1.9058882716953052,0.7996221225000218,0.0,46.19785300319118,16.841849787378198,3.5887439244914963,-0.9357726669736236,7.459371048000488,13.723766430631313,8.619952678437183,6.0446185642730885,13.7321627235573,14.986848077288279,6.71120391629862,14.871790171731675,40.67747215121981,43.2231135872562,10.174972294776122,-11.045201263929949,1.878549363975212,2.9111052975445353,3.4187838368459995,3.702326434232344,3.829199291176281,0
2022-06-08 16:31:19.975446500,-0.15615892157178582,1.3221762930243732,0.28630676969139085,-0.67805286884287,-0.2902903999729408,-1.4051429212744166,0,0,1,0,0,0.0,25.867639587854296,35.62620068454548,-4.028130623439194,0.1296354660362684,-0.2568568865233411,0.09547970060701864,-0.3096874299111721,0.12516063321835874,0.06762233362669763,-0.11174713700176177,-0.08052900254990845,0.17520067736868047,-0.15566486836272936,0.16155139275590702,-0.08534024686663348,0.046369532049085636,-0.12931197063851396,65.23983125000001,-1.6863789752031486,22.87275526874468,-18.089275943922395,236.71435169085322,-0.06854226390689236,0.16991200240380416,-0.044454572085210836,-0.03906354846616188,-0.0023337262204354953,-0.003006043409208652,-0.037002724526165036,1.7060021867177635,2.6279502910127768,1.0232215306896704,0.5827903189336779,0.6339664312910195,0.875253957514596,86.99569121087455,22.040393973078928,14.634170303332704,21.43657961192739,878.1977335524233,0.1968002853071663,0.2775016430399031,0.19613022753709314,0.1171064901163916,0.10757894905364128,0.08363910817414058,0.06343718133576831,0,0,1,0,0,0,0,0,1,1,0,0,0,0,2.8313827566794263,0.9378900560518864,1.5,0.07086617316529309,6.716440490759661,6.719105681677137,6.723729486514298,6.730612042267215,6.7402359936814475,6.753350316518677,6.771120306844735,6.795405703142516,6.829308539780245,6.878347555283378,6.953283800144148,7.0781047798161625,7.318288057526472,7.909637663229472,9.301183601780721,4.694889622813038,2.7287281362023585,2.337226079129475,2.219898881926322,2.183754100709573,0.07019313080702311,-0.6692247400455165,1.6,-129.44275431310743,1.0896287135448368,1.090024988927386,1.0907251418874149,1.0917970566238822,1.0933555245732762,1.0955909467070306,1.0988252045569045,1.1036261045154918,1.1110601597366334,1.1233101393162226,1.1454025925418168,1.1910549554014185,1.3090344211808018,1.768701854292552,4.996979324641202,7.65097235687918,4.677708197573269,3.481649325443813,2.94365486531769,2.7230330565208942,1.9906878266539887,1.2165554380817662,0.0,11.352658386721096,-2.538786538015987,-2.5405636354055976,-2.5436429780918868,-2.5482178647950167,-2.5545975012062367,-2.563258155962765,-2.5749333822146108,-2.590778137671484,-2.612683997950311,-2.6439322828581906,-2.6906928062769486,-2.7659743040392257,-2.902141864641822,-3.196268550796949,-3.602500723349904,-1.109144675731292,-0.5442675738824504,-0.5087659307108192,-0.5160660423643684,-0.5233085329083548,0.16304354492508813,-1.780296745758998,1.5,-33.195242779476125,1.1321545096104308,1.132750046688832,1.133779405242522,1.135302651654206,1.1374147803844754,1.1402597665175147,1.1440545434275655,1.1491307370665114,1.1560102570170865,1.1655499820402555,1.1792388515970864,1.1998621609800375,1.2331110087106163,1.2903279001766936,1.3050447345087557,0.8141773996737278,0.7453701669238091,0.7287197969641643,0.7174380024512823,0.7118233469033575,0.16065928539388485,-1.6336696429648965,0.0,37.787697859764855,-1.2628784175343055,-1.2635562626828896,-1.2647309751345763,-1.2664765678018433,-1.2689115357069825,-1.272218634203328,-1.2766798863683346,-1.2827405970188253,-1.2911332444091317,-1.303137189724275,-1.3211859823058043,-1.3505236902129334,-1.4048595667766743,-1.5322089070097802,-1.8604354546164223,-1.1400877396443994,-0.7141917336221013,-0.5880568203326684,-0.5317738836595176,-0.5084130610055951,0.1947648154598445,-2.5687121317505857,1.5,-87.16112013107895,3.21128309569981,3.212342025236241,3.214176873111195,3.2169027093717,3.2207035637361905,3.2258628091313444,3.232816714087447,3.242251787555377,3.2552916156745564,3.273883950946739,3.301690999963532,3.3464628984140288,3.4279257682118107,3.6133165568925545,4.0907741936672855,3.154210446440178,2.5353476844016587,2.3291671255972166,2.230862233005982,2.188863796682109,0.0025176339631964467,0.053066618724851834,0.0,1045.8355376946301,3.5426649841086544,3.5440310112922333,3.5463979842160143,3.5499144749053078,3.5548184258894366,3.561477082446068,3.5704579934131004,3.5826597900398416,3.5995682588816718,3.623803356247429,3.6604387223416666,3.720791010137319,3.836451591401733,4.130428982045848,4.9699807803592035,2.767384497021329,1.446912571023386,1.0854934941129637,0.9490054659207844,0.8993075527082057,0.0006875222510888063,-0.028962653611652962,0.0,1517.6750224644904,-2.422410849437597,-2.423824141714732,-2.426274099994544,-2.4299163939609087,-2.435000720565128,-2.4419132737673834,-2.4512524686879686,-2.4639688676777642,-2.4816401033536053,-2.5070601549374487,-2.545665132943228,-2.6096393090276315,-2.7332254077713003,-3.0536429594221493,-4.133151583615842,-2.529127320846058,-1.1201946774292253,-0.6998597652553329,-0.5320986805405923,-0.4683276595692583,0.29087188826043003,-0.13425100410839355,1.8,-46.156699999615746,-1.3053496324205511,-1.308950923598684,-1.3151824737328646,-1.3244201611852375,-1.3372618360479662,-1.3546211261214878,-1.3778906469652272,-1.4092338897547998,-1.4521343647698863,-1.5125057223233132,-1.6011665969288291,-1.7401495971529155,-1.9818507129601317,-2.4695918482711003,-2.8018938448276023,2.5204004627093672,3.4201400279901364,3.420687486355293,3.372104608459201,3.3420554174108683,0
2022-06-08 16:31:22.725446500,-0.17233794973624267,3.887165866076799,0.2662597972552301,-0.5899406183031538,-0.9867598273407908,-0.9616920637598632,0,0,1,0,0,0.0,26.16912668013716,34.781457064070075,-5.754020914624115,0.12926121681918612,-0.2464712712850732,0.11284495607558208,-0.3022710038300292,0.11914793454685314,-0.002579204525301026,-0.10390969486742728,-0.12383338348578456,0.17139771490823286,-0.09477711727051072,0.1675559658832286,-0.09987443689168983,0.031051656672086536,-0.15605441928917324,65.23983125000001,-0.3559376970857445,23.34687136485996,-18.646633949133577,166.76700527887468,-0.08406147762111295,0.18358440863956754,-0.052102839249270026,-0.033450175885260884,-0.0021620358939776533,-0.0060298543437444976,-0.03820066942474913,1.7065722102319747,2.664376659210172,1.0230958484389507,0.5882954362533547,0.6437258892469327,0.8887754663464214,86.99569121087455,21.917579931549806,14.690981697766748,20.758437344746394,738.3182910624176,0.18010044816762136,0.2577734920983323,0.19879445266000367,0.11783692972807733,0.10766794773290812,0.08496298127732439,0.0642118761762279,0,0,1,0,0,0,0,0,1,1,0,0,0,0,0.4783291794370352,25.132988751921893,1.5,-6.511233976835443,0.1728041477038471,0.1730333441065096,0.1734377342616778,0.17405547068998106,0.1749506964652282,0.1762289406025711,0.17806665312698286,0.1807705615648038,0.1849055438259561,0.19159672407420167,0.2033354877523543,0.2265169098277375,0.28155158660224755,0.4595488167792953,1.282386187598533,1.1918424785960466,0.5220229052610508,0.3519717261851059,0.2944057926488628,0.2742367007485805,1.5237470515811395,0.7661915313745669,1.6,-31.573911694648892,-4.7447473275273095,-4.746424557432363,-4.7493306554743375,-4.753647579891757,-4.759665978073644,-4.767832488889656,-4.778832464634519,-4.7937385058592,-4.814290025140664,-4.843453885848955,-4.886640947607601,-4.95459387427493,-5.070662239597468,-5.281177271098527,-5.284016304006679,-3.6721215172289727,-3.8636487516807216,-4.053405582291698,-4.144793887549088,-4.182296998946502,0.032198480425847116,-0.2711652001659928,0.0,12.706122776873634,-0.03844619273876493,-0.03874596686273124,-0.039268868286148166,-0.0400538028247257,-0.041164461518212736,-0.04270208210267934,-0.044829033834112735,-0.04781423739234469,-0.05212650019059273,-0.05864386318851656,-0.06918081628793987,-0.08804123100837036,-0.12771732379395973,-0.2372255074839396,-0.6296929700915532,-0.3949587696542545,-0.09984847942328046,-0.04223425014717808,-0.02603081564391499,-0.021004889144512248,0.004940219013972398,0.08587758113896797,1.5,-30.819729586525785,-0.14830743707945615,-0.1482316761996243,-0.14809983003727156,-0.14790262505288787,-0.14762499613994873,-0.14724324570220793,-0.1467198739203024,-0.14599381224925598,-0.14496082045872782,-0.1434307801295448,-0.14102406898184694,-0.136881219790409,-0.12867253644604848,-0.1082602672170928,-0.05105909542037879,-0.11754023155473825,-0.1556958978652342,-0.1601332931618713,-0.16071363306918196,-0.16074058895586615,1.0445774221683164,0.7061203642924078,0.0,11.605256923614915,1.2795184482240118,1.2795214906729089,1.2795253880794941,1.2795279571966218,1.2795251039336364,1.2795092175493843,1.2794658676405537,1.279366676859921,1.279152856575207,1.2786936010605623,1.277667655229482,1.2751663087612848,1.2680084153906854,1.2405944638799862,1.0902776088616566,1.067748292431992,1.1937938587616448,1.229042850084238,1.241652359879758,1.2462171308275318,0.022012446968377824,0.17476925955827188,1.6,-72.77170933917058,-0.7990901077543127,-0.799144050820848,-0.7992358170146927,-0.7993681509232546,-0.7995446894405065,-0.7997693984307963,-0.8000449829926509,-0.8003685747932436,-0.8007199104632445,-0.8010272356615973,-0.8010594293099024,-0.8000311012708656,-0.7947898730491383,-0.7679810750174656,-0.5881378961047052,-0.5134581693536122,-0.6692763561655837,-0.7170138963866337,-0.7348778256761372,-0.7414985052064662,2.7057277831495127e-05,-0.005250305973758216,0.0,1051.8198688153614,-0.32597367881922423,-0.32577545544869224,-0.3254296758307476,-0.3249106008049409,-0.32417612726820266,-0.3231594179539101,-0.3217534927129435,-0.3197817157639591,-0.3169375974061879,-0.31265110444526195,-0.305756288592864,-0.2935275837105138,-0.2682008460977769,-0.19984053188504086,0.041949431904118484,-0.0940935402299452,-0.2775028500223549,-0.3162148894068331,-0.3280510738131337,-0.3319316323691992,0.00024716098876359933,0.018208395788385453,0.0,1488.488221790508,1.3998928047020345,1.4000324016812726,1.4002724389313812,1.4006247069049778,1.4011072535804343,1.401746115715696,1.4025777318890322,1.4036518026968636,1.4050329555837706,1.4067936963123415,1.4089651842150843,1.4112799280475556,1.4116783080055697,1.3944027361981168,1.2010127029560351,1.0237120253658392,1.2050180031543365,1.2697184867450666,1.2953790312028417,1.30511969038721,0.10607577874194847,-1.0732881886189194,1.8,-109.41197407486142,2.8276290413972665,2.8264601456851715,2.824429594566208,2.8214010197759616,2.8171543175607017,2.8113463109756127,2.8034401301839136,2.792574010344417,2.7773031895350186,2.7550510110799213,2.7208155377450143,2.6636778702576094,2.555499869951287,2.3062210016618665,1.7446101200610706,2.774989092214065,3.112879432516962,3.1150413841526987,3.100042685649089,3.0916250435957213,0
2022-06-08 16:31:25.475446500,-0.17597841913235135,6.498903612700975,0.2496919121605017,-0.5095249717812844,-1.6887879415491878,-0.5290292754527773,0,0,1,0,0,0.0,26.53618896632804,33.956690190078675,-7.6044335324049595,0.1288869676021038,-0.23608603691288765,0.1313941868118544,-0.2959237490361907,0.11291878305470167,-0.07157959580330557,-0.0962060866957822,-0.16834273266591282,0.16757150713957544,0.02434368773270053,0.1731828532668412,-0.1124091664530886,-0.0003585730661620369,-0.17252660974038528,65.23983125000001,0.979254511938348,23.80383352316394,-19.236447719718388,94.3884816351245,-0.09978391807847677,0.19782686291266852,-0.0593413243463676,-0.02777336017934981,-0.0036020023137905586,-0.008847650612835574,-0.04036801223297825,1.707137712090252,2.7829860208541817,1.0228331121781329,0.5917558381087333,0.6778652410604096,0.8925461138922259,86.99569121087455,21.72054515856903,14.717594804031696,20.026844208877943,546.0666555516813,0.1588590603646505,0.2349812539746325,0.2010766100546352,0.11805944032040325,0.10779798556952537,0.0859385867870161,0.06624477109242201,0,0,1,0,0,0,0,0,1,1,0,0,0,0,0.04825275066166327,-0.35095652105332537,1.6,-6.721442888927664,0.001738875336008694,0.0016092728935264144,0.0013866434686764515,0.0010604643765828037,0.0006148017264709926,2.7080712991511824e-05,-0.0007333256075384154,-0.0017058248418164725,-0.0029353190428951237,-0.004452324227977478,-0.0061856906102853715,-0.007571898075712097,-0.005483966569888282,0.020910155046520496,0.2546047817866322,0.4044730511055208,0.19288731977918105,0.12502669306856518,0.09950988259849294,0.09004913883821143,0.5260457876567272,4.269641748399065,0.0,72.19909405933393,-4.673969654977645,-4.674689078728973,-4.675942388794606,-4.677820059509275,-4.680469667231791,-4.684124669652671,-4.689157294262931,-4.696179728718031,-4.706250539041285,-4.721333826420843,-4.7454442543020185,-4.787976513179864,-4.875678919806342,-5.109811727469829,-5.8807161234129515,-5.254309009895968,-4.698498772840543,-4.608892738958639,-4.588508028370043,-4.5832902647660605,0.0071535064930885375,-0.012003845806774494,0.0,11.647922805317386,0.049862181114038284,0.04991703556701155,0.05001079044581136,0.050147031516187816,0.050330901474671015,0.050569024635201736,0.050868880639222624,0.05123647243509916,0.05166882406465545,0.05213006065478554,0.052470068888921056,0.052109272409090863,0.04852276417246798,0.02699579434097843,-0.12792388130363153,-0.1962645703948293,-0.06000959591229332,-0.018807637792531414,-0.003690987010021601,0.0018486891920685008,0.007707554705501374,0.1051289444068354,1.6,-27.181314184445963,-0.16573931212251036,-0.16579327456104131,-0.1658865945696104,-0.16602479704219375,-0.16621662477994634,-0.16647533255260094,-0.16682087914487975,-0.16728368882682598,-0.16791127684546214,-0.16878022678492055,-0.17001778000336498,-0.17183457345990372,-0.17449661430689078,-0.17704617606624629,-0.15344950738452068,-0.09877305237306976,-0.12511219378552635,-0.13665807047920908,-0.14146345361919305,-0.1433273274619381,0.6424319113757171,3.0599675198743856,0.1,-17.08987660604249,1.3089976148380489,1.3089937022684126,1.3089864722427649,1.3089746735394272,1.3089561023240996,1.3089269231715877,1.308880307544499,1.3088035637914288,1.3086716389087594,1.3084309624879271,1.3079540421793243,1.306888872808768,1.3040276858711053,1.2935966688356284,1.239848644785175,1.2391780253227689,1.2835152179923301,1.2949833800428676,1.2988748914609851,1.3002447252440166,0.04319944777854929,0.24041177139834705,1.6,-54.41775485512274,-0.8445856501516227,-0.8447319497093959,-0.8449850908826795,-0.8453603053286391,-0.8458817629736721,-0.8465862548400138,-0.8475294947920079,-0.8487970930584507,-0.8505243179745006,-0.852933144116673,-0.8564039220410076,-0.8616085986907958,-0.8696247740367885,-0.8796073953155792,-0.8322051079214099,-0.6851841496844471,-0.7428077148138578,-0.7704724628591914,-0.7822537637579484,-0.7868654726244106,7.248473432309115e-05,-0.009664149794574441,0.0,1061.7121365800754,-0.28660399519793606,-0.287356948904403,-0.2886664382074997,-0.2906230167045436,-0.2933734045805068,-0.2971475684920435,-0.3023077475128701,-0.30944054343659744,-0.3195407312756835,-0.3344101178582797,-0.35762630653561445,-0.39729456864006,-0.4758706875314864,-0.6789749974783383,-1.3894974339332045,-1.0105948300186434,-0.4451561703604376,-0.3129672786683884,-0.2695321569560676,-0.2547703957597713,0.0003180277467297589,0.021206952718859973,0.0,1455.4928015476194,1.4133861830924561,1.4144966526665144,1.4164225190662023,1.4192875480070484,1.423290323025128,1.4287379925020502,1.4361061586401718,1.4461486492828255,1.4601102621777358,1.4801723512896814,1.5104890419652612,1.5599699922336328,1.6514447165329642,1.8609520807217308,2.3962937852234134,1.6579022685177094,1.2655306167661422,1.2121924476317003,1.2033890858159086,1.2024818885419055,0.05228048600127287,-0.549366857915468,1.5,-176.82048756773827,2.8071488973493643,2.8077483504891667,2.808792841699283,2.810357988006059,2.812566928992624,2.815613948196728,2.8198075461837973,2.8256520083584764,2.834011664944615,2.846470839223469,2.8662183773695022,2.900602184579504,2.970525096377523,3.1603592713254223,3.9220466732033055,3.780773546880962,3.145887664741375,2.9680014374790162,2.9025519181161687,2.8787437411225945,0
2022-06-08 16:31:28.225446500,-0.05407275187352535,8.74000002444169,0.18784039694859608,-0.4489348267094144,-2.4292085002797155,-0.11389634955841416,0,0,1,0,0,0.0,27.133899603598103,34.73505979724318,-6.127998685574781,0.1285127183850215,-0.2406021931101552,0.11853406120924904,-0.2940724931546036,0.1188346189802301,-0.13727012258894594,-0.08463564805296836,-0.20553242451461146,0.16361920267742647,0.2012737401541864,0.1781844842726847,-0.12313481569092705,-0.047974466802586865,-0.17913737098870114,65.12809734848484,2.2732132339614703,24.29163145382656,-19.769144799738683,65.77732109555492,-0.10810494416836143,0.20701992257679394,-0.07001971166647443,-0.0254312724964082,-0.0065525779680454645,-0.011626960443112429,-0.04361023948465394,1.7076837280976025,3.015758114144566,1.022464268438365,0.5935211938288407,0.7462455593853335,0.8923120341889764,87.06920064371876,21.400337784851367,14.779491872572768,19.31715668945497,457.6767458487104,0.1514134288328847,0.2213735655055372,0.198758841662324,0.11842268548781393,0.10884977606244936,0.0865089505791383,0.06952974459902135,0,0,1,0,0,0,0,0,1,1,0,0,0,0,0.09821569102217263,0.14649016620757493,1.5,-6.73568387313837,0.02704917727506828,0.02780755021873005,0.02911851230403795,0.03105886053070817,0.03375021065084044,0.03737727155080245,0.04221924971732916,0.048705096369423766,0.057515191881632836,0.06978082397599136,0.08750995146544024,0.11460013635261515,0.15955266878098576,0.2416585275514812,0.2856559332049045,-0.3161872346387449,-0.3199017522003049,-0.271906928167287,-0.24418995008951214,-0.2318301597622397,0.12077670818550792,-1.213007137037902,0.0,175.92172415674156,-4.654946277267207,-4.658919445255286,-4.665800666859504,-4.676015850510588,-4.690244951186512,-4.7095324741190465,-4.735481524970132,-4.770604954217714,-4.818995660772439,-4.88770592423345,-4.9898890694133256,-5.153021277021392,-5.444947561132947,-6.075451214636653,-7.359458263221692,-4.440235852231946,-3.5562971318600143,-3.548111593406495,-3.5938430243693302,-3.6210744427634807,0.017720879464658397,0.10450158201116368,0.0,10.514974182152793,0.06315685685396166,0.06275564909330322,0.06206097766920138,0.061030173736543285,0.05959518029029054,0.05765158047989971,0.055039357123909116,0.05150812160975477,0.04665079582662485,0.03976709798079109,0.029551659137470463,0.013270508422272398,-0.015904839354964926,-0.07987134017355467,-0.22243336595305685,0.058593110992577024,0.1644454695318386,0.17113338842662873,0.16856649536155038,0.1665095040828478,0.011323539333902672,0.11757372693510967,1.6,-23.54762229048386,-0.1878584224622566,-0.18793089887502035,-0.18805570185751552,-0.188239274316363,-0.18849156003148448,-0.18882708152077754,-0.1892665359040795,-0.18983895814056306,-0.19058399312564533,-0.19155135900412332,-0.1927829196886054,-0.19420103188621365,-0.19492015308873092,-0.18769228998732926,-0.09965333550377332,-0.020576974159619787,-0.10241781429858704,-0.13065024181754487,-0.1416373376144749,-0.14578188864042785,0.13029444038466292,-1.4118350944822673,1.6,-45.82778877606205,1.2956187199236426,1.295364819869719,1.2949248550582264,1.2942712115526764,1.2933597652215745,1.2921226768353988,1.2904557801644698,1.2881959069346074,1.2850781333351171,1.2806498198715903,1.2740833042787785,1.263727729681777,1.2459565792189522,1.213240866998507,1.2071176220937625,1.4486570755062886,1.4250533925510855,1.3980385021131398,1.3848279181907799,1.3793741453756423,0.09174324928906301,0.32592988801984024,1.6,-36.04836683683404,-0.8745716937694055,-0.874577353481655,-0.8745857405104092,-0.8745948690390919,-0.8746009300773805,-0.8745966810113548,-0.8745680986007487,-0.8744870790015271,-0.8742943888098919,-0.8738560937215674,-0.8728380747198474,-0.8702803414778941,-0.8627700233482414,-0.8333545057156551,-0.6698787200159387,-0.6462553004054059,-0.7837286940098059,-0.8216747332867821,-0.8350718937233093,-0.8398860132633659,0.012002486086844935,-0.007793380329777869,0.0,1049.4442263931212,-17.97167938980192,-7.304555330299635,3.458710483891537,8.767505928595995,7.184686196574674,1.9577639019116264,-1.6225072098913669,-0.07759295436061109,5.93054729802062,12.305617058967526,14.540450894730807,10.777988381519751,2.797240572694964,-5.5933786732422535,-11.211321509089585,-7.236004570654337,-4.736991456501753,-3.7456514727377233,-3.2479598059059605,-3.0328244838574987,0.0078070411296198875,0.007587250401290545,0.0,1452.5528062621813,25.78695859014164,12.014761837197087,-2.1090679929652225,-9.516883894663351,-8.195912738425847,-1.9400047337805404,2.852111611042538,1.8643719590750791,-4.3214645517881385,-11.092083839364626,-13.420439056759493,-9.431272531557514,-1.3995628727056797,6.277634565189352,9.947298079161136,5.622690687771389,3.8394816138507473,3.1174612871753484,2.749775405616706,2.5900351685308083,0.3937234238014908,-0.19042894447841568,0.1,-204.5027909216368,35.38820813680152,18.059557193251482,0.0278303769050332,-9.827136652614543,-8.652307555125198,-0.7990443711036832,5.768434133724121,5.1210608361433705,-2.8562345861397764,-12.915431737380512,-18.416174963315424,-15.789232602036682,-6.452640402679839,4.8459080972478725,13.64495344616811,10.134420079200675,7.2085735019053665,6.067475407427392,5.4988319811527075,5.253905923158584,0
2022-06-08 16:31:30.975446500,-2.089474595933592,8.562501617942015,1.3511768653817586,-0.3938760473611792,-3.3698090186806438,0.3941037069591401,0,0,1,0,0,0.0,16.043505953473694,43.35920561654908,1.2074632961119818,0.000426032960949612,-0.2809190066661433,0.005726782755438418,-0.1872948029668413,0.05087671995528405,-0.2091945677697888,-0.17019533651467034,-0.21363576844902665,0.152923075590289,0.29549216185961386,0.17098291424913872,-0.13799992521111015,-0.12827491737956284,-0.17168046937138964,63.26692604166666,3.3675309793434782,24.821774245811586,-19.784731707852814,65.77748574826285,-0.11265529761053485,0.20802056412783826,-0.08102790685524001,-0.023519579966354343,-0.010859971389322464,-0.01396418883587493,-0.04822958844722388,1.7113868838484918,3.2529847440419166,1.016710556479849,0.586674347433587,0.8353445676702671,0.8778336443042749,87.18115309353563,21.162904272730348,14.7108400100004,19.03960876346591,457.6767221459125,0.1520535093542608,0.21798255827120186,0.19532520793609265,0.11922439435938308,0.11002142176053148,0.08662703325572285,0.0707436635968713,0,0,1,0,0,0,0,0,1,1,0,0,0,0,2.3379681556118976,-2.9343296468330964,1.4,-2.5052599906817807,2.934585107459367,-0.15680514435659898,-2.7817913177188833,-3.2779497418712005,-1.8167351839041408,-0.22568714082707764,-0.4592569385247685,-2.9246817063657704,-6.003939856824736,-7.189210684925933,-4.9864480204061925,-0.1281424815031437,4.844241685624247,7.298485240458223,5.676028054269023,2.043245976734948,1.5573311536776384,1.27899819190705,1.1205443316033508,1.0489339222226828,0.8335006853223755,-0.3509073907150286,0.0,206.96548647789191,-62.95626569891696,-28.409341936454773,6.596060538769965,24.398111211713,20.618910088008846,5.522332056636682,-4.905034461737552,-1.139208219787708,13.442607186914053,26.1695691684643,25.379874549196195,9.319234995625832,-12.902745176068265,-28.470752361741084,-28.04349964865132,-9.639383145906985,-5.201114847123205,-3.450489728742805,-2.5846083211054074,-2.2153728369544634,2.107992247395495,-0.8042885544044654,0.0,7.014391409872579,-1.3840175704359257,0.6821249444939359,2.441637230312649,2.727436767530058,1.5412260745325164,0.018152420921957683,-0.4804638372763783,0.5560521381787269,2.36885444663586,3.48607328797944,2.8253751168385426,0.5051798966777366,-2.236842588297262,-3.9339488700809535,-3.654361307176473,-1.3303953253825906,-0.7262748675214707,-0.4864422551039851,-0.3696238994135206,-0.3201729309975093,0.024723027504521898,0.13034581160462405,1.5,-19.943373874210412,-0.2391589118881501,-0.23844907883994626,-0.23722040803875896,-0.23539807273535684,-0.23286285552398026,-0.22943211831199076,-0.22482649662316312,-0.21860983865319994,-0.2100748708755259,-0.19800803957470947,-0.1801509890043051,-0.15176206633433675,-0.10077170720673377,0.015072436684866462,0.3587236890303057,0.07938985322138481,-0.2040646815349744,-0.2711235233010738,-0.2937472202292413,-0.3015049778060121,0.05712745474382273,-0.6122062292703044,1.6,-74.7086396157359,1.139444002472815,1.1393778453866243,1.1392666738357766,1.1391095507519644,1.1389062825329417,1.1386593304695785,1.1383780254967593,1.1380881577990616,1.1378549622751195,1.1378426726552506,1.1384878595435053,1.1411046094297443,1.150743533383379,1.198453390119026,1.6212870823510903,2.1568205156703497,1.7726826366618722,1.6011628606945094,1.5226153238561118,1.4904943227309433,0.3246127117726133,0.5197833738123201,1.5,-17.662122660029873,-0.8873214773056026,-0.8860255075283812,-0.8837826669900557,-0.8804570515098435,-0.8758322924720938,-0.8695772640588726,-0.8611861895869921,-0.8498709398344022,-0.8343568219568896,-0.8124650664529466,-0.780166252437487,-0.7291012023968614,-0.6386109101017399,-0.4428985975602746,-0.004747467268614025,-0.8228219760988417,-1.1528759628439915,-1.1836668037202458,-1.1822111255879135,-1.1788384790923652,0.025898127085365458,0.08141654007775015,0.0,1015.5093544175827,-9.507970813846724,6.951550938737597,-13.462949941077811,-2.4291751714732897,-10.287778414093351,3.998118342939215,-3.285492237514788,-2.632487508706124,-2.396756870678555,-9.337928906128123,2.2717626600224783,-23.222012997596675,4.894268399713429,41.94410037208017,10.098054804745919,7.712297655564112,6.39925436629234,5.585040049076304,5.142884947938787,4.946462794575622,0.01082869682504348,-0.04667650929698548,0.0,1481.4092724863092,17.433187057082648,-9.093140582218863,13.22061301231092,-4.214013916267247,10.01772798736259,-3.253256096356836,1.8469196495695712,0.6964732337889785,0.5862116049815782,10.2353481600286,-3.782784850009637,19.405127256474763,-4.00944130971574,-32.639049188256124,-6.8710871841524375,-6.617711220476679,-5.288194120667964,-4.619481074171659,-4.265803781096668,-4.110056081535793,0.5197103467995131,0.22260021999228424,1.2,-198.73791533240586,15.882243150963106,-20.38439052010952,14.820927339621024,-1.9914126216596275,16.60451438110086,-0.56010699910372,5.922249263163562,3.566492587366744,-0.1805602992911739,17.196700262511072,-3.4810647980796308,27.03336467905589,5.465448228937526,-45.937585529818385,-9.857076054270877,-5.414606693803173,-4.153897760516742,-3.352293759347882,-2.9247960357619416,-2.7362568407300234,0
2022-06-08 16:31:33.725446500,2.8004268015516183,-3.5495293957949214,-0.3329676443279399,-1.1835083527191903,0.8002820827418026,-2.3688851127869026,0,0,1,0,0,0.0,27.124722822189927,34.961103352479036,-9.936634708169585,0.0005804344349829162,-0.25297220641907403,0.15305721519210516,-0.37219995771844255,0.12509763315749506,0.25854815089395555,0.0019993501837237107,-0.051379765679544234,0.17374539264782016,0.2619726502504227,0.16576946104791712,-0.13754214011206256,-0.13957322063802222,-0.17178127980366165,59.21066458333332,4.0985328716689535,25.645120564433277,-19.025432328712412,58.30299214525153,-0.12160124935673405,0.20111250392019428,-0.0886953906350105,-0.020297720159267892,-0.012763445832086195,-0.014108739159283635,-0.04787642898508702,1.7325202852192627,3.4533970740858555,1.0273565414342345,0.5974528889671054,0.8846206625331025,0.9024024799821312,85.41461584623431,21.292920682842343,14.400483283433692,18.96459202519943,428.4160566951661,0.1467839366943584,0.21632042624081174,0.19615179013724596,0.11923560079582013,0.11458300495546198,0.08730275640264701,0.07301898773485639,0,0,1,0,0,0,0,0,1,1,0,0,0,0,1.794980805663414,-15.476271972007007,1.2,9.28006806583208,2.4499464497456063,-0.5688116675542578,1.6950111960094771,0.3485610741740607,2.4743425771211154,-1.7228507990640989,3.0212760708377733,1.0683980947369451,6.978198475378302,1.476165916314124,-3.1444245511176216,10.260274861316047,-12.30808426204824,-15.034183565264936,-1.167671658352029,-2.015604910714936,-0.7711321706912522,-0.3929014890200443,-0.21827000666043644,-0.14549855612482487,1.3950058162330454,0.3910226175674321,0.0,152.50595428864634,-47.65339589215537,19.017909080683253,-26.667272712623788,23.852084703644195,-15.062019306908322,5.1436302220898265,-8.517860459987736,5.052640715821135,4.600562201405491,-13.7614072630806,13.358557081259276,-19.610073847750076,65.6336082802032,65.8984933222952,-23.176038626617466,-7.089272330844072,-6.246147274354326,-5.49181769221936,-5.103232908377229,-4.936132918356042,1.6396978113929692,0.8345190058446303,1.3,1.345449881246056,-0.02735942466954933,-0.4214385998865329,-0.4046183200280157,1.00203021493042,-2.935241910886404,0.6481452601076887,-0.8945401099366845,1.6612778865051514,-0.1904830058689784,-0.9417508060083692,2.0661143524735825,-2.2728248744013833,9.111784723575617,7.455789046781988,-4.085443814952708,-1.5942164062262725,-1.1684006863574143,-0.978376141109299,-0.8925757605080112,-0.8575596202699798,1.237310766443562,-0.2127452982226091,1.5,-13.94851205614535,1.2069928556437453,-0.5068167692343686,-1.3577378899056414,-0.9679133849705404,-0.4709320277307612,-0.7692596010534983,-1.3402585544829049,-1.2338177528296943,-0.7495666226915294,-1.217862163487039,-2.9380221779173215,-4.1261467668499145,-2.7032798114436556,1.037034215900271,4.199033410837411,2.4487667675439035,1.5976940406884546,1.274959029262675,1.1170794650685167,1.0498511186380612,0.6044224117295048,0.2591662252595992,0.1,-72.68628984078447,23.548165077634287,6.207124345704902,-5.3786541430691015,-4.595443769529288,2.0111518269371604,4.395770476729465,0.7003776497568346,-2.6220631708821394,-0.6724490432553809,3.381691263310516,2.915580768597945,-3.2098062670198666,-8.990013255619163,-8.476885242471507,-1.9483259389086167,0.9759570436086492,0.6848976709703463,0.6170548279953882,0.5871815739873099,0.5749134998798366,2.3217056753768963,-0.4956562583575242,1.5,-6.791764257563052,-6.838968188584283,-3.3502294236064056,-0.5483681514583276,-0.0650509746604572,-1.2893403591468866,-2.3294121706860027,-2.1646372358458783,-1.6963102994206778,-2.5154186648875827,-4.672102570958517,-5.993515491148517,-4.026144691654846,1.1971859268582896,6.590084580475205,8.06194842675426,2.8824399702844983,1.4928277517551112,0.9938716372192088,0.7555812215876412,0.6551743339645608,0.032795630127015994,0.003425017398096297,0.0,988.985718644944,23.16227813759005,-6.759688216158338,-5.699836876103362,2.529781937604937,18.856253069391123,4.414282331957466,14.237365452976606,15.422093574811285,7.0569595940272025,1.0180158842454359,8.168865846576644,-0.43359376632886537,-25.998945503476186,-37.443541949599336,-4.256785786381933,4.255706949879151,4.963060394601643,5.238695352882188,5.353303347431927,5.399265971621904,0.01069769093865418,-0.009344294140930015,0.0,1513.9487689355822,-25.561142752199718,7.827596528369014,5.6871758088956605,-9.66539807810895,-13.281760651763266,-0.8635549034944887,-10.10073096725678,-12.126126824048512,-3.063210023289045,-3.6059989980816662,-10.62117667840571,-0.7031582168973642,17.52383861831201,26.09334833468634,3.98797040969238,-3.098418326704511,-3.5170627794719493,-3.7741802576594985,-3.8970551607770574,-3.949277196197933,0.5158135941822904,-0.12507950840011828,1.4,-193.9269954524012,-40.13334719528345,14.797128748526466,-6.758503603880023,-8.993511278337454,-12.444191364395973,0.5043910196392227,-7.491738731596914,-8.547093225219214,7.195948532403292,-4.335941038241808,-13.300204014705107,5.8977345181215135,15.486405650749395,40.5483580521292,1.7721118951171926,-2.2448646782553885,-2.2562837173670385,-2.432571075308084,-2.5236039926594005,-2.5640141354045847,0
2022-06-08 16:31:36.475446500,-2.9784020194136898,-7.387093033346074,1.4742688581842995,1.8525513681924064,0.02385159486882308,1.3142064127795354,0,0,1,0,0,0.0,22.562083460827196,39.56206266396943,-0.3956261578843312,0.0005206820253679319,-0.27237050757259834,0.04023482895357757,-0.20385416030167192,0.02330414224233151,-0.3384917833615429,-0.11984600368829072,0.17637534159882404,0.17737836069388155,0.24640817655991185,0.16744026074423685,-0.14521579244347654,-0.1331698394348448,-0.1767343250896137,57.06585104166665,5.268674768754744,25.937301463497292,-18.928327423570682,58.30206820796278,-0.12544479180751394,0.20186542615083908,-0.09999018453247864,-0.01633022947712275,-0.014247092641712616,-0.015677167788123867,-0.04789797139105167,1.771027159963333,3.5948932345359905,1.0305371911130543,0.6004863779266806,0.8907047984567735,0.9282549745961564,84.56812197033237,20.791411260459665,14.474873021934075,18.99674689451503,428.4161825740938,0.14784808341733385,0.21531904860536424,0.19090384475463268,0.11906778215418147,0.11945041485879493,0.08745269504095753,0.07506438020694971,0,0,1,0,0,0,0,0,1,1,0,0,0,0,1.478130304208095,5.870591490949707,1.3,13.294931316510313,-9.062147708100644,-2.849057341765889,-2.87972030124977,-3.1370314912357307,-4.569057398452278,-2.052022325550388,-4.4651043940632364,-2.114368560119094,-5.554163253510975,3.970116136236632,-10.419220860514676,-1.3422544754253531,27.98835215650877,5.380338666136386,-0.8778835705659254,-0.4197957364873355,0.4765534560275084,0.6710520418841861,0.7447720065867829,0.7720967575997402,1.8202950436161216,0.7110005598193442,1.4,78.32918807045665,57.52117239556202,-14.93035512960867,-20.02942938810446,24.960957372779628,-2.085470576013349,-11.228498701130517,-0.8640183875112752,14.853335804865056,-13.723238926022539,-4.760608724213358,11.06952599164067,-2.577357475465668,-87.74845127497005,78.6175856699166,14.019436353135898,15.345209770955243,12.584518692033784,11.812158397812373,11.440993126901295,11.28402523134415,1.6534274680314616,-2.435526746720733,1.4,0.6219925302515884,4.639202074055022,1.6166736102535717,0.07809661769907827,2.9418075656522364,3.5065895009121637,-1.0387210529666455,0.16345918987788974,3.703664966881425,-0.6190688982757826,-2.663360109552656,1.1557736319263237,0.2898618498801913,-11.657454423332947,9.70509615015964,-2.792126527138868,-1.3061499309207083,-1.056891182185478,-0.9963734211388192,-0.9719109267275524,-0.9623381832084243,1.1233635153382446,1.6080090727144996,1.2,-6.0416399973345065,0.5511376349184284,0.8834522146326115,0.8352494037408064,0.8918259178862724,1.1080388506994725,1.2409838228540204,0.4033155599264342,0.8094743254366488,0.7965313402381369,1.7415740711809826,0.4530528412466205,3.608255690910255,0.3073139194527585,-12.760972618828061,-0.5952877320900669,-1.2683843896078637,-1.3330895087853007,-1.3313412352768579,-1.321935225507079,-1.3163185671517086,0.6200419829865652,0.2869050910423205,1.3,-57.10791973253724,5.7382589962411785,-4.161659273385943,1.2881639463440282,-4.156760303660355,1.947684126573696,-4.0269338836464845,1.964112761853665,-2.389399837627354,1.932266240971153,-3.817012542827903,2.8373022795929663,-3.5889674014289046,15.765991671848669,-4.003914994152218,-7.327352891226645,-2.1776454404755032,-1.9490080443930904,-1.8074307582918088,-1.738141391589037,-1.708907285922895,1.42333261577771,2.330276900981977,1.5,1.34802703461852,-2.4052680331379377,2.1943078960024094,0.30245094758856794,2.0681781386275504,-0.5592492951465111,2.248073608796336,0.8931881448274815,-0.0964090098793895,-0.4977905662932005,2.97776070127842,-1.2867363466614063,6.168016532349965,-10.99818919986028,-16.358290021695723,7.228922775948539,0.7940839697957922,0.21706854363411396,0.024418403930609508,-0.05594988601410239,-0.0873553245711754,0.06806702394348435,0.038991595507025786,0.0,931.2360526552452,-8.146881950770277,14.657092861828305,8.728941006399397,0.9816993939403602,1.0369485454451706,0.7628777486050637,12.197309032129276,7.8715809273087665,-2.8992670304782098,15.182785082721336,6.811069796048121,27.687544746554703,68.26259864768576,-35.88632577232478,-25.45062140852684,-6.5784406876156005,-4.291680736747928,-3.4446935306546287,-3.022978881838758,-2.8433293075130743,0.014594642510712056,-0.046778433494664234,0.0,1574.6268941268493,0.4622025742338281,-11.440291474115725,-5.8394640548993095,-5.326638132799586,-4.689904328770041,-7.5378801541080795,-9.669207257571003,-6.587073137760272,-3.538485026214332,-14.081823290283305,-8.22515841199251,-18.24949818956773,-47.00246503982315,22.959918808095843,15.084216633038174,3.116929507911862,1.4111326862791105,0.7958091718539322,0.4920545916294916,0.36285787327160257,0.947375998237864,0.312130038525712,1.4,-140.80405908644394,21.657118828753873,-6.137687505077333,-13.886322942805764,-2.3451594629696833,-6.0745442597204935,-11.494991715244995,-13.416780823149438,-2.265726266748699,-10.173174140760002,-13.750412793671675,-13.040958588230705,-19.848287918650705,-44.96727803929756,39.8549013744793,10.899413483095136,1.4797541083919141,0.5498995551121179,0.1048164390290376,-0.1341480145836913,-0.2392411970842656,0
2022-06-08 16:31:39.225446500,-1.9262476605894656,-9.607909480972813,1.5058547415597303,1.5384016250128183,0.6808152595978287,0.3778059489839871,0,0,1,0,0,0.0,24.678261631690532,37.70349740821877,-2.6763652505408664,0.0007384072382612093,-0.2664283223700461,0.07111380915615444,-0.2467534671283468,0.046080470504520736,-0.20682635667879487,-0.10470254146808236,0.19005766415206835,0.12684456091067733,0.03302183191954247,0.2037181738128676,-0.10827227512001672,-0.12050210034041428,-0.16406225576541428,56.19586979166665,6.409816359325585,25.979615636290426,-18.800371375123888,49.35001836448825,-0.1291697024995156,0.2040480845807264,-0.1083212011765926,-0.011332645573728444,-0.020263488797076627,-0.018785687716951837,-0.042860099691347436,1.8035939886895624,3.872193227728276,1.0525487759152143,0.6564576567214079,0.8965270236429562,0.9349552159342462,84.95511322741919,20.451511690669626,14.507217609727745,19.089335632810094,382.0709839102738,0.14573604122135814,0.21264216577429185,0.1881949803941625,0.116012702895953,0.12382236804359273,0.08825594764006371,0.0830902038264584,0,0,1,0,0,0,0,0,1,1,0,0,0,0,1.807124894924064,-0.2871953071974372,1.4,-8.105870441019237,-16.02695465362044,7.446966163114996,3.755812129430648,-3.2104541319406334,1.4764814265560622,5.434854925453959,-5.528467928823055,1.4068247576586663,4.751788407358045,-5.432088695887967,-12.65742101549113,4.172949282444584,-24.858980931013196,25.24315640884213,-0.33878078005499823,1.6382159907520988,1.2919748548507934,1.1741023921772618,1.1124122484172494,1.0852736470331767,1.8476410677280848,1.5103586780121312,1.3,-116.06012900209768,-29.457464653875466,27.67823608925844,34.056905101868175,13.240639150012187,20.517613898999592,32.262745243946554,14.418150096565453,14.006525152884615,34.744210741917115,33.908723501661854,13.450150162781716,26.278912153126345,105.20889696741881,-99.8787914318202,9.861875390872264,5.252311596775883,6.695865248891746,7.212149040565268,7.49887334572366,7.627669674350356,1.7530561090634738,-0.5775211252950112,0.0,16.133395982953544,8.176958587758913,-4.841433675170356,-4.4055629567774455,2.65835075179028,-1.2865985019825763,-0.033534849971181696,0.1877982657453514,1.1896154435666069,-0.8370088109462245,3.3138675446828083,1.8450278043043968,1.0309016138484797,9.808843954859276,-9.504637585872054,-2.8797567165465234,-1.4005721143369445,-1.1110312820002086,-1.0171849287271064,-0.9677430433616618,-0.9462010872097956,1.2006929498012742,-10.48152474412541,0.0,16.59380781645497,6.051335296638314,-4.8589743067477285,-2.7608092750971402,2.1061496066244745,-1.1339368160166414,-3.3766327784813464,0.21100969605613126,0.8721612748693663,-2.6682474360297634,-1.9449739058358289,1.0826467121613026,-0.6024868848457752,-3.1074896232587004,-0.10668560847538773,-0.0926928896662642,-0.9650781933158163,-0.8902089097075626,-0.8847235421115974,-0.8841226979857594,-0.8841344564698185,1.7229060371800455,0.5022046838387978,1.4,-26.194524400587678,-16.731755801747287,0.13323089374343589,4.922888084906392,-1.0239804856570058,-5.385701742328896,-2.008762532723556,1.2677439933090398,0.15219714711480758,-5.1671964012749285,-3.179325015930605,2.5176361233336935,3.5675032236354216,-18.536667883849486,15.793159728425445,-6.8482091495988175,-2.154601581485836,-1.8605922369292784,-1.7877168623435162,-1.7556904515818557,-1.7430201658496722,1.793492053298215,-0.11890068867631393,1.3,9.128278841859403,5.859937415388612,-4.1655097098306335,-2.495299058994332,1.6120448326981325,0.5026584315081757,-2.374669133658436,1.5665157306591375,-1.382239205791718,0.5360836505121442,0.16671353352133567,-0.7899829034540113,-3.2012343737918565,9.402521785223833,-13.797234086208706,7.305592242225122,0.07257233497822613,0.131047164860429,0.09071131442023894,0.06706876351673285,0.056866508982874715,0.10676663919010244,0.0345275337393572,0.0,945.4565492948012,27.64266691804144,-13.892464990487357,4.388473173815342,3.8917061704903233,-9.105167270829703,-5.937360997677509,-4.388591097351636,-4.687653904368538,5.732827837685247,-17.667149787171095,-11.676412374672296,10.806171914911582,-73.06013797580664,89.97037566048436,-9.85271430072843,6.903603895216143,5.0060388766435135,4.191726800740165,3.7721160332998886,3.5883902158503767,0.02218567830859736,-0.0183303142580122,0.0,1578.5297949078338,-15.221016647803594,6.147568830175147,-1.2576527183533417,-1.8108676982422052,3.8334577144346436,5.940472791421826,2.316229587544896,3.715472818840773,-2.7128160050560126,12.913516668508693,8.199117554304586,-4.533708060582583,48.33997564600282,-62.33885279732147,3.7190855613969376,-5.019099383575089,-3.968438223364053,-3.3878984797707687,-3.0786310131517247,-2.941703307235871,1.0260023032854573,0.43026411568384576,1.3,-133.27726103956635,3.898016180639417,-4.375598115362603,11.178887466075812,5.776083929469903,3.967044364027569,10.401249324261089,-2.6394116778669154,8.60345219416744,-1.3215787591612551,14.200585676194976,7.629144317959469,-2.6604687036371093,53.43673479982294,-72.67775479936282,-3.6429766181335403,-8.919845507083505,-6.8192670554493935,-5.775124563171346,-5.243196775827994,-5.0121460328381655,0
2022-06-08 16:31:41.975446500,-1.5317586528693194,-9.592790376226246,1.3024260615827026,1.2628105765027249,0.9066745045769536,0.002496527822067892,0,0,1,0,0,0.0,24.390314640980158,37.48846102464231,-3.2451562944457994,0.0009561324511544863,-0.26572097446269644,0.07645415902899425,-0.25606961883981205,0.051876147058115316,-0.14364480683214534,-0.09760293523961884,0.17818981683032425,0.08734364407742932,-0.18238980727328316,0.2356660821276124,-0.07702503108648327,-0.10197046588712318,-0.15857002551864047,55.341320312499974,7.571172167415696,26.04099368617552,-18.68333745391105,42.04822883909432,-0.13275852586984566,0.20617555538733867,-0.11730486315348325,-0.006351746171465533,-0.025011427998072263,-0.02164331961552229,-0.037948003091261305,1.8249282434969487,4.122575981881023,1.0668691330601323,0.6930834391545716,0.9065346529037418,0.9365178835476344,85.32844697851716,19.99146882796737,14.550390309176796,19.17047447047245,348.35695798755074,0.14481090012024736,0.2103059194082731,0.18481403601611626,0.1131971654248248,0.12571574045894346,0.08884894115896179,0.08959039835461996,0,0,1,0,0,0,0,0,1,1,0,0,0,0,1.6961195699035116,5.212876833343398,1.3,-33.01439368793256,13.107784825097413,-6.5133753517318285,8.638022974864018,-2.7805675892153694,4.721471322146504,-1.5139456562630167,-0.24592729520541656,4.248927982108358,-0.5845677340427828,7.689817686836935,-2.7959705809276705,11.718689199501592,22.00920300087834,-10.999325642304914,-6.815675233279497,-0.8242259015264486,-0.7087349317169562,-0.4325044090943846,-0.2744748131920095,-0.20350109333922528,0.6933831087679316,0.12117941044747454,1.5,-235.52515647633632,12.939034975266395,-19.150719603557803,13.761634083404283,-18.337686070037254,12.093988254376896,-12.78562550008612,1.8633924746548531,-5.397177919819344,-7.009058944211678,-2.7515282828403897,-17.912550404998804,-2.2444531173081965,-75.13319019881907,-28.84353666569991,37.056286884639675,13.593288593030332,10.866663369147773,9.159529024747512,8.28145512821177,7.901358791259201,1.0294309307125178,2.5822214290877654,0.0,32.20526000046778,-8.838566961275252,2.2068703860612446,-6.532093930588409,1.592715798762082,-3.3387170691979784,-2.392677764810036,-2.7478402365084302,-3.544911776269845,0.4757246260913293,-3.1809796699890027,-2.2325473792314847,-4.26367036720401,-8.460438196504986,-6.315804111661456,0.5952467360431006,0.4541065968025624,-0.1996313871589459,-0.4213941428795258,-0.5299098837291651,-0.5759943924759575,0.7546036052489006,0.2224013284156448,0.0,35.279524030315955,-7.083769311003343,3.5275060581191378,-4.2926210993987075,2.4710051099510992,-3.0203993277990167,0.4454939155673179,-0.825468978844266,-0.6857112647993187,0.16654036755871934,-2.9430862790125603,1.3204389487926207,-5.533188771334556,1.9744264526757471,10.742703144135218,0.36882751145748816,-0.20101913527170745,-0.034952523948688315,-0.014917207016450053,-0.015656952869638197,-0.01799429288064211,1.4146977011267885,0.06516884289002547,0.0,14.986454103781398,2.558731100028691,1.0405654252118055,0.2482549367926141,1.8037632334023173,-0.7808924625757816,1.6182801891438547,-1.2495933220782398,1.086162194155057,0.9501545840589792,1.7518881726848752,1.4132170519206864,2.001169436003124,14.585920298319323,1.4845193909715533,-7.824218314430644,-2.6843013699657403,-1.9283032909233435,-1.6030131694012948,-1.4462394710280193,-1.3797326946765291,1.9006299407682183,2.00249667127738,1.4,7.674125354522857,-6.461067469133082,2.1983265478996827,-2.6887159242769614,0.6906681232378853,-0.8270012552913397,0.5948579004376344,1.208062525801206,-1.7627902131591509,-1.1337223072800875,-3.6478085244565817,-0.2070866673379711,-7.668817106757331,-8.659985950209654,14.987106445607266,8.521385470224345,1.4248021145601049,1.4540038812581595,1.3117812827428312,1.224828710244087,1.184681787717898,0.050560998350921066,0.024552813167131756,0.0,960.3594606697322,4.128517520520107,19.52585736676248,4.191585199992332,9.789154400478367,4.646195391489698,9.058436612890539,-5.670232481515478,-1.5960343430586974,-5.063801214692067,8.657721611777012,3.358544192092093,7.555477195030723,68.2365552852321,-2.945448026742582,-32.70432982957205,-6.068607346194522,-5.067633818359667,-4.084769079348116,-3.5632975891570737,-3.3347629451747047,0.010945050649891878,-0.015229574272443694,0.0,1571.2124649069613,-6.794545761000563,-9.438071206144599,-5.042521897909069,-5.984227762626972,-3.081985237589379,-7.07165788481896,0.5375619282824573,-1.0554682095497585,2.425957192403999,-7.665597898606485,-3.8749971902117935,-10.077684626539792,-44.997300661368214,5.778607663434932,21.09254087761217,4.913844044585659,3.893625199083616,3.1140693543109137,2.706680039247999,2.528831609679973,0.8497467218551941,0.2370175882028457,1.5,-123.91902046034949,-25.308319600865957,0.7910424229838142,-0.5989250474196091,-5.145618572621645,-5.7000330534103725,-11.997726700400989,-7.7014771008063985,-5.692551834926156,3.1486870334938915,-11.322004747672546,-5.503235907956888,-12.049513613724086,-50.26159661758343,4.602665729282907,21.02302413698139,5.02297020378846,3.833897149328792,2.9385034381818484,2.4631389423137904,2.2538911417063416,0
2022-06-08 16:31:44.725446500,-1.1611480977414212,-9.712128739509827,1.085744503104196,1.0108252068863388,1.1476667202048438,-0.3636657646393245,0,0,1,0,0,0.0,24.16042482831127,37.257998338319204,-3.823251648779749,0.001173857664047764,-0.264998596874088,0.08201153659011179,-0.2653799215244129,0.05726870028136001,-0.08239741551074031,-0.09052142037746724,0.16928014442798822,0.056775552873476215,-0.402522337356805,0.2626408223158225,-0.05109559379215246,-0.07875575424222983,-0.16290305226802387,54.492044270833304,8.798195006777481,26.163132687806645,-18.598043081494907,41.82413650825252,-0.13553036877461966,0.2078838429105659,-0.12798846461576066,-0.001939494732629898,-0.02840526221070768,-0.02450789834917411,-0.033169707667954705,1.8375305623453493,4.357448130055191,1.0754961954460258,0.7162341286075922,0.9222260937762792,0.9363213660757232,85.69050790082764,19.318707011308998,14.62283960317206,19.229484863465967,348.3533949715827,0.14616109391481147,0.20895418655685988,0.1791974430285943,0.11171101817628112,0.12605085944372624,0.08911509161786478,0.09499858512608604,0,0,1,0,0,0,0,0,1,1,0,0,0,0,0.8761513737697749,0.4516332089891475,0.1,-57.415818326107036,15.73646263739814,8.373654847294937,0.21759602173145254,-5.046929918907466,-5.6828481267373085,-2.69423391412591,0.9997336155165244,2.4235653519689304,0.2794588786659691,-4.435571685758403,-9.179427723311909,-11.414423482482652,-9.990256020662699,-5.5518102151185165,0.6853794098043211,2.7785141976426537,1.7980829770812983,1.4131361410344647,1.2249804273429694,1.1443430080388486,0.48807275263390504,-46.008297861759125,0.1,-318.17420775176066,54.343758556960964,28.31525855807352,2.8871416659290756,-8.365401634290386,-2.9159708703854363,10.173200667321634,18.12239138705587,14.444651460017988,3.4657113297355338,-3.806147244458618,1.10952483892771,17.213535234329306,34.668447421148585,42.25295543381839,33.3301837082378,15.860986501058283,13.46640356928561,12.51692631768806,12.053296378969907,11.857559183830336,0.367268733964931,0.1202494406278095,0.0,47.04944357593767,-10.886541327037797,-6.384845242674404,-1.459449549036608,1.6773456848203958,2.101831885576998,0.5187627814255777,-1.4312034299075886,-2.334269100912338,-1.8187559155462212,-0.5372742168149529,0.5336355840523854,0.8693035436650778,0.6804591418124001,0.6110947407306844,1.3532697097013522,1.1331268965564187,0.5519224944159524,0.3592137257765875,0.2733345457784431,0.2382308998600791,0.4738093924966998,-0.7726250371068795,0.0,47.62650845799418,-10.170620265381334,-5.319859033624589,-0.2537478719247712,2.5688758304268484,2.365820244484245,0.32578822437246835,-1.4181537306231855,-1.341501873497195,0.4964905434410722,2.672373583973218,3.5420934841561036,2.4138244826877475,-0.07674202136924048,-2.5758583086149027,-4.04737967470915,-2.964153993683891,-2.213053203569085,-1.9036900045902885,-1.751087652131595,-1.6858731187440454,1.2098230417218645,2.118977842227617,0.0,23.998068217574843,-3.753494888486659,-1.8543070929988863,-0.2911340014018444,-0.12467447441937066,-1.2685880867530968,-2.6053351293004408,-2.9395235649145532,-2.0183519515470247,-0.7849874046908623,-0.637284849938666,-2.264164672426239,-4.9887523364948905,-7.1696874136705375,-7.379248949690254,-5.1241016486877236,-2.2998028198580744,-1.9642620137023497,-1.853407140716212,-1.8055125128793383,-1.7864721274013469,2.2447679842104167,0.7551523781863386,0.0,8.848780914308259,-3.7147942200699733,-1.7808309039835564,0.5719811829395722,2.4287538979840324,3.14916358524618,2.6934297258762614,1.6735926330970148,1.0512634074608571,1.592355625705623,3.364485157190455,5.594167706736085,7.026730991308655,6.6247019385378945,4.1507586297616825,-0.3242883715379095,-2.4112215692671386,-1.4740729412566642,-1.0670092687142283,-0.8652597422759791,-0.7786477481042962,0.04785534772939183,-0.3796180840475168,0.0,971.5478606751724,-24.61956236582364,-15.180008876040006,-6.5926494535886215,-3.697388709340984,-6.409944576292332,-10.248104981291263,-10.469728529306133,-6.400729090798193,-2.321742951524147,-4.031002075538119,-13.740660485900946,-27.451494198007534,-37.1285296184561,-36.12597859253818,-21.230287033944503,-6.0614174437019095,-6.16497672665437,-6.225777005174997,-6.249786573937121,-6.259912078269062,0.008377214322999807,0.0975140821251026,0.0,1560.9193903321961,10.520034891759792,6.343587940629335,2.9178603646769545,2.4563488035296217,4.55191463307014,6.647710956367093,6.388415145518124,3.8895731817539168,1.9467938924994288,3.842677397925257,10.411705180466654,18.76360595212823,23.87846267869897,21.969676387197442,11.636500008392632,2.960043028534834,3.3076440067294217,3.4406568265223854,3.5049461207986714,3.5329601996982465,0.6102967085548489,71.33503823412194,1.3,-109.43450724565308,0.2224115370923592,-1.4062331753939006,-1.926877244603196,-0.3182779045961439,2.4514311620502696,4.123002770534455,3.202787947733345,0.6424824867629328,-0.4480801391549916,2.891259309573838,10.819298030021999,19.86611026957704,24.84410577144772,22.22553311468855,11.070890377573432,2.287205554705063,2.623873422482724,2.7352846314888324,2.7879529922325417,2.8108791355867084,0
2022-06-08 16:31:47.475446500,-0.7763616494390746,-9.908309847003704,0.86992276891618,0.7610905621263986,1.3971625136907049,-0.7412095885393297,0,0,1,0,0,0.0,23.96334401233744,37.007373551797926,-4.4171377850843525,0.0013915828769410412,-0.2642590198985014,0.08785721351574413,-0.2752393910637799,0.06291259306352752,-0.019819410257403625,-0.08308512817203274,0.16129258834181687,0.034612848152506315,-0.6274363982405256,0.28401720141099385,-0.03066001543992162,-0.04875662745116068,-0.1765128214023807,53.6522614583333,9.958199065535482,26.22492254667706,-18.49944285103324,38.095813556823046,-0.13855818573307005,0.20984311027024807,-0.13785596807352693,0.0030600120770204664,-0.0301854811635326,-0.027112030117623424,-0.028566660094378464,1.8437627515564317,4.578785465670583,1.0798246031916006,0.7294229323839441,0.944454250623734,0.9378342892561278,86.0408406150913,18.66790283482795,14.662988703038664,19.290202123912014,339.0740401033689,0.14679966128277613,0.20724779089691892,0.17470907766888202,0.10930196552827064,0.12578908095045954,0.08922065882114667,0.09951246160157767,0,0,1,0,0,0,0,0,1,1,0,0,0,0,0.018819035682341,0.12942804762431118,1.6,-60.874915641632136,-0.6546193769586122,-0.6551518632081654,-0.6560692977251774,-0.6574200753846831,-0.6592795395593605,-0.6617593300420871,-0.6650224449153881,-0.6693073475192257,-0.6749663407472255,-0.6825242331646126,-0.6927497732037278,-0.7066050008089746,-0.7237936394683291,-0.7245400557352628,-0.3835491038940102,0.25161185507927275,-0.0870537972672969,-0.24059082796483236,-0.30823628945417825,-0.3352719522056369,0.0016091836145432476,-0.01574149662254415,1.5,-390.95086017944425,0.6196531320815026,0.6234134356081427,0.6299149790634857,0.6395409364202642,0.6528987697451569,0.6709125761371411,0.6949824345841211,0.7272663550301139,0.7712034955725979,0.8325529070835778,0.9216509061136992,1.058938326648167,1.2905711794982937,1.7312705829282835,2.109992862149941,-0.9282376216426941,-1.0676406437449053,-0.8500572289861159,-0.7169223058776321,-0.6567051952298035,0.017402822135605202,0.1716968765556901,0.0,51.498799432265386,0.4176296946925291,0.4174175325692442,0.4170521794056201,0.4165147067809629,0.4157757770607597,0.41479222240967983,0.41350170003756537,0.4118145836121916,0.4096023352511171,0.4066839220340313,0.4028265990920323,0.39786634210156135,0.3926914562219691,0.39838019465177976,0.5511337050517451,0.7593459967244391,0.6169256595204596,0.5611254276237263,0.5379069783213619,0.5288273897765737,0.01256685677278903,0.13169127125093005,0.0,49.915549110475425,0.4145194542424724,0.4143612461624686,0.4140863945147935,0.4136763972550339,0.4131013593715265,0.4123145876354033,0.41124282524747424,0.4097679279174848,0.4076902434635297,0.4046486953538628,0.3999239940650021,0.39186362248586826,0.3757164606460234,0.3318004026659937,0.1530040282029803,0.19687240821106267,0.35116182747248137,0.3927043669250979,0.4071824962294943,0.412243956120221,0.030164003266269324,-0.30546221313297184,0.0,38.47367570087649,-0.4960172267334277,-0.4965624228489976,-0.4975043287693368,-0.4988971831751772,-0.5008267073233528,-0.5034227501814388,-0.5068809534343715,-0.5115007502584571,-0.5177551389835747,-0.5264274630718853,-0.5389040253282169,-0.5578746310233703,-0.5892185828409613,-0.6459648131059886,-0.6606973452056077,-0.18992778386422315,-0.2039675449234335,-0.2495428253059677,-0.27514755437581945,-0.28642190407782514,2.62632785277441,1.0681545270410402,1.4,-1.7636810691959324,0.6882621276739768,0.6889462959537993,0.6901274345558603,0.6918720021457518,0.6942845457746065,0.6975223320422692,0.7018199071488004,0.7075308805548357,0.7152011581016159,0.7257020751029924,0.7404790671506107,0.7619914791520018,0.7939551573421212,0.8312190080453772,0.6092579072705284,-0.0989381244824948,0.14694514824157506,0.2787020957097257,0.338935243121894,0.3633812210604618,0.0003363443859415368,0.015589120653309729,0.0,994.4720014683403,0.16376194242701558,0.1598971307356578,0.15321689602852473,0.1433311190682076,0.1296223714531095,0.11115373316551568,0.08651077111490224,0.05352458778650515,0.008765070407587672,-0.053443446375069925,-0.14308466738374293,-0.2791624377542199,-0.5009285964544468,-0.8761482460789054,-0.6771126403332737,2.8070228085438376,2.379246787760639,1.9587124203444617,1.7455057293591452,1.6552194640176865,6.844712703032935e-05,0.0018193004939753106,0.0,1537.6065213085105,0.536698606609491,0.5389071841790383,0.5427221718281601,0.5483620154300866,0.5561714291317656,0.5666713401879377,0.5806437800213899,0.5992789842217547,0.6244404902253322,0.6591693916346273,0.7087084312790495,0.7827166776417975,0.8998161008800878,1.0816464469972402,0.8010779447588448,-1.2391683468703791,-0.8594378229392134,-0.5755733294428573,-0.4361631499746537,-0.3777714556792864,0.014690213334277018,-0.13380550933684615,1.4,-135.0066989061751,1.1635755030391408,1.1657973895997351,1.1696349458785225,1.1753071770829742,1.1831595128181929,1.193713606204982,1.20775185946467,1.2264636171906909,1.251707964758357,1.2865118192527063,1.3360757994560553,1.4099254574419675,1.5261663553017146,1.703412917850411,1.3851302228379725,-0.6927898664072423,-0.2782792428852474,0.019684814131081474,0.16520056567880914,0.2260101883762275,0
2022-06-08 16:31:50.225446500,-0.3743648220370434,-10.154164992569534,0.6516790650271608,0.5106800891916533,1.6485066842501055,-1.122374928990991,0,0,1,0,0,0.0,23.692678714022684,36.79636432413478,-4.947596181120312,0.0016093080898343186,-0.2637831677579991,0.0929091834245509,-0.2847225975813777,0.06847207587902503,0.04364104386976645,-0.07484986557247726,0.1537579613173954,0.021006897014018328,-0.856173886293356,0.3016488572827253,-0.017130213113328966,-0.014777770003578841,-0.19802509252976505,52.822145833333295,11.110696550049177,26.274854091562037,-18.418603084488986,38.09302732421386,-0.1408750340609051,0.21160976102968893,-0.14824449454880792,0.007924488548563912,-0.030563922009584674,-0.029583813282223505,-0.02431443119764728,1.8459302580081596,4.788148554172052,1.080910605679387,0.7360102960359844,0.9737988201460016,0.9447056690267196,86.3796249429738,17.924773793226173,14.694865402228878,19.33644445287089,339.074353220005,0.14795231324260075,0.20586281506231616,0.1693426135260481,0.10725077703615396,0.12565843121936493,0.08913005661359458,0.1033161369704549,0,0,1,0,0,0,0,0,1,1,0,0,0,0,0.049113888001219484,0.25606694442313405,1.7,-45.067339375274706,-0.7306200697615637,-0.7308651871350356,-0.7312906205020475,-0.7319242890527269,-0.7328111160996063,-0.734020849649268,-0.7356620130674656,-0.7379076215294371,-0.7410452943978683,-0.7455825944703753,-0.7524915355967359,-0.7638544494521211,-0.7848744963424077,-0.8310219966731787,-0.9134851314302874,-0.6841350565121509,-0.6442622960282193,-0.653923196399143,-0.6610091206099498,-0.6642525460938296,0.0006148829998434876,-0.03225411060271849,1.5,-399.20784246985255,0.4570251980702977,0.4574596698069158,0.4582174571045528,0.4593548334481632,0.4609639320517687,0.4631912356590498,0.4662717898473012,0.4705952072239352,0.4768416337045221,0.4862877176389944,0.5015804220177458,0.5290277539057815,0.5870454207582814,0.7482124754259711,1.3262124646334534,0.9675354542468996,0.5349664140431827,0.4536014722009618,0.43169473903371797,0.4251199768762919,0.017625799791173066,0.16699864011209548,0.0,42.79412674107632,0.38463041629131656,0.3845061430868939,0.3842908817804047,0.38397126838890383,0.3835259872148087,0.3829223511851105,0.3821103509495769,0.3810120439333755,0.37950178420782393,0.3773671822889739,0.3742265352580536,0.3693423007633208,0.36120984827386704,0.3476330958078344,0.3599728470053569,0.4817869476867531,0.4563274453593542,0.4391899628732474,0.4313934550030352,0.4282631215937074,0.025993455319719645,0.192354790492828,0.0,39.675233575510795,0.4629666465665059,0.4630323374030221,0.4631459394393835,0.4633141782470078,0.4635476985611238,0.4638626438560762,0.4642833365242447,0.4648468901051059,0.4656113744552341,0.4666707202320684,0.4681821758246669,0.4704111085802638,0.4737223980251513,0.4771957914370882,0.4508000617605528,0.3839012793186287,0.4139081908719476,0.4275708333913306,0.4333409666013845,0.43559320246176414,0.021105574915063968,-0.26849954213736826,0.0,48.85281015382414,-0.4916934049228488,-0.4917871235381028,-0.4919499492642676,-0.4921928578479848,-0.492533578235999,-0.4929997838575066,-0.4936348362985665,-0.4945084934050723,-0.4957380732678933,-0.4975337498695285,-0.5003062203683535,-0.5049609378543597,-0.5138674670749082,-0.5348109494971838,-0.5846260105064418,-0.5003200213557035,-0.4695102991951714,-0.4687254179558278,-0.4698130088810508,-0.4704645859828083,0.25492116031119705,-5.701400267184996,1.5,-17.46992360861517,0.7411531852179116,0.7414145898914737,0.7418680405757987,0.7425428501281144,0.7434860742259299,0.7447705319229896,0.7465090244925959,0.7488803325265588,0.7521793327024049,0.7569208319072478,0.7640757106241078,0.7756754656929573,0.7965905503208867,0.8399132740450306,0.8951094407556429,0.6471653776810175,0.6323815560008942,0.6500856818742248,0.660166284202844,0.6645129315008437,3.5693458546121414e-05,0.003790947470696287,0.0,988.4351328543961,0.06721262138043471,0.06595566952110232,0.06377665689764456,0.06053717198379616,0.056015636304778134,0.04987048892939328,0.04157541693010813,0.03030213290677608,0.014697437907290832,-0.0075701877732896605,-0.04081450289036681,-0.09379391959222973,-0.1863679803880558,-0.3640657312700668,-0.4651964991900357,0.7378496970234067,0.6727885383434575,0.5518595565991121,0.4911182912752636,0.465869621313757,5.708317992902157e-05,0.00765815207312466,0.0,1526.233921177714,0.6310576874246863,0.6318730748168377,0.6332866664717187,0.6353883627408692,0.6383221091776505,0.642309855130307,0.6476937259818882,0.655012400946049,0.6651465047924674,0.6796146817788724,0.701230374161959,0.7357177460338207,0.7961084974585617,0.912665820834654,0.9852581274331841,0.20572344471183607,0.24206384062157585,0.31889084636798515,0.3577204755592085,0.3738931860980133,0.01327095468921584,-0.1841105168097351,1.5,-160.547582190548,1.2855069370331442,1.2865046441791799,1.2882340263408059,1.290804560120895,1.2943914103737288,1.299264390729684,1.3058388395803815,1.3147675187009409,1.3271149360326766,1.3447106198830123,1.3709272335646159,1.4125726153815852,1.4849097563612623,1.621646403617417,1.6786813156848792,0.7208848029739165,0.7919216118227674,0.8932787553308237,0.9434046297979156,0.9641365325367968,0
2022-06-08 16:31:52.975446500,0.03113916420127037,-10.422844755299217,0.4313589866415855,0.26394980539884744,1.9073704419848805,-1.502429187483132,0,0,1,0,0,0.0,23.32015267573186,36.66346810840697,-5.3210389901399555,0.001827033302727596,-0.26387866512422475,0.09619057993684912,-0.29336088380079506,0.07396237191641704,0.10723825643557644,-0.06621014807790916,0.14722445888584762,0.016645892854389947,-1.088195399201407,0.3170013562701284,-0.011620432428535128,0.02746114179940471,-0.2283790708686408,52.091207291666635,12.249432364555313,26.403356284090048,-18.199638362674662,38.090498733437656,-0.14386519028620026,0.21201346929298698,-0.15887382206073755,0.013312858879293277,-0.029285011744477736,-0.031998309449323366,-0.01984438447388064,1.846058436420199,4.986887145820393,1.0777200756132508,0.737273352325898,1.0103234839537163,0.959325449651626,86.68727495120113,17.09179009433609,14.75235967238248,19.425380643807756,339.0746373415924,0.14903618703748325,0.2055831959997142,0.16330779962604694,0.10438925467327566,0.12644742364273354,0.08880977720918752,0.10644041491862577,0,0,1,0,0,0,0,0,1,1,0,0,0,0,0.10691616087270367,0.3595641013318399,2.0,-29.15297703460709,-0.6999144892779894,-0.7001149897201666,-0.7004644270900253,-0.7009882837989929,-0.701728186719939,-0.7027501207055149,-0.7041595700406609,-0.7061306008211273,-0.7089654662230459,-0.7132279502832259,-0.7200782085907167,-0.7322547471713334,-0.7576440913363465,-0.8265836817242256,-1.060694063830114,-0.8849284765581731,-0.7144634646321599,-0.6858502639687076,-0.679028954529913,-0.6771886086649069,0.0004066857267448448,-0.025577697153976488,1.5,-407.4672344359751,0.2930194046968566,0.2932785285005153,0.29373340275762416,0.2944229481280942,0.2954120050125475,0.2968060496939202,0.2987791802465836,0.3016298524742247,0.3058998882817914,0.3126532115037026,0.3242129969658496,0.3464575398369023,0.3978137242409918,0.5579423151933565,1.245783212849977,1.0558632397402654,0.5135590378340016,0.3899360896639994,0.3510272679351569,0.33792658282164223,0.02583159814465494,0.19763974241013865,0.0,34.11508383032496,0.3772779221877641,0.3772942763159173,0.37732310599087615,0.3773670897773171,0.3774307300807731,0.3775214350145288,0.3776515995381355,0.3778428038797379,0.3781349042126461,0.3786076461515031,0.3794387563877426,0.38108812428588207,0.38503427644270943,0.3978691013333724,0.4562159652682662,0.4456303080887929,0.3988631461302132,0.3877131360745556,0.384107235064364,0.3828733835929238,0.04700325892863943,0.2523423094853761,0.0,29.39364240376341,0.4700639709811058,0.4701264913027354,0.4702349195720741,0.4703962230742724,0.4706215763396036,0.4709282504160634,0.4713429543368095,0.4719079255175107,0.4726926218769138,0.4738178059195417,0.4755098436361256,0.4782376852717368,0.4831036039561762,0.49290033393179605,0.5025365636615219,0.4420828839166917,0.4418078638567111,0.44702569819643,0.44978892392025976,0.4509540619640733,0.013976252756320149,-0.20496148681551926,0.0,59.241449585583716,-0.4779567320465015,-0.4778796735909516,-0.4777460655789661,-0.4775473821770246,-0.4772699640816835,-0.4768927323540853,-0.4763831571909263,-0.4756899398593113,-0.4747290390468754,-0.4733550986169992,-0.4712977167734567,-0.4680034346950601,-0.4622004931857164,-0.4508749878707496,-0.44306826159250656,-0.5179236914133014,-0.5148615324230474,-0.5075264381699673,-0.5038100568377228,-0.5022639461798182,0.08308723281029241,-0.8271869830054575,1.5,-33.239000224138806,0.7312736429559674,0.731304940927183,0.7313592976036438,0.731440342004996,0.7315539287010071,0.7317091807332794,0.7319203620457577,0.7322103577057097,0.7326175267267373,0.7332102992625105,0.7341216482887193,0.7356423262330952,0.7385219550091487,0.7451324663071047,0.7592074558798829,0.7297290624481049,0.7218689287930544,0.7224257584753686,0.7231013603909857,0.7234335896206279,8.730104464651578e-05,0.006798614821569515,0.0,982.3603774180244,-0.06730725882238175,-0.06620379488705908,-0.06427964585081725,-0.0613929599301315,-0.057312238109346936,-0.05167119371603235,-0.043886164231359714,-0.03299912928336824,-0.017360376073398243,0.006069194680335954,0.04343508450290301,0.10892896664665663,0.2426337000641929,0.6004360741920465,1.910801875965284,1.3448141123052189,0.3137617363259402,0.068079794605584,-0.014033662688998305,-0.042430419644165614,5.5376468127641346e-05,0.0067368668773359315,0.0,1514.8479703178118,0.7121360947081143,0.7117669166158578,0.7111206323136514,0.7101451797514358,0.7087547248902553,0.7068116317620223,0.7040929508897662,0.7002255383109173,0.6945521329165203,0.6858298877213969,0.6714681644897809,0.6452644433232138,0.5888861495934705,0.4262834614894402,-0.2520769494997381,-0.13447080346060858,0.4153270661480519,0.5612968264989782,0.6132570003981499,0.6319390163392171,0.010087773117332206,-0.14068297403885424,0.1,-186.05806256843033,1.437838005559971,1.4375950297252338,1.4371645793865202,1.436503164814949,1.4355375646583293,1.4341472319727284,1.4321308050129042,1.4291395380096734,1.4245359450061272,1.4170657466484826,1.403999854935722,1.3784804279650391,1.3189812958302696,1.1280065072266336,0.18110588888009094,0.04420045137990414,0.8484275218658084,1.0910503093012125,1.1828492989375556,1.2169025032023577,0
2022-06-08 16:31:55.725446500,0.3099702197691303,-10.352328990369593,0.2547627375369279,0.033377576853941215,2.2066539878834424,-1.893694736147441,0,0,1,0,0,0.0,11.832857325718994,43.88746259451018,6.555106348819684,0.0020447585156208735,-0.3097624015932294,-0.049418221112899736,-0.2110732336883868,0.05929904428098155,0.1916163941994006,-0.0553931614905245,0.1653460820117944,0.020368592523180736,-1.3260088965945025,0.3246944025103031,-0.008636039550509823,0.07432255533045162,-0.2679023301374763,51.47245156249996,13.357136432241752,26.683453615452212,-17.852006103653938,37.89960547938736,-0.14790191383474674,0.21093019585864467,-0.169726547677486,0.018619587218434132,-0.026698881398047315,-0.03428655305003159,-0.014914540664589087,1.846390290908032,5.174982464502351,1.076357225841278,0.7376074649990305,1.0545771983732823,0.9842794471714456,86.96061740611142,16.043474420674027,14.86164744222392,19.56477801471425,339.0709363195338,0.15012073243193225,0.20636605101604685,0.15527243087942558,0.10133874783160612,0.12888803216499378,0.08830092737884948,0.10904530309562216,0,0,1,0,0,0,0,0,1,1,0,0,0,0,0.4170123105899604,0.5222716627433793,1.7,-13.281006338809659,-0.7119608043913632,-0.7132181827934531,-0.7153992985115964,-0.7186450902854636,-0.7231817414480999,-0.7293591228907581,-0.7377188765870355,-0.7491187519002388,-0.7649720330385019,-0.7877433551249815,-0.8220781816820759,-0.8777175409286367,-0.9783104047500926,-1.1912654593896108,-1.5368972372076726,-0.4488332834719582,-0.2820501570973448,-0.328321442179455,-0.3613622543747358,-0.3765557878279411,0.0011065680879422553,-0.015257514639215578,1.5,-415.56334959009575,0.29342785333169275,0.2969898729014204,0.303167443172498,0.3123574478024196,0.32519625937772645,0.3426670646078911,0.36628960050930814,0.3984659756400184,0.4431453762525326,0.5071991247098104,0.6035569341320883,0.7593574409863653,1.0411388005210682,1.6465646661551947,2.766371548165747,-0.12943458740109648,-0.7830837067898813,-0.7205933064546777,-0.6523492794418857,-0.6182694681559044,0.046216990656862376,0.2401996102041761,0.0,25.450616688856343,0.3845918897561029,0.3850262315224429,0.3857797318310778,0.38690120895133306,0.3884690616568309,0.3906046861248078,0.3934963038271133,0.3974426486630287,0.4029375619188815,0.4108465669431469,0.4228137435393187,0.4423296998948128,0.4780474087415629,0.5556468037251473,0.6944838365650485,0.3085631388551437,0.2364300841358074,0.2506372361255184,0.2619481362391464,0.26725035865347696,0.10053067223902576,0.3389799013658417,0.0,19.11524109498891,0.4803617212303824,0.4804531938948282,0.4806114603663119,0.4808460294744865,0.4811719867121629,0.4816122878569117,0.4822016812578362,0.4829935324722876,0.4840721016038268,0.4855755270669278,0.4877401892842319,0.4909827861095032,0.4959678763127212,0.5021375473718093,0.4722630189588306,0.3802825329734242,0.4164416339139611,0.4338009900947988,0.4412020191183362,0.4441008895918466,0.010297800177182737,-0.17221271199898353,0.0,69.64222801968138,-0.4520735705279808,-0.4518030746154409,-0.4513346079370182,-0.4506392211642467,-0.44967077353234775,-0.4483585824817928,-0.44659465940968657,-0.4442110138138056,-0.4409375253002421,-0.4363191825215187,-0.4295423773920157,-0.41904765529956856,-0.4017052458991546,-0.3733322890112297,-0.4050695672407094,-0.6692750765805251,-0.6105626744176973,-0.572476652710026,-0.5552062136517142,-0.5482747295450469,0.04072280690240845,-0.43914449226038543,1.7,-49.00444244711025,0.7250470966197895,0.7249051162451376,0.724658610786217,0.7242912624350373,0.7237767816685051,0.7230742794175185,0.7221199870106723,0.7208119347545594,0.7189799535824992,0.7163222371805293,0.7122569366197786,0.705525825669491,0.6929381177746745,0.6646988216523046,0.6091012027090115,0.7411529165569326,0.7706357382265616,0.7668121350777752,0.7633514817747404,0.7617086906384654,0.025279422886370043,0.1116872943369719,0.0,948.9594067160252,-24.876220004328516,-17.785804296502647,-8.555424396409407,-0.09895913724928107,5.07854611404418,5.7505987215100935,2.372797965358636,-3.1210557432943205,-8.051565225589489,-9.98554200130733,-7.624545235483802,-1.264227306680768,7.3593170327636965,15.89074407911932,21.958772289871842,12.954104592990445,8.756444663170093,7.306688218988523,6.617270396461282,6.326654936332107,0.004873387007950246,-0.03814037394038258,0.0,1523.5548537172558,19.063725485203946,14.148511975468125,7.613069319316509,1.3513053343457386,-2.9535084282296116,-4.376029216441623,-3.022831977267323,0.05651913787518481,3.281554084217888,5.122651790862278,4.641233482574761,1.7944478067592584,-2.6103006724220212,-7.354224462156742,-11.281986715035346,-7.310424847054385,-5.170389639481102,-4.450222877600695,-4.109523113171844,-3.9658953315154335,0.4396003235414572,0.5171568913627762,0.1,-181.53298774410575,28.853580018517967,21.40469782558393,11.586898592977636,2.3529870068922207,-3.704525820958548,-5.2179909486446725,-2.466711740876381,2.784827006794288,7.96487409858834,10.63775969845635,9.370343180253636,4.209829579828492,-3.4066542097318546,-11.374497909156402,-18.044184897414947,-13.362167345377733,-9.75303639112003,-8.361473978731567,-7.68036167071456,-7.389691237763167,0
2022-06-08 16:31:58.475446500,1.9321416512922356,-4.30607264674765,0.2630585130387825,-0.17075292655675486,2.638653642363032,-2.3832254333427585,0,0,1,0,0,0.0,19.792552970202454,41.189703330825964,1.4850413683681052,0.0005600521720322314,-0.2984266831724395,0.021442078014589604,-0.29871687861209084,0.09815322924426556,0.2390430856326663,-0.019895027699564947,0.11990018109470235,0.032572351365678334,-1.5091362176346392,0.3283054203077613,-0.011297334130467915,0.12738186933697435,-0.31606761781974163,50.843677083333304,14.392606390478175,27.050943673724905,-17.377713235149315,21.776900694306086,-0.15531211815501625,0.2099849920336159,-0.17884518671709515,0.02525776288049146,-0.022726195364026456,-0.036438061799688184,-0.010146085506143985,1.8569036893905257,5.323261371192968,1.0764502931202844,0.7378408271711021,1.1063713547191698,1.0213176776990351,87.2314215883328,14.783864057864836,15.041161386269405,19.824736768670782,229.5404032895776,0.14424778246860176,0.2061756445073353,0.1475289046016192,0.09404533253770063,0.1333485650155688,0.08819389275637157,0.11112515844347988,0,0,1,0,0,0,0,0,1,1,0,0,0,0,2.2196195284121405,1.8872094525161245,0.6,2.372712501864859,-0.7026732989869002,-0.048193481925042914,0.8496427287081029,1.7465195763888772,2.380744461471458,2.532597224001865,2.0756437233319147,1.0088927925668425,-0.5373511216099471,-2.3235799932001906,-4.046844099844886,-5.400692694529506,-6.1349771454627104,-6.067939438827773,-4.0650589596985665,0.9120455796991318,0.9299574707206992,0.8345336802530263,0.7903682371521673,0.7718407353630636,0.16029339715947402,0.15252539827372635,0.1,-394.8655843825498,26.838181415879923,20.539756955428476,11.429481866087347,1.2881192470746754,-7.927131364047824,-14.482910016899224,-17.222536284859142,-15.798674550962893,-10.738093824491168,-3.3256815441702656,4.667654986149991,11.356681348486685,15.138353276573426,14.994256429837069,8.163609697167113,-8.69789352014833,-10.485593511684057,-10.750596075085678,-10.819120224266484,-10.83604903690398,0.31626298672021336,0.2293335136473978,0.0,17.239150033581005,0.7811969033612374,0.607320782100834,0.3684992857425045,0.1288797798601633,-0.043598692378758575,-0.09323967176586477,0.009729154264790485,0.2609013868657717,0.6208342427648446,1.022051353756428,1.3828233891678257,1.6255225181483377,1.6970832641707532,1.5815377062157312,0.9485535035104858,-0.8116020910449774,-0.7224488750998849,-0.6038898727550905,-0.5422073083671053,-0.5156886315942153,0.3721159850629359,0.5108582311074942,0.0,8.863057634231886,0.5168211895574533,0.5167695581608223,0.5166781275949976,0.516537698839271,0.5163327224294905,0.5160374465269041,0.5156084910250869,0.5149698462539456,0.5139803820795033,0.5123566556393468,0.5094656330955103,0.5036666493668552,0.4896542116211976,0.4431951228149237,0.2177735950564192,0.2192744023142931,0.40640026524988027,0.4568393291289432,0.4745662322625974,0.4809017712446532,0.009277210920534379,-0.1654960430172144,0.0,80.13651701396695,-0.33276338923964666,-0.3325566437612117,-0.3322049822629314,-0.33169784848856665,-0.3310209321831179,-0.33015766872629904,-0.32909362471983794,-0.3278284661091533,-0.32640843674169795,-0.3250181519019435,-0.3242633568574849,-0.32617775860936593,-0.3387715429485647,-0.4064313680681284,-0.897261228170148,-1.2328221958822023,-0.8053622653517845,-0.6549807879317422,-0.5935994982335084,-0.5698223502216643,0.025201628296559732,-0.3164673554107967,1.6,-64.81477906353302,0.6738475154727039,0.6732925945697836,0.6723329599201389,0.6709117497106005,0.6689387713696586,0.6662767341618405,0.6627175015947921,0.6579401319323437,0.6514332998049146,0.6423425815957557,0.6291449010611243,0.6088873235023801,0.5753040124091293,0.5168220568839901,0.5404699534870001,1.0746917863419492,1.0084015640641848,0.9420055410793255,0.9084353601740116,0.8942843000041727,0.054759838328838434,0.05930967739236687,0.0,877.2847634484766,-24.01924089317416,23.759678918107948,-0.3995252889147025,11.684665585828093,6.296069665773537,3.6127596682161784,16.8920614343156,2.8691007302504263,8.328528822003925,3.878741559018295,-0.8782425439213809,16.419622759497887,-29.220873067913068,-42.445904541669215,16.89600401853039,8.864968856306382,7.8474637606224,7.652876889674804,7.5784750180227185,7.551005252981883,0.008143747773087344,-0.03137576543679172,0.0,1578.695861622127,29.884272304468908,-16.535805644897266,-0.5567051127076184,-8.189914802313638,-5.7653376646467365,0.6696414037357812,-8.78897321060333,-2.6559187495838685,-4.588966458704036,-2.7649454366978152,1.7417815758226851,-11.856582230109488,5.842496602769857,17.992702299464774,-8.673185062722121,-4.407613570358002,-3.777643313052636,-3.7061157539910425,-3.6900088263167614,-3.686878996988902,1.399516875874278,0.4921667249292836,0.1,-100.82185360117936,50.746923465980274,-21.2071135834249,-0.4105704233517109,-12.421186588671086,-8.427392262737325,-1.1279660421540605,-14.312122354924464,-4.915869603880352,-12.387813773034296,-8.038330668067111,-1.1568192120332546,-24.97910046729628,13.070224828335133,42.703244394720244,-5.188343199820145,-7.62097335937352,-7.362842770430834,-7.455297329276477,-7.515819650460128,-7.544298436546311,0
2022-06-08 16:32:01.225446500,1.0166699657609597,-8.807160194267295,-0.06670104622700335,0.9650207535124148,0.6121281507998718,0.3179397798119352,0,0,1,0,0,0.0,21.774046718899974,41.429937626880786,3.681927804503834,0.0012922186298295981,-0.2956026129303523,0.003826187821774503,-0.25565500584146755,0.0724896515460629,-0.12411783682154275,0.040785742706995406,0.15127852202994935,0.050389558724009936,-1.5214245796139931,0.3328008842847544,-0.0139183628950715,0.15538791173294048,-0.3427208044766649,50.225974999999984,15.399141967797975,27.459483737872386,-16.857776028102556,21.340652768824093,-0.16012220875892502,0.20691342982797026,-0.18882370177504584,0.030615205328563943,-0.02167416396740857,-0.038094893502315104,-0.0074282359492625185,1.888643735255905,5.459098098545959,1.0781960566086837,0.7413891679008134,1.1437349494851734,1.0523960876550769,87.49386773734089,13.301003289305784,15.231304684940982,20.119237378298376,229.3846636143367,0.14556145957595273,0.20880717113646696,0.13622592040693668,0.09022884831738244,0.13739914695013156,0.08867920224688984,0.11211501914890436,0,0,1,0,0,0,0,0,1,1,0,0,0,0,1.6920706172950517,-7.087073541673488,1.3,16.282904987469244,-1.6592166082673938,-2.984192502843965,-2.305095350631844,1.9120625113665948,-2.809470110209221,-4.754187222498619,1.3284150677450768,-0.8025026361630021,-1.6673915279843947,0.3449842914864599,-4.123354530071108,7.12016361472122,20.384044415224004,1.168317922055357,-9.886455623993351,-2.1004535726520093,-3.2277600781988216,-3.32294443574106,-3.311961593566396,-3.297543899351292,0.6422941442020047,0.07661715701287801,1.5,-290.0225211746389,42.70182893025415,-39.28455271685545,4.141528989410013,-2.3159168772514818,-18.091757586247805,1.272500561087842,-13.030771899858347,-10.380697890213806,-3.909231832778023,-20.04168557344523,-2.7070608451230225,-27.615632037124254,-68.00215121585154,9.736560541934416,53.20637751072779,12.691474714938884,7.402549985632942,5.082076688908949,3.987851561187712,3.5299808405795967,0.927328504678742,0.346454816710667,0.0,11.952091298483221,1.9494731955343765,-0.11650778526641135,0.20078534065430784,-0.29941359300011705,-0.4182367150021769,-0.3918407026371595,-0.6338947400541124,0.3483485538421665,-0.0014191490539914307,-0.15391459604246108,1.7047279598562073,-0.12847795795500422,-1.0751361767824266,4.479566292859714,3.832244945166583,-1.079980540866765,-0.648262004872853,-0.4988773725550214,-0.4397528114980038,-0.4170324890133713,2.325234390400224,-0.2669876713766439,0.1,1.536085647023814,3.189603748064477,2.4352998290189043,1.5037902433615256,0.7332362030821402,0.36787413471343255,0.4604652242081489,0.8624003394469697,1.300940965219815,1.5036832303901742,1.3118923381215852,0.7341043012689805,-0.07801271983442543,-0.9170731280740481,-1.653427889533733,-2.3461841437872297,-1.0573948696430109,-0.344320004766969,-0.12383411845068545,-0.025679830859526832,0.014555081972684803,0.3639915109492084,0.14508903530711575,0.0,75.84090302158616,-13.00181679557454,-7.889333919035583,-1.8850666794712407,2.5925930753403352,4.120699457404681,2.9026566471044313,0.5180251058189693,-1.0446420164892425,-0.523841105877012,1.9354729719031971,4.917301937804252,6.5828798478644694,5.729996794823763,2.4034013054904517,-2.521751244674772,-2.566353062985208,-1.4468276984720108,-1.0922174353143037,-0.9294895793676796,-0.861678081167081,0.4151277515654554,0.216723994133512,0.1,-65.98277083337604,13.361718171007618,8.465439097154363,2.6209553154454914,-1.8882526956011416,-3.614052097093136,-2.5592435037127985,-0.04250466009842002,2.082519074320005,2.4194713885993973,0.7088716608686378,-2.1380648693446966,-4.624881225857839,-5.518566101829412,-4.463176162983173,-1.6018157183017119,0.8906202694604377,0.7845245515642254,0.7182087546252759,0.6850738563864116,0.670711846928904,0.0773804596317254,0.041040056315170784,0.0,789.9874003221312,39.90090524315718,3.604262166198957,13.15037706684798,4.33127947615575,-5.716646623601023,7.543159851188946,15.898810314407475,-9.85229277781526,-3.5961279639170343,12.191281731217167,-2.4326659571426994,7.03829512401979,63.27195274461632,-20.85105300378953,-0.02016897425313502,-8.69674189290074,-5.658516748878206,-4.527757366669147,-3.9564156530703176,-3.709599393207692,0.005802411281831629,-0.035254547757855234,0.0,1648.5854443735186,-25.45092603467978,4.984168487270523,-7.479864801184193,-5.286410128628347,5.473509766675306,-8.835611994435126,-8.40494615030812,3.9644541022908726,1.179798101528803,-7.86297807041489,1.9815005356866493,-7.54186192763996,-20.31542854535569,1.9563788497210624,-6.582877428406861,1.2300357493469605,0.4591877200079964,0.1756735087821255,0.01413734882471118,-0.05896016863747099,1.4497659582741351,0.9033608524000022,0.2,8.664125719899706,-31.524307949756857,11.395639745918672,-1.9269771670852047,-7.332662691567548,5.537234491337801,-5.324790925682862,-8.295404865316014,-3.712285195556678,-6.76499772190679,-14.514188863097145,2.3282696845214246,-16.29970369463769,-53.76071936179483,-4.818043502173731,7.831130207906041,4.513226259008463,2.47869335631317,1.6649424273819329,1.2428502144021307,1.0592280895941557,0
2022-06-08 16:32:03.975446500,-1.8927962052030665,-29.17690402049088,-2.7402680718957013,-0.5392861275547006,5.337610622933882,-3.4464883830708617,0,0,1,0,0,0.0,19.22853437047139,42.9476124826454,2.2447047949241936,9.168078435383593e-05,-0.3214216680268638,0.004323698738427267,-0.3022029958300089,0.06346583934884284,0.4849583989407658,-0.11365751058076645,0.3628893271726791,0.06429645786544097,-1.591176861409228,0.3302901076129956,-0.008927149900697184,0.1532924390466655,-0.3409913586358093,48.528977083333324,16.417255543728498,27.96906764244375,-16.229074284477402,21.338656846635637,-0.16573145235673087,0.20238101823946034,-0.19865872875538407,0.03559197226128875,-0.024308641313057263,-0.038840759537365765,-0.005306994923897046,1.9646369161504071,5.617937436733559,1.0909396982657098,0.7463853709626148,1.1747932412759907,1.0756360756687413,87.26090204370901,11.87146756021975,15.2412662921332,20.26143212970818,229.38484915977082,0.14532559445470716,0.21026011917281767,0.12562928725706846,0.08765435905947314,0.14063761401923072,0.08992795118847248,0.11340872947539885,0,0,1,0,0,0,0,0,1,1,0,0,0,0,1.4288008281754023,1.0713333680503314,0.0,24.03696619348096,-5.491137697150123,1.464251300166449,-2.1557881102554366,1.420908821094934,-3.7930785013361854,1.5540323802821019,0.2940971306805729,-3.4369146014521386,-0.07070164469817898,1.1666527171986285,-8.093963503367638,-5.709775384551808,-43.00958262567278,19.50459224003012,6.656915281031834,8.900463378904249,5.816753773707736,5.090446466683373,4.771135550001327,4.641344014840176,1.5357968532361703,-0.4644131254249149,1.5,-213.915410313942,-80.25940916163856,1.261381431030557,-43.61255895910814,-29.357641062374164,-13.45953032536989,-29.05673635829273,-15.681271009217966,-6.609612997357143,-15.835853876877234,-7.452491927216856,-2.9656829599961725,-22.48074104369168,67.31287270665433,-84.74972769748568,73.75801482292191,26.814657369590375,21.988504714137548,20.258344848475684,19.459679958676762,19.12875359990285,2.2748639600904648,2.655397990507925,1.5,4.569415852429549,-4.181080236571268,-4.054574922709307,-2.7682689011128465,-2.140338480367817,-1.616703343349715,-1.8666260828600056,-2.177573777095488,0.4605641971220141,0.2043900084678616,0.4668778815435575,4.525553405396079,2.16457148106141,4.51868221760745,1.7408751947861256,7.180179973965928,-0.16717840340984202,0.7687862637874792,0.8957167658129965,0.9348411828120908,0.947945315628782,1.6076249775194542,3.1774254015986334,1.3,-2.8212176674666423,2.5782507420075342,-1.9838924362187664,0.21481999052851086,-0.8619479153532371,-0.23975649715706315,-0.2372343434511819,-0.8036383506647478,0.1481113395571541,-0.6812334677915206,0.2296137571027369,-0.5684969577749274,-0.400357387458787,6.743379015334799,5.550434209027859,-3.176537136134185,-0.8922094258536735,-0.3447636917926786,-0.2129277754309096,-0.15663280547238678,-0.134316769728692,0.7979740954545799,-0.3380261676852709,0.0,59.772865036935364,-4.782197374898928,13.84786413779689,0.6910356370368387,9.657066642779832,4.408734536431575,4.215833179735745,4.882139639506555,1.1666726141448431,5.282738897519833,0.10670260052796053,3.0549740417029936,-6.119819548203808,-12.654121044756064,5.030216144391941,-3.4540468019414536,-3.5392441155363663,-2.857312294621757,-2.7090523311999464,-2.6426411769747338,-2.6152195911715808,0.6846010458831654,-0.19285050652427327,1.3,-55.370018990947656,6.490118034836669,-11.379895384531414,1.1274144859136823,-8.340680439688343,-2.712826568198601,-2.3170642344094587,-4.214158026778232,1.3415308205128147,-3.6958734487026086,0.11300994369666563,-1.947784513073219,2.7097816292970576,14.824591382949754,0.09152931773328364,-3.629873787598472,1.1087675442067328,0.9914880269903692,1.013738058935433,1.0274169990888986,1.0332529064060785,0.2392144110758268,0.08771138328229194,0.0,754.637488860098,67.33307412460053,11.903566119234029,27.765458054160504,-0.013613955316500892,8.899069191656764,-5.1525555684027005,4.839153902322104,-16.12285376121399,9.053819024993802,-9.723417844218744,-26.220502376038297,-35.072225834457136,-74.34000790338983,98.82395283647871,27.310759819787673,6.661246432935419,6.802276284377277,6.397766674355937,6.124760993665984,5.996520423663143,0.022966135840407,-0.05343306862524302,0.0,1692.3671683573368,-51.5902039359932,-15.440550177363775,-11.237804583127598,-1.2005466721838616,-7.611051457829888,4.292137834917298,-2.158395175185348,9.207476336501456,-4.8630914788311435,6.428933889503725,16.25251404107879,23.36346850845387,27.569590147317186,-40.830577336881774,-24.40100573944312,-8.645431084103508,-7.766908970043992,-7.263253691222224,-6.990362516636977,-6.870117531827443,1.7214713702503501,1.397151552050027,0.0,98.88450195809703,-69.51772815165683,-29.70721392100101,-15.885911687192474,-8.492181850158126,-13.851066911679965,-5.955247628783406,0.13877477860777446,-6.191683620030483,-0.4809889894436665,2.3538220348214867,15.123097695886743,27.15364033631889,66.86317652117556,-92.32757399324137,-14.188820173974932,-8.453855491362086,-8.043092275362701,-7.708937474880768,-7.501491071103778,-7.4058803186541775,0
2022-06-08 16:32:06.725446500,-3.0430922341882014,-28.39551645217235,-1.0385279161933316,-0.20238758858092049,4.391847229290945,-2.720534585445759,0,0,1,0,0,0.0,16.720940743284668,44.31719801785236,5.201021356627493,0.0004212495548978949,-0.32600221710420463,-0.03160659426047836,-0.255347516840449,0.04768551986280211,0.356373789563262,-0.1705271054249699,0.3569749379410838,-0.016165001774363023,-2.3123876912121712,0.2966762644395796,-0.012981137124477815,0.2680298418336676,-0.4119673665700897,45.69326770833331,16.950145880135945,29.002736095647503,-15.260775277880747,21.336128782515267,-0.1749000858796617,0.1921228008295524,-0.20628863888000898,0.036977722543590164,-0.014738530421538922,-0.043424682613864465,0.005457775707165526,2.0450698411858763,7.186510979801186,1.111477434220508,0.7425468153267786,1.3913312436125134,1.1565931090526569,86.36991237293037,11.369299197102224,14.723256836041065,20.209211298727904,229.38508411690756,0.14256616206750586,0.21002299926739448,0.11929344167589655,0.08697493520179217,0.15564698952056527,0.0928129973470561,0.1279860671931394,0,0,1,0,0,0,0,0,1,1,0,0,0,0,1.597783532940716,8.625623118957861,1.3,-18.754193511926527,-23.8032024494442,8.352207646287924,10.374123343801562,-4.267598574695857,4.565233500475354,8.498169922057306,0.928283292520133,-6.791221094160769,3.514246770091736,5.470098223108059,-6.630895780893231,-11.251958594957648,50.219311179284254,-27.339840132726547,3.6920157782692193,1.3601163781351941,1.4968903332115433,1.5444110306390062,1.569739293836304,1.5810627817545424,0.907693573927098,-0.3917110612906732,1.5,-445.12218718912806,-204.8857129525991,57.76588006038219,28.42766462771465,-53.759876564345646,13.351067384391436,47.59789438429014,-6.648596359822247,2.7900760853913016,38.476672698212,18.660985364075685,-17.849982727635826,35.32498385438598,-45.096726182785595,-43.2511188247773,64.02665491886954,15.615099876669188,12.730876471239245,11.775689636967707,11.309097975336476,11.114582383346416,1.8989181967958064,-2.7355134155812726,0.2,-14.03224183800308,-7.804977575352178,8.371003746557774,0.4566036259720669,-2.44067113683083,2.05572692314756,2.2168359812372063,-3.1417045187773103,2.3834646513262783,2.4125518435211504,-1.8282756432123508,3.0816372757093005,1.677928266470863,-3.824992763109542,-4.101448315448597,6.960624451626567,0.3094341248789969,0.6685047105416275,0.6449778351205264,0.6282329078661082,0.6204002974252487,1.8788991592138355,-0.12667054727273258,1.4,-6.052683419293075,-2.602356582887541,2.7242430726739384,0.04123079626814497,-0.9459684941805218,0.8488765942774351,0.5453346058057802,-1.017514585033001,0.5128721868197499,0.9812986353530436,-1.0847426244632787,-0.6200031276126161,4.081580350563707,-6.360044682625268,6.568724023446871,-3.2019112541746626,0.10477072475081206,-0.007560191830622066,0.0003417174433755221,0.006173961743832446,0.008845656499512633,1.0067328946378795,-0.2646692655635797,0.0,92.65166806224735,42.73344560634687,-23.46583415273788,-9.885463622120833,13.437996490311694,-5.2962398085031035,-8.608722019743382,5.745127132659412,1.0062939073326762,-9.056743096335776,2.4037233494271835,5.527285130994483,-13.891244926281589,9.451614497861677,-4.447221226909746,-2.3490338344841746,-0.8272815255049821,-1.0558352801383757,-1.072316269158352,-1.0762699929033113,-1.077277309440254,1.0927704101198668,-0.09226859376598134,0.2,-70.43647581841141,-29.779222497435264,16.715599549827207,6.259934295694737,-10.704594178643935,4.989105847342422,5.0298443445667695,-5.745957011811376,1.182610474375049,4.982019597123637,-2.988185195800406,-3.259697238597308,11.450443036802806,-13.112748199506036,11.240063881511723,-4.279426749822432,0.4181439956345101,0.27043529187467463,0.28235385586152084,0.2904462189999564,0.2940612785801897,0.1048241523855773,0.05269415739193691,0.0,736.0375784564178,-26.53642551991889,10.166791529248288,19.877764862422172,-13.254070760287993,-4.438999765387756,18.22676108178985,7.034419601374495,-5.068364477828048,-4.896875934399481,19.688969332556766,-8.505651173235393,10.12020794498982,73.49311480436516,-26.511137925391914,1.5555330875251627,-9.400399106164198,-5.836538670325599,-4.4750163703437424,-3.8196069812159337,-3.5419432481628887,0.011595292348396735,-0.013541793701286086,0.0,1745.2104015115924,25.54206210050762,-8.812126792313704,-15.80292162773033,11.336926566098526,2.2778742141499317,-13.74379750827245,-4.624392390870412,5.824128000944505,0.10151298057741798,-12.822173746760472,8.321740075031753,-4.390479878496933,-34.819886441408016,26.814711661211557,-9.434709572097297,2.9182163939029166,1.6121557933514623,1.0868899424167149,0.8372105993590537,0.7314344630295544,0.827325665679377,-0.06647497857191627,0.0,160.6837600940784,7.38685944819233,4.171033718238578,-19.3732984951284,2.1147749482675184,0.6663953634129687,-9.842199257567977,-1.2229689249861515,-2.975857329212003,-4.883560548662965,-13.585351925320403,-2.2972627687129386,3.3860068200383093,-76.13250134303368,39.775989643337056,9.431797762733003,9.48080800948167,6.151733225084369,4.747389869354445,4.063961001123381,3.7732611281237833,0
2022-06-08 16:32:09.475446500,-1.6908145477014411,-21.491995375662288,-0.01999597731606653,-0.1839234409618135,2.7953125734811497,-1.7875505498916926,0,0,1,0,0,0.0,15.094644783912885,44.158020503144904,6.979044753220321,0.0007508183254419538,-0.31964806463652906,-0.04888845741326599,-0.23032763835969275,0.057927414900926615,0.22216611896631147,-0.11801963566676613,0.2556766943806761,-0.06829745539121745,-2.8671984894699363,0.28917692294224684,-0.01903484521652766,0.34765095444496336,-0.4639274586571732,42.83189687499998,17.228368909190788,29.90753454451533,-14.170304476215449,17.97993219676808,-0.1836847936743499,0.18091466504382667,-0.210739116195378,0.03914119886061526,-0.007486777662265766,-0.04674793712191196,0.013598247065814657,2.070812189422292,7.9028810842328125,1.1125220282727315,0.7424950240809354,1.4734431794786425,1.186191368815737,85.5217138119027,11.186195354197974,14.39398457210524,20.04674669855656,217.57500530362185,0.13887168730314706,0.20893519208618172,0.11678587530148707,0.08607561318696656,0.16205469573095346,0.09352303156481953,0.13477782185874246,0,0,1,0,0,0,0,0,1,1,0,0,0,0,1.4264513315519958,0.6444327597725535,0.1,-52.20755795227935,21.44512587032711,-9.84544727625543,8.959599865223408,-10.434307210626457,5.440175441484932,-5.553379575065113,4.222241091863674,-3.2511922667568185,-0.954420365491318,-1.964289178934488,-2.4955194383109434,11.363574825353814,-38.99512875609968,-7.28013291292673,7.680660789892964,-2.3091732553173347,-0.6249482854410289,-0.5168449982969063,-0.4920744096521719,-0.4855996015874937,0.6064228339747615,-4.913994906788881,0.1,-654.0535720842397,162.7488449991419,-69.68202683830644,91.39293577723083,-37.47667125026757,50.496140794285786,-1.6566830447209355,16.339808199846786,26.29150065379016,-1.1914051429199048,36.460966968148114,-18.633557901562114,40.3657941406733,28.090097560993748,73.84755568026905,58.246753675182255,17.650364108064082,18.861543402316784,18.45083982947088,18.21422314505345,18.107132021949173,1.4414888268576151,12.044422271095623,0.1,-21.074577563461148,16.00816652045851,-6.4976765569717685,4.341177677239181,-1.9508363018988095,1.2454863735667274,0.1947041879032767,-2.1992097358043026,3.074884779569536,-2.055864081008135,2.4601924607358345,0.4679406057918865,-2.9633680360065453,1.8967122991905216,-3.7893445587400505,5.854842294738764,2.3106677346050164,1.266407302386843,1.0309418568922628,0.9258561142410028,0.8830851735388321,1.6883724367387185,0.4655623451314783,1.3,-6.2442673629533525,0.5063217712532064,-2.1247231661871586,-0.094943080000206,-0.9612019851755242,-0.5049965212547137,-0.4220325269579341,-0.7690646839927691,0.3843800694294779,-0.8500470096953079,0.7403559741595218,-0.7652014413008836,1.9492486548893893,6.224175956010223,-4.956946022169206,-3.593661059724464,0.15269361580665397,-0.2080329746202095,-0.2271516480275409,-0.2263752683377418,-0.2245200764841,0.6115750805535602,-0.1746162080977785,0.0,104.97908506830984,-23.547013631559494,20.350575872736265,-10.18075699236064,13.73722646814998,-3.1207604354900753,4.3052975324469145,2.361404013478909,-1.2200339834109355,5.740579669177658,-5.543320142836765,7.046373951609284,-1.2277310377697614,-10.694016200576641,-7.555743591790684,-1.5047698918618728,0.6315707810955073,-0.17054146621082197,-0.31605190793630555,-0.3667709557575267,-0.3846779680350192,0.6625292391907927,0.03214741951155466,1.3,-70.48257232790677,12.944717405598233,-14.454049226662505,4.513704553747042,-10.529669233927253,-0.7976165731513305,-3.4941202328538257,-3.6300672704088535,0.6177977353861723,-3.0961369941178325,3.700332288826879,-4.047251475942568,2.524171535862044,13.283528857734973,1.8676048683295656,-4.973909523583082,-1.0510625756836984,-0.6506506189628771,-0.5188644510705429,-0.458739499978485,-0.4343390961859673,0.10257950361867954,-0.33416778950165665,0.0,730.5293022278798,-41.10927839404871,-7.401441874690818,-2.074169199848072,-18.66724866179591,9.449986546904052,-9.782339869569675,1.1432662269494642,-0.9423440477177962,-1.9090115589621772,-12.293785104874337,-16.032640295360736,19.81301491638864,-48.26237851369925,-49.098684039931676,6.939075276428504,-4.861292937834211,-4.0638389535391575,-3.904778937251874,-3.8448592554412184,-3.821862957550066,0.007472871448113642,0.023978149567909057,0.0,1758.7369748427584,9.808715388517896,7.987046331488898,-10.794915192961467,12.570067609168744,-9.253759581927769,6.141911572782347,-3.6257157408339684,0.5703572567378288,0.7012431295936778,3.780151848102129,10.775751629772047,-18.02590838121322,27.942298215759937,16.87951129199851,-12.131508165192065,1.1542736602183794,0.4946956076072056,0.4912898619065018,0.5031980861506931,0.5102931058242222,0.5970452541233372,0.4197093787161883,0.0,183.70875028014987,31.375357532338814,-2.3672667588568785,-2.6622614848735933,10.178991379440188,0.24094286535110496,10.388522085256534,2.8403235983693302,6.7480996741359425,-1.1780889560905343,6.612441743272197,3.9179186370300765,-9.237735926395802,54.053903003681704,33.911296557418716,-6.285406543316943,1.85142603400553,0.9973257538615004,1.0680194330493866,1.1386476593310055,1.174546805727794,0
2022-06-08 16:32:12.225446500,-0.30680985828522395,-14.974406735851474,0.9646558962390056,-0.15711947098536155,1.1845630593847492,-0.8110066083350496,0,0,1,0,0,0.0,24.519134683587595,37.852069223299154,-0.8541416793121501,0.0010803870959860133,-0.2784052641214131,0.05709326935382895,-0.2947692605031367,0.0951586975309569,0.06207570432617834,-0.07143761339066086,0.13901473029778533,-0.08717777397362847,-3.2685497264644026,0.3007186551490357,-0.02347280056784161,0.3912494806657355,-0.4925328701625198,40.87660468749998,17.513344994606804,30.933215019047168,-13.078871795589173,10.350198596551909,-0.19352212078076506,0.17005767132808108,-0.21491645333657455,0.04113851201453295,-0.0034663685879964268,-0.04875717315502004,0.020195430527570408,2.0747322145456115,8.192401531220822,1.112801070194504,0.7428176951201753,1.4925499018272177,1.1906573447631028,85.50151574122151,11.012418995945914,13.680379504899369,19.831933395803567,139.91436535837468,0.12924977715994093,0.2070855431625747,0.11341385614196993,0.08479475055679235,0.16371601796041838,0.09340644459854973,0.13654344671504315,0,0,1,0,0,0,0,0,1,1,0,0,0,0,1.4535628857515528,1.782946093957284,0.1,-66.0382551341111,33.114397536697375,17.019233522674302,1.3690495983775968,-5.581089528011531,-2.612687973474106,4.414003898461333,7.817669333797975,4.3864242749822,-2.2472232472568234,-4.907549210941463,0.9016780042512976,12.8919774738031,23.31157568931408,24.546185148053517,12.65970501316783,2.482210769182516,3.181532711602576,3.2701031031794967,3.2760624343336677,3.2725030075566592,0.385042241263951,-0.44715357854618615,0.1,-840.9098690888029,208.63534933751544,117.93963832769148,22.250520616676564,-33.26802906549966,-33.88848377655664,-0.08468446778324079,31.50306331655477,35.543036658518474,13.729005060369945,-11.271990071146062,-16.797075184068063,1.2927967581479791,26.56188309942956,36.321390085485845,15.935811452058875,-1.2612135109695828,2.0105165433863017,3.0476587622943967,3.5231977647394164,3.721734175791648,1.4286210157206314,18.441207300830552,0.1,-18.578092536525347,11.771690103393246,7.7860913804422776,2.8734598718501965,-1.1452004457306848,-2.9472617261072696,-2.2881832364239525,-0.0864287817362539,2.0641019542942853,2.742034396465272,1.4735096842049482,-1.0020082140805109,-3.1514474094794545,-3.523781846968536,-1.4968566432297687,2.7147918068917782,1.774016651377056,0.5656762934394646,0.294745343176718,0.18991623383969508,0.14960106757236624,1.5146548942803175,0.7148324676465195,1.6,-8.106907827660491,0.96462668139055,0.5655738532825477,-0.045490797954174315,-0.6966084451978752,-1.1161339624161788,-1.0890033410830724,-0.65702096223677,-0.18550423215935694,-0.18416908304072466,-0.956248586547372,-2.314050651464401,-3.5960514765447043,-4.023154234874974,-3.1437287731727057,-0.6127938849391523,1.027097285548242,0.5335615538515314,0.34934601382280084,0.26529119544531515,0.23033666241216064,0.5256703931503369,0.2304829306179588,0.0,120.39599156989728,-37.07356684450822,-21.010961220377727,-3.6893346093900696,6.9443462518530925,7.862969303506823,2.0576356823391126,-4.272850103616192,-6.189361981468553,-2.9609756480468445,2.3048167095366114,5.624888711863414,5.214833211915184,2.4272892295369513,0.2116964720920187,1.1156022183474867,2.183567194622281,1.3844633243722688,1.0999415848853005,0.9727265186442259,0.9205909069163982,0.5434861860505523,0.47728845734969505,0.1,-78.49571880225292,21.498790815055226,12.256801203533707,2.030886308823733,-4.680692718155592,-5.914915670210889,-2.9923631975766063,0.7850825343721954,2.4428714819012796,1.0577564937492157,-2.1184135954183674,-4.950124801979221,-6.013815664708438,-5.358429326864083,-4.0778038135406165,-3.1041799546748865,-1.4889107714864012,-1.080563633004693,-0.9726631367303268,-0.9274192097707884,-0.9095667226590248,0.06619369025056865,0.15249805279536646,0.0,716.8361141582612,34.93704600795381,20.432043406474268,6.3457364254234685,-0.020983337842757518,2.0438628456654517,6.683894172080088,6.4808335523818945,-1.4784153281601318,-13.14343443801827,-20.484242147277072,-17.564044929281188,-5.041233494791415,10.255798409898064,20.184980235481703,19.784603505878195,12.728851730141372,11.278848557442279,10.437215699394855,9.954724473330096,9.7347448748317,0.0100641448721762,-0.050888657325232144,0.0,1764.303954101761,-38.61891154434804,-21.562868031651078,-4.603204185352496,3.659073794683337,1.7473320836574686,-4.442452135729923,-6.818178399076062,-1.5764621437975703,7.9715138574958635,14.249139080917145,11.54724665958999,0.6042594641191918,-11.851324731524329,-18.01364188205764,-12.994197281240687,-5.036885326510621,-4.987478766786617,-4.8039276229958565,-4.669818236117294,-4.604097971796959,0.3961188079781442,-1.946856309606932,0.0,196.8950669357886,-25.310533835105478,-17.417503815492193,-9.952220626917137,-6.699446382846543,-7.406293114790432,-8.219023598989262,-5.1088429974377,2.4543583106321627,10.577912218011287,13.637548484879154,8.589894316991028,-2.4231677269351266,-13.246924157562384,-17.798814922332486,-13.356067746999875,-8.70107943307645,-8.329304566704035,-7.9246448683749815,-7.689415957494848,-7.582876747599128,0
2022-06-08 16:32:14.975446500,-0.0757868445710351,-4.8239301094661915,-0.2399961766714597,-0.054305507722898286,-0.4274367703514333,0.2710077733429533,0,0,1,0,0,0.0,22.69416969950043,41.203213569984186,4.769752861958799,0.002096563583527595,-0.2948334609190766,-0.003037649094082722,-0.26094769857931344,0.10019631971608124,-0.0977451238478165,-0.027489164223721496,0.01988418713891865,-0.08620925146480705,-3.4818685302222936,0.32367584099852553,-0.026283143658919168,0.3986954669093083,-0.500426936404993,38.96680781249998,17.874480736263855,31.897449777400546,-12.037459489289574,5.1231235756100055,-0.20245548863657234,0.15975400072926535,-0.21956151677198535,0.04344548420978823,-0.0028883297021030114,-0.049994418500604564,0.024142858278014115,2.0791363246966066,8.254056427793401,1.1226692437003205,0.7424936760758255,1.4928577079832974,1.1888592847218415,85.45801677808521,10.860012537274256,12.824228330961631,19.522844148937846,80.84117993159352,0.12075576625239665,0.2041482628827397,0.11011193608272804,0.08429837235853754,0.16378568747646727,0.09311100414713117,0.13586784924849368,0,0,1,0,0,0,0,0,1,1,0,0,0,0,0.5161093264746659,0.4919457761032228,1.2,-58.579080178219776,-6.727850669382358,-6.2680717099617365,-5.543870409471421,-4.6143299166909335,-3.5544176925123496,-2.4480736706829918,-1.3804197724731764,-0.42974104716113937,0.34015972937579875,0.8868237426815893,1.1952649587722741,1.2845240235183115,1.2180758740528028,1.1001594367511929,-0.14959441821458075,-6.184141550329587,-6.123457088394921,-5.798391552445488,-5.623610025783889,-5.547290842775184,0.06345519960633701,0.29987887974472155,0.1,-805.3180632316808,0.5028268992491861,-1.2124228890106394,-3.8906896059532703,-7.278784048572312,-11.055598494995003,-14.861618491396428,-18.33174405797521,-21.12816818127843,-22.96985842590795,-23.655041624865127,-23.07251332783216,-21.19474455572948,-18.03149396443024,-13.43768314025859,-7.071107624939182,-11.554587454742052,-14.153865900514516,-14.800105608120095,-15.085389865968859,-15.20324903218741,2.0468456659366008,0.4385712142173448,0.0,1.550379498259407,-6.227253830063348,-5.810838869084373,-5.1538745941197615,-4.308477555097397,-3.3409916774376858,-2.326106664968144,-1.340271339854079,-0.4550027230772762,0.2693103263322133,0.7885917601474378,1.078957534714456,1.1396766914339456,0.998675843911584,0.7432536311755794,0.6303987631584463,-0.38328868984502895,-0.9886214773182496,-1.1576549481148175,-1.2200877638351424,-1.242818226978596,0.014942172441656684,-0.0007501181400530501,1.6,-7.646232097514058,-0.05985240131410485,-0.059874421428028124,-0.05991027759597677,-0.059958216893804324,-0.060014587746570085,-0.06007198464721303,-0.06011545892635845,-0.06011447827416405,-0.060004872174011285,-0.059645067281187625,-0.058698311043114064,-0.05626443311077686,-0.049426906562531486,-0.02483737798082761,0.10838423012353482,0.16354053940832505,0.056285967321123516,0.0204099074173191,0.005613173194610049,-0.00018346385484229596,0.13923314159777436,0.4010242252252636,0.0,102.11565397229784,2.9110331530177764,2.910467363113732,2.909493863994548,2.908063621633083,2.9061009256897785,2.9034949645263035,2.9000868280087615,2.8956501364104925,2.8898639967811763,2.8822831166202687,2.872345488467165,2.85966267666139,2.846265648547248,2.8570824484663504,3.2033734133454614,3.7190760989100218,3.4068383745016386,3.2792853816762917,3.2246566671731687,3.2029313420437004,0.13047086638198213,0.3935807898022234,1.3,-65.92088590094488,-1.7899563228095712,-1.7895355411618992,-1.7888105230824012,-1.787743000408046,-1.7862735149700226,-1.784314277536276,-1.7817379113480127,-1.7783601372834692,-1.7739143193187157,-1.768019696296197,-1.7601727588999978,-1.7499635555669253,-1.7389706278470938,-1.7486278871627128,-2.044126288377999,-2.4438699319323653,-2.166747482680287,-2.0597586122748712,-2.01572714904997,-1.998605787943025,0.11557965240083963,-0.0493081762402561,0.0,709.6727426445593,40.97663576273099,-26.73267984948474,3.0186111723596056,9.906965106667576,-16.61354473659113,1.4989348329990833,14.059339897234779,-2.599106095172093,2.1182386633491905,2.435397447679964,-4.785985299827481,30.773758595537853,51.888380406331606,5.234153518762749,-27.96721446559896,-16.17558596841465,-13.036123823824804,-11.398784911542823,-10.534141029721908,-10.15502827117622,0.007964210252038785,0.0211898066726337,0.0,1758.6128661328933,-15.680735622224804,18.754186579018608,3.26340464308106,-0.29791375523262786,11.856807759541196,0.21352486381479707,-5.79270322156394,5.612400588109517,3.76359863123102,1.743125800430704,4.564121239801764,-14.758340612598113,-28.97001961861382,-7.408093748834253,11.540354325308206,9.246190655400484,7.86211739829708,7.078025645088812,6.669758751858481,6.492313077642006,0.466347024176742,-0.0243851516516696,0.0,215.85717210319038,-33.50196344436968,18.421038894002454,-0.5793176478592379,-0.9541448448471676,15.65974842192284,-4.1862671155490245,-8.314126228141463,9.564003192017351,-2.6718402940632195,-7.405112670886872,8.114329891613307,-15.474680185505312,-41.011488905944816,-10.465477938173587,14.577941700934362,7.115853560911505,6.479578387691622,5.848104447515185,5.494841794038818,5.337886727737536,0
2022-06-08 16:32:17.725446500,-0.9827095829042344,0.4637985035793883,-0.6440600843415065,0.15827128084472486,-1.2227329668627642,0.8239049264180298,0,0,1,0,0,0.0,8.61274615397822,46.06729511296992,8.928413649621714,0.0013568261035095078,-0.3039821075174806,-0.08527337446957878,-0.12620281811753162,0.0275219922370869,-0.17129688365323986,-0.03473788771296206,-0.03106101925761515,-0.05480721165779598,-3.481423915229064,0.3181593737697547,-0.02346008527566404,0.37561449801503655,-0.5040861847221335,31.907357812499985,17.911539532167538,32.873921074954836,-11.018371651937327,5.1229460908932,-0.2110997536014366,0.14720002371446975,-0.22230606468417252,0.043597957398340284,-0.003685250034967664,-0.04887122719226774,0.022362518120890226,2.087094994250032,8.284630951866793,1.1032319445448118,0.7421672281786443,1.5050295380282628,1.1871475489173628,60.91790559668864,10.826367156199945,11.927134321900963,19.175059157268613,80.84119118002603,0.11264407735189208,0.1972593291781604,0.10877754777268868,0.08388625941663498,0.16478430024624632,0.09331811667223266,0.13366777747648367,0,0,1,0,0,0,0,0,1,1,0,0,0,0,1.9403547025889811,0.3524471325108162,1.5,-13.515696037474864,-8.38201448393471,-1.8132084097389445,-4.4079181734589366,-1.816873709288436,-0.18591008506583775,-4.615535816566805,-1.9197288729110136,-0.15178579102685502,-7.06048550483469,-3.8237828620722896,2.1420118063597764,-11.171937708255246,-18.514672457943465,0.8497265973784303,13.01933062961032,3.1529530023052748,1.6934079219918343,1.150617893862315,0.8862502511923203,0.7736321180837309,0.20296262763870532,0.3608250721832361,1.6,-484.01558875166484,-4.6134764929441365,-44.604471249072866,-13.617967919756673,-3.5752271167979974,-17.942570658829105,-5.2246405244852845,-4.997172752465089,-20.836613256629988,-13.063487908184047,-5.763492063060813,-6.132447089766608,-4.861278059819376,-34.670409668668285,-55.94044210330513,-9.886685788162467,-2.3002797209283337,-6.5761995568769125,-7.524016658867757,-7.897148960942634,-8.04118041376013,1.5818604356300807,0.3171551127132514,0.0,13.900634514857295,-16.347566890703746,3.6311960925894637,-0.3136212971685919,-3.766924442006839,0.6068153748510334,-0.5134944348756902,-0.10353764714606628,2.6606452209658293,-1.4819408093879467,-3.0402443899236413,-0.002505523462548398,-4.720736210512588,-7.6956560371567235,0.7971428797963387,4.707577751501969,1.8970383608111063,1.3317627068313596,1.0368299136462211,0.8918375035645716,0.8302842212976593,1.5144789509480021,0.5749126813041762,1.3,-5.645604230509139,0.24846587953856705,0.049220142767033466,-0.22137664341105745,-0.4861483685152762,-0.6637642022833051,-0.6883193733415074,-0.526038638879935,-0.18536900737445566,0.2818827285708536,0.788779866992302,1.22912876793463,1.4971033214580578,1.5032860724980257,1.1564599951926358,-0.07653985995580881,-1.5533278949906415,-1.2383839928856493,-1.1028431441778552,-1.0406609766403374,-1.0146838871831707,0.6813842113356715,0.5367779594661115,0.0,42.99639248079113,8.207430712870334,7.158687700363621,5.602203384938762,3.788158129723009,2.0003467684489658,0.5055580633728021,-0.4925039770913535,-0.8860274754804672,-0.6766540965990414,0.032280922834922565,1.0626981858793272,2.202270168077888,3.2515876414164344,4.078289390859806,4.601833740353238,3.6109573099903836,3.1093863913159856,2.9107438002002626,2.8101709952058758,2.766533957689024,0.7816826284476791,0.5408286166058374,1.0,-29.984187183946357,-5.260025343456568,-4.765472862429366,-3.9959537315765314,-3.0275695703070378,-1.955577464948906,-0.8846809623451404,0.08143171370054902,0.8501472243404646,1.3484925244244126,1.5292539783266532,1.373778798876489,0.8901037210256453,0.1009592125048948,-1.023231403675981,-3.1633362617333014,-4.3170239289802055,-3.429943894242168,-3.074940282537054,-2.908004332716018,-2.8378037787410317,0.1928266368428072,0.08772108225237517,0.0,705.2970270164976,-40.080420460535976,33.51156618247989,-15.06677425128184,-4.934873968436364,-3.7445240309664602,-18.987445362410604,2.8327332185912866,-18.83602227808701,-4.74458687863094,4.2925154858916565,-18.80430015242554,0.3842465356292717,-65.67235626643563,88.20003326419544,10.524457693740892,10.480126806671796,6.908075699457361,5.511026006283368,4.8274828716081215,4.534775251504421,0.015484881400564832,-0.006410153830232756,0.0,1737.7426329307157,32.32848216434485,-17.118230621187536,8.441929565065976,3.602061897253165,-1.3633276462080062,11.037081951801355,-3.8638927133605283,11.266744391036726,0.6465362519876905,1.9088709540380864,9.905445461293516,-4.661292674865244,43.06638144642092,-37.06447276685023,-8.112859565203893,-5.345027417779249,-3.326803055661003,-2.5669461855475793,-2.2032505866786143,-2.049020212912543,0.6747716599362471,-0.11215118554010198,0.0,207.25312502733024,15.987419888107036,-19.536804112010874,10.979354056226807,2.998315296287428,-9.130870064947274,18.168034892402247,-4.912659535885495,11.022616460138783,-0.2973973791706186,2.06768898560739,17.209905261435132,-5.747361098005457,60.040921249426134,-45.99443589604132,-9.196387901408954,-9.861586936187958,-6.269377826706499,-5.046542030176561,-4.455437624328717,-4.203910648671605,0
2022-06-08 16:32:20.475446500,-1.7576871446826785,15.009874967083814,0.6228552564399273,-1.1655717734422864,-4.120114595456515,-0.5925813339099988,0,0,1,0,0,0.0,16.281584234343562,42.10699825071923,8.575280102089325,0.0006751874252146652,-0.28710694052586405,-0.049898816355130216,-0.1989731145807393,0.13207720577518198,-0.1031239968705227,-0.20018143705483168,-0.3344582198358924,-0.07060111766259616,-3.3041123631268,0.3044186430047461,-0.041192704532538746,0.3351909960745994,-0.5011966160070507,25.63674114583332,17.924983189390264,33.58310802693597,-10.140609004237916,5.1224932658304265,-0.21773361835025934,0.13660377550091815,-0.2238214217889874,0.04459017724315255,-0.0048801294446846975,-0.0498496859794763,0.01723595271417214,2.0755562694227803,8.490945932174528,1.0688703193412423,0.7384403737011885,1.5727563773201683,1.1917009650750396,45.19995185385036,10.519118509717119,11.30087844761029,19.073794406195184,80.84121964645162,0.10770369197702227,0.19348141008312095,0.10688205730516616,0.0806052497637343,0.1659807090903505,0.09408444951193637,0.13726558819101653,0,0,1,0,0,0,0,0,1,1,0,0,0,0,1.681292047071694,-0.3447956621380869,1.3,0.0613948397302202,-20.692478916107035,-9.536247087423842,-1.813552906172804,2.4658018162086752,0.09021470164219124,6.489729713348228,1.547078206738224,-1.5698573265179556,-1.5639930044336277,-7.82085118249186,7.682517350819043,-1.253247429602097,20.857218713094454,-26.97846038753305,9.277087751921416,0.6728415957553464,0.6848801063199534,0.6067761616751906,0.5776437271165085,0.5669085561984557,1.3705238323849562,0.7562171098441989,0.2,-168.35276890149257,-21.49557953395369,55.740212335046365,-19.184058462218214,-21.07462431270282,-32.827645482489416,-40.82529743040735,-8.894240594573448,-16.90441781957996,1.6166234191325692,-15.725704986021615,-15.247739497036472,-29.60699894810081,11.874856803476794,-38.98917407469657,-26.145517473124197,-13.687182286444404,-15.656973611130168,-15.923032313493211,-15.99066681422608,-16.01022151904937,1.400667412571888,-0.22355255688061956,0.0,19.220427127992142,3.380483562005692,-5.398356300715912,4.453810554640474,-2.5811143300415016,-0.4696934243624578,-0.7227266143050728,-0.23919170461186234,2.059766563686141,-2.169854662959652,-1.2475077474925889,1.4992842040170706,-0.5129102294490115,8.563417572098412,-11.890333938774164,2.0954496803638,0.1898057590367017,0.07435639030579866,0.027988474408357392,0.010586834403139123,0.004170502060794057,1.7559118263011595,-1.1596548869444938,1.4,-8.376434989055499,-4.659521631391219,-3.2192961827115787,-0.21436746790044206,0.6459814803260483,1.382931435971081,1.1017641373913063,-0.2520806277375582,0.3076278144631583,-0.05094719764188427,0.10438081720052744,2.0031255724358665,-1.6211520252283775,-3.5411227449593614,3.76490605608003,3.4217807270846627,-0.09118411664008014,0.3212254855957977,0.3617530086731491,0.3705034403926756,0.3726033064595551,2.2014392254501223,1.7128242168614676,1.2,-12.322687217622757,-0.035433473943160536,-13.292579935877598,0.8164745410880987,6.831202199829006,6.674092902881597,9.962846215896901,3.8130516998642743,-0.2999038117584871,1.5750538340083708,-1.2005008864183724,3.4253504131753987,10.366575071136172,3.0596745396534444,-0.9865360964663784,4.5466387593808,3.2208027912183192,3.1888089077323265,3.182681068602982,3.1782388460601854,3.176247514406923,1.7031722869706136,0.3307088541829853,1.4,-10.850755219165213,-12.956669491041925,0.8138267306628926,-1.7153955050149339,-1.5093197353136685,0.6087296170165978,-3.252550928312333,-1.46904737606159,2.036792575323465,-0.8454301456943629,0.32006838669232063,0.35860361580258915,-7.516298917232867,-3.8944004853696175,7.709094825694272,1.8548940650526289,-1.4528261946697896,-0.7929626415540746,-0.7093889646522358,-0.6837124588393133,-0.675199627827135,0.13367170004796702,-0.03932573886640918,0.0,722.7790145596944,-23.256629498212856,-43.768266601432465,-6.949863457238543,-1.4846323928938432,24.599696522576593,18.518834703355047,-12.019098994540686,-17.06079409835233,1.7022455485959256,-1.9010909322579828,-0.1941061304015541,-2.9129149437454416,56.398419510165326,-61.96554445142392,1.0903864952859583,2.2474999450764024,0.17283638753605146,-0.15405827164940789,-0.26204125718935245,-0.29936201437142795,0.012999282460278276,0.014061628196806177,0.0,1715.6857579962298,11.913257283976181,22.395191340998792,4.459487775565692,4.114016367333377,-8.346548984075369,-11.960012857982152,2.1423725615372007,11.0233080321959,3.5248670142105065,-1.0067108347653717,2.264610192374072,4.67631292990604,-38.74254615759275,40.84430041836585,-1.9639135370791931,-0.7395986356089566,0.3867292165572032,0.5731540949417457,0.6344306449659296,0.6554604628605558,0.8396596491137934,-0.02057238270229302,0.0,208.88890504163098,42.379825046946976,30.28668086678379,7.623642488937827,0.2717612898567374,-6.713342779602655,-24.96815227987368,-7.46540971632237,0.10482549515876728,15.023571197804653,12.670075159754436,5.2220341545738185,-9.951463583437711,-64.70457485277689,53.64124943957141,0.8282822692713658,-1.4091832758391911,-0.6730333568581433,-0.592057354373714,-0.5877294603777878,-0.5912433698005838,0
2022-06-08 16:32:23.225446500,-1.5557570408064365,11.31086946425601,0.2854656732762244,-1.0299989094717188,-3.3355620192005286,-0.5298990114954,0,0,1,0,0,0.0,15.8518325756305,42.51242120366989,7.93800826413743,0.000772288142485054,-0.28997311065857795,-0.04720663910678751,-0.19930903818611292,0.11735522050819855,-0.08234975399929853,-0.17098824466997214,-0.2702277984660404,-0.10809463600624283,-3.0161308438500987,0.31428357674608004,-0.06516084258358705,0.2512765633712714,-0.5119265613212199,22.747032812499985,18.477028377808804,33.76572827503746,-9.670570332603168,5.119518876530032,-0.2207094397419141,0.13289865209233465,-0.2287109504775515,0.04922038229777266,-0.007148173592437044,-0.05385941057602976,0.010033405764386938,2.089917293550489,8.805333081309264,1.0669975579900792,0.7511797745051911,1.6830475472109636,1.1889602032669362,42.23489352846824,9.723272065565624,11.377214001900509,19.268330877571724,80.84140576872048,0.10781630500854654,0.19546247593804109,0.10026331527222114,0.07887159464288652,0.1667115499537654,0.09575745616843476,0.14467338117736642,0,0,1,0,0,0,0,0,1,1,0,0,0,0,2.019349073036301,-66.41859997165167,1.5,-13.536089123186233,-9.037408104748836,7.849643655865497,-2.4721640531763835,4.81696375799641,1.9283015414176088,-3.6130869046047587,2.313571550308819,-6.601364421757987,3.914141463323917,3.414727799337524,5.895557815893954,7.938953951305653,-20.96426210209805,1.157848148576183,9.709111831837415,1.6140732826608917,1.4517958987385409,1.3457205868856328,1.288689934551252,1.2643317518558832,1.4584246497830502,1.5402191700339447,0.0,141.64397183091145,-17.807593087944966,-97.07656847622404,8.500674164460206,-30.3239580000092,-5.519833496379999,2.679745233255232,-14.735948088661086,0.3766467782735354,-30.277084253567423,-7.347819027044792,-9.741180560634747,-19.947647117091925,-36.79684944128266,43.47749282604909,-20.455017243354103,-13.073484720770724,-11.800427484731324,-11.478984062895913,-11.361086611056216,-11.317182044039711,1.6471118396671784,0.3067179821672796,0.0,14.81644122613501,8.218706013025722,4.158191342396734,3.233518359202834,-1.3451760826364758,-1.6894365854181486,-0.0109907509704521,-1.4511421346819444,-1.494329897320394,3.417187851708586,2.120329399829405,1.2295228908038662,3.688297084309301,-8.755134312383777,0.6398431835790435,2.7221029944381403,1.01047023988011,0.73690681818298,0.6763801060079631,0.6478832879929032,0.6362250378300521,1.0309178731181752,-0.8308774101823212,1.3,-17.476857304432645,-4.1729936815725965,3.4808907939898246,-1.5057765158172107,1.1875286348631868,0.2808143259660517,0.3299670008869951,0.36779063642366905,0.5354162924972417,0.4993165801948718,-0.391668783413017,2.2644797361182096,-2.6480518521765553,4.2971948875232675,-3.907198108254376,3.4600374058408816,0.17627524616312695,0.4307989203815781,0.4400312579214021,0.441070038820426,0.4409917679832708,0.6215671313283209,-2.1368402936850988,0.2,-69.01906782544994,-5.596079047119046,22.2147271184945,-8.837578988911158,7.236162001416073,3.3701575068567853,-2.0568942953312748,6.975717333729534,-1.2871430141443274,3.1929853214210158,2.9111273667790645,0.23812584562208686,3.5505205089852634,1.6061016543427975,0.9555199809263916,3.639770724536408,1.7634620842263673,1.984334836490679,1.99705544839704,2.0001770090852595,2.0009410219386683,2.416583706628252,0.10033277705083557,1.3,-4.63882572203635,-3.4488411191743302,-4.062334053749954,1.1471803669864116,-0.14684640660613296,-1.8866871477124123,2.461894868052566,-2.7646233540436462,1.839575096149964,-0.6936170083613715,-0.9686997469898326,2.2352046074773035,-3.327417710435696,3.5999319389029543,-3.589171816772968,2.2532769165572977,-0.17895343244228412,-0.009586886800802441,-0.004854376714393149,-0.004563829108099271,-0.004714623524582351,0.11229800425485932,-0.3699824256953591,0.0,699.2915723336878,4.891379369633484,16.868280822421394,-9.515960448179747,0.6393152267355902,-12.408759780381176,4.367504019272282,-10.0325783104406,-0.5542333762191731,-6.244145670964979,-15.317537449166124,7.499099643391153,-6.28747569162624,-42.206284535865976,-79.26010456475963,7.840355218743137,-0.5291988247563495,-1.980456710873593,-2.4541498902842416,-2.6496653188901793,-2.7247859743118417,0.007433744047848675,0.05782695311511176,0.0,1721.9419030695938,-8.585978045528464,-7.504430649200174,1.1833216989299729,0.5915616118504943,4.103634621151997,1.0500420133309945,2.2462353947482403,3.0717073890168933,0.8955398310924352,7.782477438592153,-0.06829668610016171,8.420249104729919,31.64856338917604,31.521601599964022,-6.5179339721624885,-0.6317079851413041,0.3905526585405568,0.7525410316372465,0.9124058234431196,0.9764070118295204,0.2935285800234625,0.3008876645324405,0.0,243.7708879209882,4.8472766129998455,-15.688180766214245,6.903963344125856,-5.453248590058273,1.8517301394635342,9.803787703678127,-0.5869806509690392,6.447787019084448,-5.361366123441725,6.0890181588769625,4.03530440480126,-2.7826772908685853,48.46417214861413,26.102365781782442,-6.8897289482793695,-1.1822222990091458,-0.6909906115401405,-0.3682718829711731,-0.20571495681494145,-0.13695056211338885,0
2022-06-08 16:32:25.975446500,-1.2167794719221925,8.450093291920926,0.06421478516373913,-1.0394092911348245,-2.564111520565126,-0.6850330969400791,0,0,1,0,0,0.0,15.919052083496153,42.64079973370481,6.922178010799727,0.0008693888597554433,-0.2918581709898805,-0.038971010596225215,-0.2089103293546353,0.10988989181907977,-0.035774542223509606,-0.14866797343674865,-0.22227398558069247,-0.14139757507972373,-2.7936699208541422,0.3124440900680057,-0.08349196162059654,0.18287316488305855,-0.5223162344114106,20.495689062499984,18.86682822806943,34.19526005777389,-9.057271539675591,5.117002881153616,-0.22494891960527572,0.12709536445177202,-0.2326971970738552,0.05244336402314949,-0.008720003847366636,-0.0571837249670186,0.005052716623242011,2.09473384775446,9.001038678677661,1.0629873456768346,0.7512430337381021,1.7468475168046276,1.1857673100253965,39.96950095260008,9.118305576474237,11.066713152381304,19.284969753915288,80.84156260237599,0.10605781555727103,0.1953887118383103,0.09471954589230393,0.07750771182149882,0.16629551783869492,0.09671373240473202,0.14872666629431586,0,0,1,0,0,0,0,0,1,1,0,0,0,0,1.6912995991627393,1.5073496921188017,0.1,-31.60157376379464,21.593442042291702,-3.0332117753345944,1.4012415897742407,5.758637811946485,-0.012626747572349828,3.688891420977184,6.333610565228363,-0.8983750584230923,1.239763733001534,7.432069405049097,-0.10927760398219988,-1.6094337540342472,15.17923614570363,21.220610664667284,7.528151440432061,2.844903456600152,2.8475696549182987,2.8333254231969773,2.8210258934168064,2.8146123928889097,0.6045727519718647,-0.21594915187787345,0.0,317.0252064715576,-105.80593392985806,41.8526749352496,8.186583455053665,-22.134764056346135,17.33065162049597,7.405545968319057,-12.121515747291383,10.309398058830759,9.739506391325222,-4.322016213981113,6.358978668631995,14.965460547397866,21.693249059574644,16.464345681219317,-24.95054700216935,-17.799052283564762,-11.747984450273172,-9.848425472461724,-8.964596803834326,-8.595984719885564,1.627460508016775,1.127467758614466,0.0,8.793016729916022,-4.3579403251249245,1.2480431774857024,0.09587571516242988,-0.6540778440586226,0.9953381592576348,0.3198495502506649,-1.7091723043906162,-2.3090831739527737,-0.8586451303742434,0.6629617900233267,-1.2530523240882705,-1.4225358785222098,5.7641701573117174,8.76640668655885,1.4768060323112482,0.4469213893690719,0.4784736763276144,0.4597677733535562,0.4487025225620325,0.44343259377170574,0.5576575519616604,-0.42944101782348615,0.1,-27.519846725106074,5.769443344391169,-2.3450087269040494,-0.4369412395891006,1.4243195163483968,-0.5935127175911967,-0.3271213825377379,0.8586003116876986,0.5049421549862001,0.5291110055934061,1.1722414631375158,2.1646780383031308,1.0321021578931084,-3.7886483610277697,-3.7240613882175664,3.2284713471874382,1.20539687265756,0.7547688794995956,0.6612855219376179,0.6201976250386382,0.6037412944895277,0.4460120265155088,-0.325338896115413,0.1,-99.97017946278672,25.89116664545889,-13.287563382926354,-2.877846758941189,6.641359612616759,-3.179497688302149,1.0342619053462645,7.409207904875893,0.3610403098368211,0.6097268447510555,4.5507995586987136,-2.848811110041196,-5.833798477185067,1.6060795148309257,4.654742503107856,2.482485624989621,0.8928454814561421,0.9740549423399972,0.9729077764398486,0.9659500954651778,0.9620208613502944,1.8350348484766192,-74.0163175333313,1.2,-11.19355189554507,3.6658586203662074,2.4942056531476178,1.6337283274537586,0.9945774151127368,0.6639028073218038,-1.2236922954310168,-2.7706255199511274,-0.07365292571797921,1.5652836477765943,0.08073766462109544,3.678153578391568,5.918353471467519,-3.8101685907841834,-8.442747244297838,2.4054470381689663,1.5328730871955143,0.8220673949659963,0.6966791914824038,0.6473223848027158,0.6285577688281895,0.09323704923837277,0.2617628806146325,0.0,673.3856183538155,11.929129024200009,-6.187066366980147,-6.778204922076894,7.551886058597888,-3.470154667316187,-15.622850136983025,7.595297997085879,14.285857387720757,-6.417098800935911,1.0032541833966135,3.838374621337637,-21.93012242383668,1.5158452041038417,52.343793731344356,33.42288812494452,15.024182326345331,12.726407673980885,11.212376593730841,10.433353987038243,10.09558651262258,0.004739260682001228,-0.07037657120931981,0.0,1736.0134918967478,-1.0495666703548352,0.3108337160554129,-0.4676439359330402,-3.481360490416052,1.6155976725294892,3.944476698513824,-6.160138179531812,-5.95288328854533,3.522240986754952,-1.5060329244642006,-2.830648552509359,7.320939912108827,-6.556339466880247,-28.435333621615897,-14.940819232712464,-6.209487696648552,-5.449298359795427,-4.882056700819522,-4.591385981953252,-4.465758846112808,0.3334166951426798,-1.7024704437755358,0.0,279.6632251996254,-40.40855808954459,5.874564723688781,1.8532430891907588,-8.014498844721302,1.4038794360679283,-2.28914329726301,-9.444929576824716,0.7834048023581399,-0.1991512409354428,-11.276843296158926,2.483868407228382,10.599502235950148,-22.64562201754254,-43.51052593917048,-16.954042237096324,-7.954390368484835,-7.670020063003457,-7.204109894927466,-6.941018189113407,-6.822994599000047,0
2022-06-08 16:32:28.725446500,-0.8695112096018585,5.688785138764343,-0.14275159416839156,-1.0750792296799525,-1.7999265781787768,-0.8697917289603799,0,0,1,0,0,0.0,15.983962767315052,42.763329551507695,5.8862634728522405,0.000966489577025832,-0.29373680882240305,-0.030505382043436686,-0.2191988076009539,0.10316144461101376,0.014744435065968516,-0.12769382823426034,-0.17701408999437898,-0.165822717980008,-2.6327430107918093,0.311868876673088,-0.10789372053229444,0.1364888400397047,-0.5400988777291121,17.985457812499984,18.995382591036428,34.901567777770424,-7.826246424191668,5.104375130064427,-0.23154485009401524,0.1146933650079893,-0.2348245104546693,0.056605108737927276,-0.00799837205492013,-0.0601331234112551,0.0021488886890791035,2.0972819031336414,9.111973414783048,1.0623672039980654,0.7647791238491387,1.7810558266231251,1.183644810359704,37.5850976462756,9.000319315537125,10.588318444706378,18.49501127105975,80.84195391923865,0.10098180424700988,0.18786996528874103,0.09301607501448816,0.07525098500030672,0.16619427590165922,0.09711214848885663,0.15139657280955582,0,0,1,0,0,0,0,0,1,1,0,0,0,0,0.5531082022074537,0.6510207729523515,0.1,-52.86488380203582,7.2697644700810065,6.934591499606082,6.394982656754181,5.677974500965508,4.818584876008151,3.857274603376859,2.837073870230576,1.8006129575820289,0.7872951823698633,-0.16918444401579968,-1.042864811183435,-1.817293736946156,-2.4892092871459517,-3.0969113484256985,-3.981456927024882,-3.746505138070949,-2.782352144245652,-2.326364292855435,-2.0940039281262357,-1.9933612714629951,0.2951525026283941,-2.0768310989541634,0.0,393.40918009297343,-43.00781529684703,-40.49273764164892,-36.53289840453324,-31.45436151151496,-25.671976969156646,-19.65245835994876,-13.873183209149628,-8.780672190248504,-4.752904263417406,-2.0697124620605423,-0.8960626543555251,-1.2864903652994837,-3.2392980306579084,-6.982216347394368,-14.364399363057899,-12.860031831616471,-8.968299734857887,-7.81469205821289,-7.336730963081031,-7.148821748831807,1.3776709286946691,2.0292318124892788,0.0,8.04510150578767,-1.426352698921017,-1.299105890708094,-1.103323953843896,-0.8617942982486515,-0.6032689995428709,-0.35968043563784424,-0.16304836152558955,-0.04238655728850044,-0.020934865191332586,-0.11405423841332775,-0.3281791263389217,-0.661540582596519,-1.1092793738672346,-1.690834295501334,-2.564387166962577,-2.155317176932114,-1.5818800480421062,-1.3612873599190591,-1.2535540377320853,-1.2075871920519945,0.3102780066037933,-10.635253994997012,1.5,-38.89927310458992,2.8299825282071107,2.6776879758794827,2.44106504983168,2.144225270348069,1.8177114420889,1.4956613109413883,1.2126654980445493,1.000646495537152,0.8861196946588038,0.8882510628732974,1.0183042880962654,1.2817986019444412,1.6882354742074774,2.295331602195066,3.3013077881826938,2.3872918142220603,1.7300336070617814,1.5447206525819617,1.4644253261017135,1.4318166808521904,0.2291986123394333,-0.2638597365374418,0.1,-117.40330833379477,11.567206786809615,10.93583104809184,9.935156872754119,8.637907695646241,7.136931521494981,5.5372317149052686,3.947040435883197,2.4687558254817272,1.1905810946385462,0.1796516156014043,-0.5226697570438681,-0.9027847163473104,-0.9738709691330228,-0.7751273710251034,-0.4706430268880415,-0.5376102933831182,-0.3088071274241373,-0.16287459009293806,-0.08470182011032977,-0.05004245184676459,0.616858146039318,-22.969781008259602,1.5,-22.8406085611404,0.08649209520553702,-0.005892429855294701,-0.14277520113155262,-0.3003456291809603,-0.4487369418680851,-0.5550778805794767,-0.5868584901437135,-0.5152473403476697,-0.317955641808527,0.01882887496106056,0.5001605250091639,1.1254467588848542,1.9019060948889024,2.9122969215334726,4.600169313574737,3.791880548577743,2.6836158878682594,2.307907795003416,2.1340682577053287,2.0613244531242763,0.04488000946118983,0.13523796941962715,0.0,658.7008752122086,5.0015739146339575,6.065113888526369,7.7061774698644205,9.740826800031414,11.936879063138841,14.036314928734242,15.780207551391676,16.93373137279605,17.308701897514492,16.781090538648815,15.300772917180714,12.889246758291502,9.610952297340816,5.405041265853684,-1.4590011262967515,-5.069121152017299,-2.7263285928211207,-1.6879336341305269,-1.164499674177816,-0.9373606616219988,0.0016653799156211312,-0.018992087123983148,0.0,1740.5181038738986,-2.258036030930839,-2.712563977895712,-3.4114483540054152,-4.2726800353173084,-5.1928267502136976,-6.0570952751446185,-6.750515833769995,-7.16914361880643,-7.230116891218934,-6.879389849412121,-6.095818674311984,-4.8893759968890285,-3.2855559716167875,-1.2343954386327454,2.168081159414584,3.5620419096849223,2.1678901623202123,1.5678175753857495,1.2689340911816631,1.140026122457975,0.08499971311992709,0.17834322331738944,0.0,303.51337285196564,-11.187591810872151,-10.857546183307353,-10.31249990267547,-9.560174713734591,-8.61169342599916,-7.481796163036705,-6.1889829370856235,-4.755477255841899,-3.2068570582785734,-1.5710778155453602,0.12376647099307635,1.855076886041827,3.6249770833217134,5.572885503018247,8.81288822515985,8.760992578956897,6.4196661394595935,5.417214246777672,4.918571963612763,4.703906324649947,0
2022-06-08 16:32:31.475446500,-0.5259650224758431,2.9114832123953125,-0.3507094988775963,-1.111554119542186,-1.0378609712908315,-1.0521536731816463,0,0,1,0,0,0.0,16.011301024745364,42.90221836980356,4.874230394570741,0.0010635902942962212,-0.2956882127532054,-0.02238003620810167,-0.2291271750568107,0.09627933864742322,0.06515818835079253,-0.10673657917374407,-0.1317357494771178,-0.17699908483055055,-2.5255844344767864,0.3017295478078109,-0.1342592159020865,0.1006435385315976,-0.5613134914768938,15.195946354166649,19.117145724033307,35.48048250622868,-6.673986359942487,5.103578493078777,-0.2374203959188516,0.1032112899589226,-0.23686382230312025,0.06104666627573056,-0.006255417756266263,-0.06223417163670812,-0.0006084298966216164,2.092921581642995,9.159840490929438,1.0261059610301584,0.7673837522466556,1.7927938987155507,1.1821676928346432,34.087275392105745,8.835035740231861,10.240390642827812,17.68386082718207,80.84200363623994,0.09659519353915316,0.18052443447372996,0.09093854477632823,0.07160967783759688,0.16590753992304275,0.09721085129216968,0.1528941119946351,0,0,1,0,0,0,0,0,1,1,0,0,0,0,0.041140428967532734,0.249632149985637,1.4,-46.97378657937154,-0.6470009134885917,-0.6467614753555573,-0.6463481170242478,-0.6457376099250163,-0.6448934745367669,-0.6437609916552884,-0.6422589375913914,-0.6402658219868125,-0.6375966325756897,-0.6339633379269975,-0.628911567503115,-0.6217594017390278,-0.6119680104232508,-0.6058043286743247,-0.7295949700370359,-0.9867289305808749,-0.8572087418966687,-0.7989508756650041,-0.7738575578875968,-0.7639593106567919,0.03947156211874926,0.22386802492053945,0.0,327.8282546974927,5.017246902062865,5.018527086034776,5.020733492215901,5.0239835615398585,5.0284597843162935,5.034431548034462,5.042289322128772,5.052596432834539,5.0661624244763255,5.084123784598472,5.107907052187512,5.13829238558092,5.168146039962005,5.116762975997995,4.040067492477277,2.7272875791345648,3.7435901794114135,4.1264386826465245,4.282210145519357,4.342334209098248,2.3522441207839098,0.8091604111444791,0.0,1.2811026386242987,0.3624257268189418,0.3625314352473253,0.36271292413355777,0.3629786170600625,0.3633412583446297,0.3638188988665677,0.3644360753023391,0.36522463648000464,0.3662220917336297,0.367459549360575,0.3689078722510241,0.3702397633460591,0.36959194161020376,0.3545209443712236,0.2107155768383818,0.09207472965836684,0.2204456935310544,0.2654658122635998,0.2835211905536936,0.2904511583926803,0.004581215047183953,-0.10523415535011964,1.6,-43.05529946091266,0.11129472627254168,0.1112445002642386,0.1111599084462438,0.11103994872570457,0.11088408274341788,0.11069378650247907,0.11047610910716976,0.11025209464155816,0.1100777582270538,0.11010039090840153,0.11072667215089238,0.11320767181643344,0.12219794210791002,0.1616616710417047,0.4005004214037491,0.4736004519240842,0.2721335381098729,0.21234289682442453,0.19010274794238846,0.1818657927000886,0.03773409642806568,0.2309099878336593,1.5,-99.34719491366677,-1.4074270103746915,-1.4073440335998253,-1.407199582188959,-1.4069834115390911,-1.4066788583513894,-1.4062596678118622,-1.4056842093303519,-1.4048845309668172,-1.4037443706218058,-1.4020513014505545,-1.3993812188512074,-1.3947792851125678,-1.3857091271364932,-1.3638573828779603,-1.3119974084454369,-1.3983296464903183,-1.4271381806865535,-1.4269044638207,-1.4255574733723737,-1.424860961695776,0.0483576427667594,-0.5294723334938928,1.6,-29.875103555249602,0.38616746899377263,0.3859319300853268,0.3855269960027332,0.38493291879271,0.3841195327721758,0.383043466597619,0.3816443555642959,0.3798406420723799,0.37752820895792905,0.3745957228243288,0.3710159891224461,0.36729685865381856,0.36698089524908617,0.3956407210934342,0.6970177620799644,0.9554120030336032,0.6822730042147873,0.5871645931729008,0.5494711599059622,0.5350955381745003,0.00017234679543740922,-0.0112450044669663,0.0,655.1314607982799,-0.052857894957426765,-0.051186992981335784,-0.0482967956794198,-0.04401503076337576,-0.03806861667183625,-0.030042409584389418,-0.019308615404238342,-0.004903664161240329,0.014694771106924518,0.04199199692790856,0.08132849689585697,0.14065240514536193,0.2346534655090107,0.3746024495531373,0.08904914148623533,-1.4713721386762317,-1.082839491975237,-0.8450639465622771,-0.7353723151573757,-0.6907502939121235,1.0531627879443103e-05,-0.001048627558038989,0.0,1748.1985387203695,-0.2547743969245744,-0.25559565604405066,-0.2570156467052698,-0.2591180193529681,-0.2620351193522197,-0.26596758330175874,-0.2712176500271113,-0.2782467236238801,-0.2877782133676874,-0.3009891144594832,-0.31988099386693136,-0.34799105355964244,-0.39124909626730187,-0.4487897354270842,-0.24516413856624555,0.5351763566184076,0.28994365434371616,0.15725739846426026,0.0975821441554814,0.07355365027619598,0.01237233060615695,0.14346615716460054,0.0,274.9748888623537,1.9559420312338676,1.9551633378748967,1.9538180222752537,1.9518287274308437,1.9490735377414552,1.9453686547130042,1.940439344097863,1.9338707005885656,1.9250222100192085,1.912875954752966,1.895768348280999,1.8709937054849208,1.8351893785308688,1.8007016075428162,2.114329564816133,2.8994524998709266,2.5594277908858283,2.399218914227093,2.3295140355988373,2.3018648699415087,0
2022-06-08 16:32:34.225446500,-0.19014285376613035,0.14117122163847912,-0.5582178433355847,-1.1457653448999483,-0.27401923834253306,-1.2311202025847583,0,0,1,0,0,0.0,16.027444200699716,43.049034922687966,3.867119522747525,0.0011606910115666102,-0.29766113631650776,-0.014356652551702419,-0.2388391858737477,0.08922228078199645,0.11509199568218598,-0.08596750187942165,-0.08625717554197447,-0.17488097321293652,-2.4833765314201504,0.2729849120014459,-0.15559277102502825,0.09042875412900828,-0.586676025285662,13.377732812499984,18.729853399005002,35.794543484222366,-5.8226677089523005,1.9515772336321264,-0.2410628790827413,0.09425834204084227,-0.2338687880447852,0.06325330610046312,-0.0022190244351728587,-0.06247906504275881,-0.002293064919056134,2.0825473857770604,9.171876763735256,0.9506003471505348,0.7626405018976288,1.7905993614536857,1.1799646230192775,32.39641550520665,8.561370523628625,10.169139510563092,17.228661286321042,42.18889510159132,0.09525240685468833,0.17549580095329945,0.08821786442261664,0.07044384530220238,0.1652788943605524,0.09667043954314256,0.15358537673574155,0,0,1,0,0,0,0,0,1,1,0,0,0,0,0.06383395349141469,0.2904478562775521,1.4,-33.02813978006052,-0.6230256389932567,-0.6229737158889344,-0.6228837696973182,-0.6227502039566359,-0.622564088977442,-0.6223117240456097,-0.6219721322138779,-0.6215125851714765,-0.6208802426027895,-0.6199855709568702,-0.6186670059803481,-0.6166098406727352,-0.6131585774713484,-0.6072343215363778,-0.6106153824413141,-0.660872258627504,-0.6519379883157194,-0.6452825070114323,-0.6421975424809715,-0.6409489554876036,0.09894457878560596,0.34036090908916755,0.0,213.57528129788628,5.231930731202303,5.232885388148851,5.234540462665855,5.237001284264791,5.240436527157005,5.24510632349422,5.2514117713347135,5.259984651433227,5.271858336940709,5.2888161297618375,5.314164618225743,5.35463699636074,5.425560218801691,5.562279620879137,5.641689313233348,4.717108727502945,4.7682180951565485,4.86196976909392,4.908909057163003,4.928373287853447,0.3700670948104608,17.271739945914568,1.5,-7.285483174596719,0.39267575557838375,0.392780092750599,0.3929609123973287,0.3932296012559772,0.3936043633950844,0.3941132066641357,0.3947991765599962,0.39572977947075305,0.39701477713146427,0.39884201342124537,0.4015555224116161,0.4058419832534808,0.4132042119366229,0.4266704174399126,0.42754678327927054,0.3261139308607915,0.3381021384064475,0.3500189783329667,0.355722590352844,0.3580538085040671,0.0008817849311358574,-0.04104136015516184,1.6,-44.4876344836219,0.06376185409071232,0.06365470711048983,0.06346922762025775,0.06319410672903647,0.06281135977831642,0.06229352404279043,0.06159882777253545,0.060662688125728836,0.05938216107763927,0.057586073465560876,0.05497468675886363,0.05099552518583228,0.044645385051424125,0.03547869302970619,0.059934418386685014,0.16635305772321773,0.13283345860589213,0.11493949370073984,0.10713434505387752,0.1040495760646917,0.07470110487136637,0.3076319307441351,1.5,-68.10945709352522,-1.4162426456625037,-1.4162230448181443,-1.416188898307804,-1.416137741044075,-1.4160655510684723,-1.4159659631598038,-1.4158288217811612,-1.4156374074028837,-1.415362764262332,-1.414951040194746,-1.4142917739214051,-1.4131251655733668,-1.4107065412526447,-1.404197103490645,-1.3826197994266902,-1.4003029173583543,-1.4158197781584687,-1.4182367329948369,-1.4187541005494209,-1.4188778205065575,0.01734582888968841,-0.24129013770204244,1.6,-37.2360492578439,0.3269295682819941,0.3267475814778793,0.32643225945836063,0.3259638639655593,0.325310869529007,0.3244248387664619,0.3232314666984493,0.3216145190485065,0.31938566336398666,0.3162241897206195,0.3115471328904811,0.3042056786153133,0.2917525606960485,0.2697732591800793,0.27658947465031924,0.4544548592074568,0.42648747770173795,0.4037946680830147,0.3931877720640009,0.38888831673394586,2.166036798537245e-05,0.00019844985934677658,0.0,656.2807829976016,-0.02138116592352901,-0.020735579023906325,-0.019614133636153497,-0.017941565545271487,-0.01559636527392172,-0.012388998575509902,-0.008022742662465276,-0.0020207505472704668,0.006417914847952844,0.018725883430583682,0.037696843443335126,0.06947000817708471,0.130005214274739,0.2707570262092247,0.5870662044234578,-0.012909893619262649,-0.19810922598577466,-0.1937357456071176,-0.182439923047367,-0.17655017900207293,1.081259420518674e-05,-0.003446233625028145,0.0,1754.0030505611828,-0.2845459402600454,-0.28484135531905963,-0.2853542516920129,-0.2861185792013998,-0.2871890346426085,-0.28865069106325336,-0.2906362268527687,-0.29335780696604274,-0.2971695023601342,-0.30269926807584824,-0.3111575423122588,-0.325160348491778,-0.3513293463066205,-0.40985974868181785,-0.5227590700928744,-0.2453887377366755,-0.1872218846085616,-0.1963259480567636,-0.2039494827427646,-0.20751708100638933,0.013872728706304065,0.1462141739150983,0.0,233.13175669948646,1.905680346442843,1.9051594982503917,1.9042547779705927,1.9029055406392013,1.9010138951711328,1.898427183175917,1.894906483605169,1.8900679837305807,1.8832673137101308,1.8733525698631144,1.85807917364723,1.8325195764759727,1.7838837764333249,1.6710737163912155,1.4199890042793075,1.9050928187858265,2.0510028068827086,2.046399643075192,2.036879031241475,2.0319761694121485,0
2022-06-08 16:32:36.975446500,0.11585835697575808,-2.5212420901460133,-0.7554279906134476,-1.1792674711719415,0.4975820034907953,-1.4119750585354642,0,0,1,0,0,0.0,16.157591423891052,43.172695716775465,2.711220009175572,0.0012577917288369993,-0.2993716587260025,-0.0047769935386002965,-0.2493804054276636,0.08183427870873543,0.16446693444025154,-0.06692772641671865,-0.041296194112346064,-0.1761343806000018,-2.5133106871496245,0.2583544223709037,-0.182715931985956,0.09436666482401593,-0.6160249801506212,11.197617187499983,18.658142965306595,36.45193107534121,-4.713872393059859,1.9505482145378157,-0.2470316328220771,0.08259665120672141,-0.2347633810390009,0.06611319314217119,0.0023123689602148603,-0.06371427818664005,-0.002287731120909381,2.0791043637239857,9.166284472920593,0.9580533268494686,0.7763081268160033,1.7904288660045906,1.1807973580974571,29.913585629242935,8.535822497929546,9.679571282335358,16.186325885362507,42.18894137203932,0.09035442545279404,0.16473965746040126,0.0878273471939049,0.06859393603627761,0.16643381392763926,0.09637862013736236,0.15358768839095754,0,0,1,0,0,0,0,0,1,1,0,0,0,0,0.16543337955496784,0.4055672636873325,1.6,-19.1266272125368,-0.6431951283408142,-0.6433632668897764,-0.6436543245179325,-0.6440860423164247,-0.6446866329566168,-0.6454991748794754,-0.6465891866735117,-0.6480579552576854,-0.6500669077542873,-0.6528844101910399,-0.6569802615514784,-0.6632199774251052,-0.6731733166340237,-0.6875199849232534,-0.6489544718216731,-0.4818987146118204,-0.5346515104608776,-0.5627834860310632,-0.5750534123477976,-0.5799026565123662,0.3658337107585884,0.5336561632636441,0.0,99.16350097101856,5.287893726490253,5.2887823850412765,5.2903223679756906,5.2926104927392545,5.2958015033731956,5.3001333971693185,5.3059717798790045,5.313889650337472,5.324817873252047,5.340347599679628,5.363387798734798,5.3997272485671495,5.461953993374253,5.574778206996397,5.571221694753758,4.704243915724303,4.816096047180674,4.92052519548064,4.970174071573734,4.990416846695356,0.10269522294953644,-1.0226467329775355,1.5,-15.875783804162593,0.3992075683129499,0.3992996572560845,0.3994592502908498,0.3996963974907923,0.4000271662701647,0.4004762778648268,0.4010817284215735,0.4019031105245915,0.4030373317563289,0.4046502764538957,0.40704588542164705,0.4108312794429365,0.4173372828801248,0.4292594964302845,0.4302057555915975,0.3405263367908768,0.350986706890326,0.3615049722766592,0.36654721373232296,0.3686090468908947,0.0004871132229172444,-0.028180240146438437,1.7,-45.87598131056031,0.06025653189096225,0.06021336209141648,0.06013841087018167,0.060026716349667275,0.05987028384342175,0.05965667736213565,0.0593664986343172,0.058968720002214425,0.05841154085088074,0.05760303754859498,0.056365865270688875,0.05431626594875083,0.050481346941608114,0.041890621588725814,0.02534555845639863,0.06627112777769928,0.07471187567368154,0.07330144094037327,0.07214779883105404,0.07161081078514314,0.21673785940646254,0.4579104683808482,1.4,-36.861229714221686,-1.4145432888735563,-1.4145092232959442,-1.4144502929909608,-1.4143629753955334,-1.414241687061056,-1.414077942692141,-1.4138589218949211,-1.4135649877631906,-1.4131652566983743,-1.4126094088125174,-1.4118122614907942,-1.4106270625987831,-1.4088376849120932,-1.4068162589051865,-1.419556170614472,-1.4540119426823075,-1.4391408528258656,-1.4323034416176463,-1.4294237068153903,-1.4283016574781888,0.011468186833212334,-0.17941705842318725,1.7,-44.53916378546162,0.3255399344478072,0.32546458788029753,0.32533377650444484,0.32513884927989123,0.3248658696099178,0.3244931633341381,0.3239869316937221,0.3232931335632716,0.32232159143807304,0.3209123829709726,0.3187572495504789,0.3151900061975571,0.3085252959716378,0.2936405844896839,0.2653499722649326,0.3368251318963431,0.35107050687874786,0.3484794645857491,0.3464212645843687,0.3454681284263478,4.809691713310927e-05,-0.0014628005611449738,0.0,657.389684980843,-0.029844601488548506,-0.028758636558720237,-0.026875006171479757,-0.024072217904134163,-0.020155282095757343,-0.014822519017535285,-0.007606685030125959,0.0022328019552197986,0.015918176501855896,0.035587240672935394,0.06529092853516794,0.11360519182505867,0.20171567540600502,0.3921229134680786,0.7252034762849,-0.23995014901221626,-0.4116275222054124,-0.37342715214771616,-0.3438680059834596,-0.330058648155803,1.0100211987798073e-05,-0.003356384842265064,0.0,1759.8517798689245,-0.27026972862898896,-0.27055715392916113,-0.2710560707743923,-0.27179931387919964,-0.27283974014669354,-0.2742594710177713,-0.2761864082866623,-0.2788247601697762,-0.2825147728701083,-0.2878591395989787,-0.2960198430601295,-0.309519298370784,-0.3348467468603076,-0.3928749268771199,-0.5229331317237111,-0.2739658092769872,-0.1931972477015762,-0.19336217453475515,-0.19761903560092264,-0.19998260958328729,0.02014675221942801,0.17675085954307046,0.0,191.3151006385565,1.88152951500237,1.880151294518571,1.87776128308575,1.8742062930699424,1.8692407203543784,1.8624851379521647,1.8533530768649724,1.8409175388190304,1.823654399663296,1.7989119432725929,1.7617043888214008,1.7016044245964441,1.5933948830913631,1.3662408338610934,1.0245278678944505,2.255228825274566,2.4046606956540635,2.338434515634804,2.294998826224996,2.2754136159674685,0
2022-06-08 16:32:39.725446500,0.34443223050271304,-4.890926148036387,-0.9231603050032674,-1.2171887272701485,1.280711717757082,-1.6060346928557974,0,0,1,0,0,0.0,14.800082530265575,44.13605621306302,1.7422493359840583,0.0013548924461073886,-0.3038566358732614,-0.0025806919362352816,-0.2485557249559831,0.06418329692704483,0.21728983657363485,-0.050919995984899484,0.002557878770249122,-0.17390243101608113,-2.608526114759213,0.2365415713503007,-0.2103208282450968,0.11465964614937728,-0.6506125298086564,9.173738020833316,18.768484611792303,37.097239459891526,-3.6587230379894415,0.024553127325057413,-0.2534504850098711,0.07207901012189684,-0.2372497240142493,0.06966129062396062,0.0076387106291547465,-0.06488543482993435,-0.0011398301142623744,2.0747378015426747,9.161734384474196,0.9697783474152936,0.790120493361922,1.7946153840109835,1.1829255623824717,27.50777333595776,8.453367060585471,9.17396672072157,15.103078179588639,0.04944728554998993,0.08353513740935062,0.15518566101220094,0.08648923617069497,0.06482507981849536,0.16871435469408272,0.09580576078679608,0.15331171183806722,0,0,1,0,0,0,0,0,1,1,0,0,0,0,1.2198599228662437,0.6756439667985503,1.6,-5.281689053607451,-0.7198747941919833,-0.7200657204581902,-0.7203929857524229,-0.7208708215977906,-0.7215204166375908,-0.7223709855064693,-0.7234604098313693,-0.7248334427007583,-0.7265308940985876,-0.7285472626546747,-0.7306719437843717,-0.731840701126334,-0.7269089346415842,-0.6839909217331469,-0.3312838238576001,-0.10338961155363624,-0.4164597159667236,-0.5196672114984558,-0.5596569068590677,-0.5747376006568308,2.709695304341259,1.1790870591176208,1.2,-15.040038680426164,5.552035033774,5.552663275205363,5.5537381193945885,5.5553027282905845,5.5574201493491735,5.5601745133630205,5.563668505887384,5.568007777924355,5.573243848176122,5.57918275967455,5.5847225075524936,5.585277360380281,5.560394365306281,5.388880334464693,4.06800146854678,3.272688252490549,4.436838743070993,4.819030067473243,4.9673531868009855,5.023321151335644,0.048264504269406115,-0.4710037851860044,1.2,-24.446542478009324,0.4252753906886686,0.4253366579438969,0.4254414562401436,0.42559395740189704,0.4258002503669642,0.4260684525409204,0.4264084642050489,0.4268304814271695,0.4273395869757563,0.4279177266219441,0.4284616206644573,0.428542330986927,0.4262493133016939,0.4101999847405534,0.2842685385811973,0.20237367943618267,0.3141266191318408,0.3517574659473837,0.3665499077861134,0.3721604547852943,0.00048081502007613633,-0.02807282945199801,1.7,-47.25973951374442,0.061318415701966174,0.06127381688578115,0.061196403781786035,0.061081085439912634,0.060919667488540614,0.06069942124151684,0.0604005289495233,0.05999136906616265,0.059419315814641216,0.058591365297605336,0.05732906905084768,0.055249181852365936,0.0513909633082823,0.042884512992928725,0.027508069856921,0.06956590522278637,0.07700700070708,0.07525140969618516,0.07395785994570436,0.07336610344937866,2.3709950275800824,0.884060344114603,0.1,-5.598760354664226,-1.3986215289680328,-1.3986330199283412,-1.3986538380166942,-1.3986868943033777,-1.3987372500666129,-1.3988135816593283,-1.3989310889040252,-1.3991175623666303,-1.3994269765116971,-1.3999729275691772,-1.4010215988552024,-1.4032967134217686,-1.4092434678341283,-1.4303711430306405,-1.5366079164958366,-1.5349430378773752,-1.447795936267961,-1.4254095781529046,-1.4178204007029247,-1.4151501705627891,0.008937715212042095,-0.15512926667051785,1.6,-51.844749204303405,0.3216429860563119,0.32156305533588725,0.3214246355890333,0.3212191917733289,0.32093312452434475,0.32054561001519843,0.3200248517577569,0.319321423126689,0.3183559279006907,0.3169948117134023,0.3149997789253056,0.3119159058864347,0.3068397764090232,0.2986575027918492,0.3094740780083172,0.3884385394214074,0.36968238161133504,0.3579346604960538,0.3526407710026325,0.3505224162818365,0.008561980780260057,0.017266387019616598,0.0,651.3345736456993,-6.912470816294572,-6.067431424657889,-4.743327664180222,-3.0584180753863848,-1.1626775277108194,0.7760412077531598,2.587487498407178,4.114708390866355,5.228527962560502,5.839526605343296,5.9065606752273885,5.44142772950117,4.509639805460076,3.204597838559081,0.8055719016098664,-3.2396602692465137,-2.9464576067663266,-2.6247409044204453,-2.4410181628593683,-2.357584484568587,0.00020142406557432469,-0.007292369132686344,0.0,1768.4295505882724,2.373228472052517,2.0821516443918995,1.625082045724923,1.0414062208888308,0.3811201244589597,-0.2997410258071227,-0.9442185428201809,-1.4996236359849249,-1.92234007484808,-2.181820993812437,-2.263486097264135,-2.1704759834491725,-1.924775263995784,-1.5657375144847734,-0.9615620081552336,0.23920257962682,0.3203264588480508,0.3040681838622277,0.28947741640461544,0.2819598336551028,0.13095911070722094,0.20578295314351508,0.0,155.4543465420281,7.537217273990103,6.732300816577287,5.4732956692276105,3.875927816260465,2.0868712770888056,0.2701348881252894,-1.4081520979964381,-2.7951395915547685,-3.7654104700843387,-4.232580760601526,-4.157296760864527,-3.5509331673882616,-2.4736135563332793,-0.9912249005974642,1.934295916213356,6.870603099267079,6.345936964807942,5.877762174159825,5.6146183492468165,5.495666006266852,0
2022-06-08 16:32:42.475446500,-1.9537596614744968,7.02381765300974,1.0280685169947994,-1.2774488508190909,2.023633718708045,-1.8282946819191608,0,0,1,0,0,0.0,13.526443949914286,43.795676982256886,10.539463250564957,0.000433868880633958,-0.3123282102690985,-0.08091197011528846,-0.20706815671993373,0.10880018186649228,0.18989847070295635,-0.2062381745008366,-0.02608232838043795,-0.16636530162258298,-2.7293326510865934,0.21101991145300064,-0.23949760897321565,0.15390063824875713,-0.6879079823484443,7.104014062499983,18.79184397076369,37.83526823581285,-2.5096518161430814,0.02416677923929597,-0.2601452187611499,0.06011241128914039,-0.2394506188442949,0.07268848548583358,0.014108946209306644,-0.06565980111938305,0.0010541227933841993,2.0647767688762912,9.185358670983787,0.9827911494925652,0.8013734776036415,1.808264417129712,1.1869940466032367,24.532712553666773,8.440940491370776,8.333056159359947,13.753270591629924,0.049116156979868486,0.07552986881850646,0.14176426405342446,0.08543029670187557,0.06240435463555795,0.17186991354081238,0.09558638635476424,0.15303577379410602,0,0,1,0,0,0,0,0,1,1,0,0,0,0,2.424498342373144,-1.7072796067024305,0.0,5.5393392629020735,-3.7795812255885344,-3.6580392112122566,-3.4584273571009727,-3.1850859417396817,-2.8438940542240925,-2.4420622443913977,-1.9878443717468597,-1.4901344335230442,-0.9578692246171818,-0.39904083906987176,0.181223217470768,0.7852962866882297,1.4380931682243152,2.259918138001763,3.7292338814794106,2.3816473503013644,1.053655908370034,0.5895013126691528,0.3719147250207876,0.2805012868566981,0.9648598452302763,1.0090816948491763,0.1,-112.49501417462578,22.33927301713868,21.668327064201225,20.566904156077552,19.05974386532237,17.18049341038958,14.97069753586117,12.478445087728288,9.756572750811257,6.860183071167853,3.8428548207513535,0.7497812736309664,-2.3981280141378454,-5.6558638291060985,-9.41286397568495,-15.287525387513266,-9.84507412919642,-4.683582243506166,-2.8544631776250102,-1.9973946913275824,-1.6383698518262353,0.3564166012746869,0.4269713548973757,0.1,-30.56824930161633,2.8673725107261063,2.7691006391945363,2.607845849597945,2.387339767275793,2.112675640235655,1.7901785699541568,1.4272391718655122,1.0321077725381596,0.6136386032960738,0.1809511961000323,-0.2570973872480578,-0.6930382919834948,-1.124625638029626,-1.5769005129793827,-2.18866478085664,-1.661523504300488,-1.1279799195161164,-0.9299002229394124,-0.8367774883634016,-0.7978656527093118,0.0005852467745136339,-0.03269731355063566,1.6,-48.65785502124016,0.04800645524369696,0.04791000521701516,0.047743337531964684,0.04749680097407216,0.04715515324992437,0.046695340198565034,0.04608272908241795,0.04526461346218946,0.04415863023467104,0.04263121592515695,0.040456037627396364,0.03723596184507338,0.03233268776219722,0.0263246538861106,0.059292618434591216,0.16587906220464066,0.12680642453065882,0.1062208891593408,0.09698558015496317,0.09328746390087728,0.39597004559691695,10.826385248359781,0.0,25.662976677399346,-1.3836151918856494,-1.3842322795971922,-1.3853035318340932,-1.3868996062580219,-1.3891342237244142,-1.3921839965274274,-1.3963237915184772,-1.401991907164737,-1.4099171093117708,-1.4213860814384618,-1.4388674909625911,-1.467685774795402,-1.5214605551057103,-1.644345166326847,-1.9344684583192715,-1.4526514845486596,-1.2593343368608534,-1.2463169782273638,-1.2491438898273692,-1.2516977414396344,0.0073672722681014735,-0.1412217880779239,1.6,-59.17745025647617,0.2906615198901417,0.290672485465695,0.29069303847912664,0.2907271965127194,0.2907820286313152,0.29086980437406185,0.2910122572861811,0.2912494533988714,0.2916595569926377,0.2924071159447719,0.2938764021005804,0.2971080354158886,0.3056343239837089,0.336700149566739,0.5084995377409423,0.5483651295448357,0.4001105784729209,0.35557991535451183,0.33901230199828997,0.3329211770178584,0.03774624918661465,0.029969985300260668,0.0,642.3153865958026,3.644130326837897,19.483501707258238,0.2034636331136568,-8.748840244281679,-1.2244057742493126,-1.8926306068331369,-2.1332505853449426,-4.775589030880244,-13.742376202576557,-6.94522055489912,-0.24525492753406475,-15.128668612846846,-11.468011439046114,17.99281616023719,19.08725626473843,4.803973551552293,3.232460299271368,2.3694576326781007,1.9229341217355296,1.7293972039870114,0.0008190404520517299,-0.0044270458640387365,0.0,1776.7475099856933,-2.143395953274677,-7.929330264789768,-2.262520655295532,0.9545940776094994,0.2657909248769528,1.7398248593376875,0.7385624979895482,0.7391560852234349,5.2771355320245865,3.7279385940018837,-0.9184956032901184,2.889623183286357,4.461443464114431,-3.3700353869401742,-5.6713032297906025,-2.056147329656113,-1.4589200312345412,-1.1450313014101496,-0.9835896652419224,-0.9138054906276576,0.6247543875685038,-0.28664281305684225,0.0,153.51912772178292,24.638860550433634,-2.173506131943469,-0.9107072626553928,-0.5018334946470819,-1.7868706635828255,6.4364894622459685,6.844204982083465,5.47028932696292,10.509240555935264,4.409210302373348,5.1200871316669145,24.90014401995112,14.277678152720348,-25.63916822943989,-26.723406564631915,-8.792957772209794,-6.686348584619376,-5.494666362138811,-4.873307194269493,-4.602634391762426,0
2022-06-08 16:32:45.225446500,2.1818090437802,-4.076273466727507,-0.05939235435826588,-0.7018856939379144,1.2187950320489371,-1.7321161444833155,0,0,1,0,0,0.0,20.497047903440027,40.74920033189068,-3.0218377290390537,0.0006179860400729793,-0.2857178460870037,0.06219050705805915,-0.3046274646387364,0.0844375220824444,0.18775159966271696,0.005269962812712494,0.01984416380351131,-0.14520578495572214,-2.7648703749034103,0.1995579075513165,-0.2578871150177636,0.19014885509416948,-0.7202910465239505,5.04779010416665,18.884693327223747,38.529511608868475,-1.406514344349772,0.024157147354904217,-0.2665692410496414,0.0488302917965414,-0.2420656281301422,0.07592504581691231,0.01895112667675129,-0.06605562779634343,0.0032066314898785728,2.0711588408227004,9.235116244041533,0.9647821752459552,0.8085961740676443,1.8295056957623343,1.192171056316368,21.00389765604059,8.404343488933268,7.337875365067147,11.991818515240865,0.04912040014690165,0.06571881135266648,0.1246199700040459,0.08459180160157803,0.0591311721519319,0.17498663926945554,0.09636344122982207,0.15292666111414593,0,0,1,0,0,0,0,0,1,1,0,0,0,0,1.4537166525116407,-2.4253495016555497,0.0,17.77919609111496,-1.9555360672503217,1.201627220617596,0.11327747626910735,2.1298297956883223,4.149267201253425,0.6424601678390278,0.12382733855345553,3.4305179473272918,0.4121823070525026,-1.977668082055429,3.9369879532902767,0.8528857803325411,-14.863590479545914,-15.635994269315225,1.1347817900338182,1.3680293215560189,1.1429808405902857,1.1955282249597927,1.2177970740863495,1.2260150739520994,1.229987461170947,-0.2987521622286625,1.4,-139.0512437291418,52.70099100164134,-18.00228144258072,-7.715618062641305,7.9238725233354685,-9.446174318290927,-6.017593790107983,3.2962026632660777,-10.635720902101816,-6.375859826023968,6.597533302751263,-12.746846330983708,-5.349566121930196,53.137156380625676,55.246795932939655,-11.171164536458305,-10.561033945283267,-8.066665428398199,-7.46214366449992,-7.178925578803102,-7.060170646083816,0.8538991930532775,0.22164155872922608,0.1,-26.68995582511057,6.158281120426122,-4.098160520103404,-0.2469818098361745,2.9395368964089927,-1.4789263757505924,-1.4577498759985206,1.8744729761276293,-0.097786019310377,-1.966016325861848,-0.6136192925076394,-1.5958661260066689,-0.6874947166695138,5.4281520981748494,5.494520783093176,-1.8221980749135265,-1.9356821345657276,-1.5338529956106477,-1.4024528931762397,-1.3433787421682504,-1.3192365481943884,0.1881130601996836,0.10602864663739693,0.1,-46.038624132574576,3.8139743782327455,3.1361497451377645,2.121735561152771,0.9223577781812224,-0.2881444398092552,-1.3432283234397753,-2.1108512050326262,-2.5133962509179666,-2.5368686761679684,-2.2280841046853688,-1.6809451118034544,-1.0149492394194672,-0.34989486992354996,0.2264109479406884,0.7832547311779583,0.8557193843574595,0.5328719908642283,0.3725752355655561,0.28979027191967305,0.2537249267028609,0.5202716999093479,-0.5298195167670924,0.0,48.8177871694591,-8.900426434949328,-7.281439292701834,-4.9128808006942055,-2.22107324889682,0.31948170635384976,2.2781530142097504,3.350302385810953,3.4130669995714538,2.543866613877076,0.9983734514111428,-0.8470714469511251,-2.576694003128711,-3.825130570948983,-4.361059031399766,-3.73106934227886,-0.4122192228354105,0.2505206815271708,0.43218558495746695,0.5103069972403346,0.5414031794999001,0.2186955439363223,-0.04577246105854778,0.1,-61.10073483787095,5.279818594760757,4.178616230684064,2.5525671016464475,0.6743711002411104,-1.1482665624522106,-2.628867925336785,-3.553091265023403,-3.8145266334479135,-3.4287201262083657,-2.5231820589622203,-1.3058549882212294,-0.018293040867186642,1.1198666032758269,1.9851398539445435,2.65908398860866,1.644839656325539,0.8822941451142887,0.5820266413946356,0.43515485495117656,0.3724221195662889,0.07061070200379932,-0.05237002452377136,0.0,663.4645031423366,29.475092574112004,-17.457287631968107,16.969861222029685,-7.233251409014316,-2.7268985416459515,0.7548095398799859,6.134415580515274,-1.8277468856021404,11.449404901812091,-2.0351088499018197,10.21134162627372,-3.205194773837144,-10.144981537079827,-48.61712439510024,10.146465557620836,0.5279408351230757,1.3542126780290609,1.5127408830085791,1.5896002266090328,1.622468416746209,0.00261702507483982,0.010549605101745515,0.0,1768.178351554969,-15.695670872728444,5.5747863136251965,-5.807520468896258,2.385364620806456,3.3292835105228282,-1.3181803937281984,-1.5761878628033088,-0.2778130788361608,-5.6630133939257234,-0.8612053330950573,-4.430107589971946,1.876927430856096,4.057929546155306,18.767338643775414,-0.13599067997017755,0.35554455362346715,-0.20829145169592775,-0.3911896462357021,-0.4786097869078745,-0.5153366011274176,0.794869099070489,0.4106200196469712,0.0,124.64118728758848,-29.40692767535916,-2.0505272546284665,-0.7467805103605869,1.2115595452932375,8.761430267427547,-7.566354122570473,0.5716198589927064,0.5712472863104026,-9.01745642520902,0.6232835321553587,-9.166330062289694,-4.445373672473484,4.131220035780256,64.27892269609578,-9.702727547092447,1.0871031287007422,-0.08370768591903355,-0.3753243881631492,-0.5162230782138335,-0.5759191672670898,0
2022-06-08 16:32:47.975446500,5.7592839867171595,-7.964703951158848,-0.6570907953216998,0.4893576046465791,1.7750553336674213,0.4926721360005885,0,0,1,0,0,0.0,13.492750499101586,43.836559892710895,-5.7112022518822325,3.266090801291167e-05,-0.2859836063623496,0.059684458280842165,-0.24254896410354604,-0.008434758000450049,-0.011183549861582608,0.27383750752478986,0.14482361560170712,-0.1290019732826653,-2.769561796706751,0.19043071717121315,-0.2572465933045011,0.19255352547845456,-0.7172400870467227,2.97370572916665,18.907030188086182,39.265129990624644,-0.34329148666205217,0.02415849527530414,-0.2728777683035756,0.03757689244790054,-0.2434169706043865,0.07783791621173618,0.01855968192114325,-0.06548078569336897,0.005000405276439975,2.0697744642804743,9.302643426416402,0.9657355590690546,0.806391868283228,1.842522364723668,1.1994714112534584,16.39017620506793,8.36173238011108,5.8688604157829225,9.712133780168537,0.049119743691388856,0.05195028172973814,0.10173111682913366,0.08327967975256885,0.056588446038475265,0.1766534482219625,0.09804450548261696,0.15364204334951442,0,0,1,0,0,0,0,0,1,1,0,0,0,0,1.8281762969460509,-2.308974254056764,0.0,26.713079764768466,3.2821543860936515,1.8455713496533,0.6914983122029872,3.266271214217536,-0.8909081670153303,4.1040115735705935,2.086018996118081,5.474421789677014,2.367683331980235,2.286322520695773,4.33586523148087,-2.3928499506956893,26.315960778638363,-11.276824969182826,-13.079012404222764,-10.689329897586408,-7.4576753190989855,-6.1307793525655425,-5.4911174134561955,-5.220466716077566,1.351427327686746,-0.2187477285442529,1.4,-123.74051355676468,-7.3102252806878445,21.679584859412827,-15.863842975598473,6.729718958000598,-6.183448519253278,-6.2699262968028036,2.087490787473259,-15.310967729856149,0.602252267827728,-9.623186232905887,-19.666280517780976,-0.4013048294144568,-95.78484262434591,42.239625938545494,24.34378080747841,18.34118812921104,12.969810492047847,10.71955939735851,9.599437931512092,9.120464317310779,1.5775063427881415,0.16324988872693105,1.4,-15.980223649404273,-1.4603579314221564,2.6000785937947786,-4.992966062890118,2.7549744906299587,-1.3290102729192597,-0.682587028034914,0.9264508063536828,-3.6154551184402166,-2.6610805801002853,-3.2683240749317704,-2.328897051542021,1.7876564077597932,-7.903257652750717,6.3132977880345225,2.0298592988123385,0.6932074565193724,0.49293130511966204,0.35516802311982704,0.2791827839904867,0.2455026192535905,0.5694660832269429,0.3918888484133195,0.1,-32.433667499871156,6.471586804680142,-4.394732070468697,1.2589236001736148,0.7772406986993441,-2.154002025358727,0.895045251215655,-0.6023348653382783,-1.3741932392456548,1.4434329286338112,-0.9275665129872324,-0.5855413196737245,3.235642906803694,-1.6406842316422243,-6.523708840537008,-2.4466310142016603,-0.4245369010947966,-0.3573690878395719,-0.32037498050768565,-0.3005952406626844,-0.2918354665947272,1.117385173771783,-0.25406331848594865,0.0,44.33122596073162,-16.96659312633466,8.256649155948756,-1.97194624322083,-0.4802182826547439,3.835996027453069,-1.9386144429648533,2.3860730615420933,2.796083359670051,-1.0969098879634394,3.2580057699225757,0.8964555410322139,3.510738193747436,14.028290875735,1.7912058973675986,-10.880753522268149,-4.205102831418378,-3.0814128006017287,-2.5483346375083165,-2.2855885073440083,-2.173733368781729,0.6337489342583928,0.3308232378327675,0.1,-46.08734827702722,9.418757890507461,-6.274678813331739,2.128604769110473,1.6030188953329816,-1.8553241322740208,1.4939376634087065,-1.6262081504663914,-0.6718446822899624,3.263325253960521,-1.5076381025731185,0.5243242401180666,3.5922589558631346,-7.462724900755613,-10.203143229178307,-0.09515276618631496,0.25828265871254885,0.09069177511450156,0.07197620513698433,0.06577125239937365,0.06368839673991761,0.05020123326193884,0.028258428636502374,0.0,666.7567504210976,-24.86002098870891,2.683049564003703,-1.8412773099391015,-11.018212578846212,8.191723800281359,0.9895593067904968,-2.6020350679935547,-10.505217213774225,-6.299281759207318,9.258804081778212,11.476340684744324,8.059034194548557,36.586422120086866,-15.80152457124887,1.5436865545858502,-3.7037729858602835,-2.785404974859052,-2.2927512949897846,-2.0448951832950635,-1.9375245619736896,0.0020897399965709032,-0.0011952930611519106,0.0,1756.1186834451403,3.586774533196205,0.027058915967955958,6.753915077832744,9.513662762328948,-4.771166657059254,-0.8624293612513014,1.3415537813846612,2.9435612507241298,3.578095573135478,-2.4168787691453275,-2.003672126126368,0.07098975456484169,-18.532671790443963,-2.169526013573609,3.6520321118111814,2.397450610434696,1.7128536566150745,1.4296092622349548,1.2974967088076392,1.2423422134766824,1.3423106935340277,0.8682901033249406,0.0,79.51607002853963,-35.318073248215704,-8.051616543318236,-2.761135572796164,7.061191342871259,-3.688558532932413,10.878218700279946,3.5260672824403905,1.4516975795285303,6.738386578032862,4.722246502212255,-2.3390261126481877,-12.867158139244854,-25.977298259468277,21.392114684576274,5.306368585590119,10.797485065559382,9.323008589865482,8.524504018277511,8.125252315143024,7.953072161569625,0
2022-06-08 16:32:50.725446500,-1.376229068826083,14.245417590795903,0.526646205525339,-0.5059123107359745,-2.8070166636425964,-1.0239753004566914,0,0,1,0,0,0.0,17.799590154260628,41.61339118370352,-5.945467831557129,0.003873515416179528,-0.2646419901264145,0.07743900356108645,-0.231388554883728,0.04879675555862134,-0.07114586093672863,-0.17920667745455116,-0.26128930435370096,-0.1075448919221646,-2.7208935296898265,0.18492614595355364,-0.2577211251825953,0.1849443357523555,-0.7223971205395087,0.9444119791666498,18.860976968647176,39.98163614989132,0.6525472985906738,0.02405927396224444,-0.27885527026250273,0.026813282886934124,-0.2443192836530193,0.07937423390493653,0.018752854091759485,-0.06506804087819115,0.005753405472717026,2.099154107341604,9.376241937111235,0.952273373262636,0.7996101368517208,1.8524898821085145,1.2001843688872966,9.543914994197435,8.285308551952095,4.133149379201209,6.813736664082347,0.04910275356507389,0.03426470296557565,0.07394507752047605,0.08141421483277275,0.053110742617997496,0.17764691070919722,0.10093129835649252,0.1541079154905154,0,0,1,0,0,0,0,0,1,1,0,0,0,0,1.0994150241804348,0.5741455985612881,1.4,33.33318388655374,1.5370624588500972,-2.1773460141544034,0.26274958710008955,2.5876970347702417,-1.0013661481239209,-6.678740175263879,-5.1389155744294115,-4.730388353376759,-1.9847715266405108,1.9558562907062929,-10.106339949523557,-16.009108056557924,-18.50179376813355,61.736924841044384,2.793186091569648,-2.845934746121606,-0.4859065430562533,-0.11953511298775375,-0.014210940207759482,0.01817217996852638,1.1066249898062352,1.2067160745262382,1.3,-53.09346336611175,-9.908365311323829,-4.805699944224626,11.070620524462765,16.345124954363996,15.606742202341199,8.121078456657463,-0.6124514373096286,-10.8805269726305,-14.642225289616375,-13.307526004085707,-7.710167021245979,18.14703266156934,83.82509460948224,-159.66280853844626,-16.006847836758393,-5.139925839422638,-8.66412544778466,-9.2048820701809,-9.322267814647251,-9.348100725879238,1.734633653224494,0.7806815914297924,1.3,-1.5828601164384437,-5.220662395104225,-4.516888435483702,-6.2457532049258875,0.8234211547743364,1.9125973189461485,2.5691008823593133,1.3861172941968487,-4.595434541312658,1.6357582600912342,-0.6016238239060214,-0.957009552518728,3.805836297192548,6.0159220952333845,-14.082303900305044,-0.7755275880066614,-0.709964029449256,-0.8068427901497452,-0.8271900700444261,-0.826732680413547,-0.8248321425231955,1.0170320764825125,0.25173197949964976,1.3,-20.42241802942003,-7.194838805361876,3.094449175792876,-3.53331570124925,-1.386911042095176,0.9905720690197256,-1.8754800580066255,-1.0599305674421349,-1.6845437987803495,-2.0697791984698792,1.4209390820143302,-0.9522549539745114,1.0051982487068978,3.973824495819996,1.369501758335472,-3.87309094388212,-0.7498858999703594,-0.6338925601636669,-0.5762158652711229,-0.5477590138856601,-0.5358410367346893,1.3853324701369023,0.8385133672686619,0.0,27.56724264912867,3.9843701142740584,-12.183636291152949,1.400074647301519,-1.3868433731490888,-5.375682946934829,1.613834596581367,0.2134898727864436,0.8021135933182619,3.7239381911081453,0.1580800855997273,0.37272113252878025,2.5555511638473822,-11.861919903255847,27.363186123799263,-3.073306969171973,1.4270469700410722,1.6067851338005739,1.688448713008436,1.7151283349533697,1.723988309153362,1.0063147333368114,0.1692453927681554,1.3,-31.58255495214483,-8.768711786767263,5.0541476182099245,-5.156225709192341,-1.8650944684021549,-0.5667572800686471,-3.0851500186728096,-1.4815067033414338,1.2103211642005929,-4.103794395834253,0.4213803056496057,-1.976646535005148,-1.875180430792849,12.667206282916586,-2.330019630510492,-1.9993889993001759,-1.081290587795046,-0.7324306983662872,-0.6424709573195928,-0.6036903983977495,-0.5882075658121589,0.16632413652119973,0.060709866793489366,0.0,638.4741110204608,-35.94180632593073,32.627334075687976,10.258863867898405,2.096963472238293,-0.22415986724730885,7.428186937472559,3.4122761286964263,-0.010480427610531251,3.5684156770677475,-13.753500556758521,-9.309010429127444,-11.404061142527347,-58.06901095194471,70.50583238558042,11.118219715242882,3.9968101813226986,2.651980068695956,2.0645043545753663,1.7646818500997217,1.6349620291315448,0.007258291071337494,0.005482357242526585,0.0,1755.6328947926363,20.96619337090877,-10.86253219495785,-2.0359794368163198,3.4645488392911545,-4.949787119125915,-2.77277615571586,-2.466096863403422,-0.1407100024586896,0.21988985849225884,7.6020800132910145,6.202526425871617,-0.28268405245937345,26.64596237336914,-29.81066181964581,1.150943037616912,0.5680709173611476,0.6224604171988729,0.6892181718744581,0.7271086326632066,0.7442768600422163,1.3266759564640898,-4.152405467454154,1.3,19.369761808806786,20.997894579956373,-3.8845002983281547,-22.758453373336053,5.831311689735122,5.509877533182057,-5.873077096656917,-5.249008435683232,-0.09416025802248562,12.498103545542149,11.802231168907412,20.181425132232754,19.193573541700808,49.59758966436864,-95.44783710787097,-12.952970991886248,-3.411020535390048,-2.071524928827424,-1.3290691736872855,-0.9196283473754648,-0.7363621880975015,0
2022-06-08 16:32:53.475446500,-0.5274525933148106,9.84342900847749,0.8534454490772714,-0.33974210499399715,-2.7018077602349417,-1.016003512128194,0,0,1,0,0,0.0,17.323017644898975,41.76233240639447,-5.322010373536118,0.003033865915485511,-0.26787928785907633,0.07128191001515385,-0.23403143085729256,0.04811720856932653,-0.06094184199292783,-0.1395323153111003,-0.2143124617084508,-0.1232395114378526,-2.474851208188741,0.18670037959866773,-0.2673419679836965,0.14230547112047534,-0.7525531438521276,0.00733849431816483,19.585280359687093,40.220083607177784,0.9752728145836386,0.023841862516310385,-0.28180815903413226,0.025084313469276,-0.2512687114541251,0.08366519308326434,0.01840567115644577,-0.06859390058136049,0.0023351290365208627,2.0868297975265064,9.557937955699837,0.9040089250256492,0.7731071236940041,1.882561952925724,1.177393857458184,0.04383215221529465,6.544719805624412,3.6056791177955625,5.6538041487046735,0.04897514731918329,0.023157824748030714,0.06699385168736903,0.06611335900822732,0.04132677997748123,0.17567359181590195,0.09916646771151308,0.15633691207194053,0,0,1,0,0,0,0,0,1,1,0,0,0,0,1.6491734140039669,0.5755650165258046,0.0,28.78996197222552,-11.343802282411325,2.1196563445087198,3.4546213275426965,2.4942770349493157,-0.3485201188797529,8.244159395048275,0.4285649907606959,-0.8736313824438993,6.462816462622576,4.084381852755117,-5.434279292832862,16.34544006527311,16.14479470745164,3.024989640911538,-1.80272947130152,-4.195311883235124,-1.895771529565148,-1.2573166345774638,-0.9606386156223704,-0.8370463152816356,1.6170757926574275,2.1857196352108423,0.0,99.95043904180001,48.66399767837793,-39.28587327242022,-13.959140452028633,5.6888177425508655,-21.62539119916258,-12.510286964672826,-2.296942037544712,-14.36498526829773,-15.771175224452401,-13.1091069845383,-14.922281504162164,-19.77804982930483,-84.96945909113067,-14.869031694753303,7.023179906738791,9.903767220341749,3.0324383094982306,0.8753412607085611,-0.13943469401598296,-0.5641199762633513,1.8649211026856087,1.4918630730453888,0.0,10.117957085426363,-2.1528837682346085,-0.2545570817715568,-2.1762675422815607,0.010351824528778586,0.8064281831960083,-2.9667982444594463,1.0135245022243378,-3.2930703074632457,-3.4309909562398007,0.2206195090418266,-2.824588026659596,-4.278923329820627,-6.147116594693072,-4.4665037461281445,1.1909836462804309,1.001293675594102,0.20510660411751655,-0.03160697347412067,-0.14217025419056545,-0.18823167310008887,1.7945436413959877,0.3033007212560726,1.4,-11.463439818192091,-7.689748213679656,-3.071005997770533,-2.8478780841811138,-2.3102075604166643,0.2695198454952136,1.2753464075863197,0.44550598877383096,0.8375385771026783,1.305065814881006,-2.133878034566201,-1.9029450138886992,-2.0212569315902016,-4.284180204117779,9.374515619491985,-3.7680299408562816,-0.5436345634248791,-0.5068419017306587,-0.4746742562586758,-0.4610807802147675,-0.4558335055473047,1.6399568821030268,1.3600770374135396,1.3,-19.471860513284046,-3.031454870386472,14.73671746952865,8.126405287869245,0.9334469581617776,4.706113852755493,1.4943567046955897,-2.152403677075741,0.5960889459428096,1.440803776201331,1.713274734272341,2.3406143334279306,3.4872555513379044,16.578983562014052,-1.12457875126822,-2.3149373294614524,1.3160270787620891,1.8337090894127959,1.9634219460861635,2.027072774642043,2.0538123026085318,1.53670655637816,0.14696624052309573,1.4,-22.98771831655757,-12.164797645738973,-4.842383302571812,-3.43277592956977,-3.3651981687855126,0.6590047225672774,0.9574220366589924,-0.13763164237495307,2.9813691600621883,2.151963714589356,-0.9656485704975905,-3.4912720303443896,-0.5889274768720338,-12.913870953726132,14.66480975656647,-1.5134534851064694,-0.6435084006345138,-0.3587834667496268,-0.3214809366639959,-0.31115886627202594,-0.3082054103275886,0.16488358939840472,0.033601388342854234,0.0,650.9811722397243,68.89638344109015,-43.74034673551799,14.97320236649722,10.487344850986792,-10.606436082847726,-7.621073930020945,10.90906126568007,3.0996536387278244,-6.783050588602363,16.679146492051242,3.1857565210267094,4.169016234679224,57.604465951694614,-20.759100265070142,-8.698086235277213,-6.06191268260384,-4.284951356882189,-3.456815396569757,-3.025485310953707,-2.837234242058837,0.0063886620678713845,0.0038585914781650156,0.0,1738.5699657987734,-19.872174121397396,18.25921928767241,-7.616527191694218,-3.5304169283275826,8.915346646609137,3.3001097355599143,-4.608374736130628,2.3704662073676843,1.3663862214624416,-8.341308621417035,2.3336687543049313,-3.9857910412705313,-25.496823720554985,12.133486415702677,6.530655800030296,3.074894787788104,2.3432115667059463,1.9784438990996411,1.7926265893995712,1.7121775029526596,1.2724806012817302,-3.174517752620173,1.4,-101.16718335244215,-3.8195451650467462,20.035717793624343,-3.0303420554076546,4.949841951444263,5.890994528928799,10.179017982619326,-6.3082211507824155,9.547366393089742,-4.609573315308286,-10.820793315646473,6.734694877772832,-8.005495611225736,-48.69700218124729,30.57680068778134,16.21920590596909,13.74188186728424,10.845906402988703,9.650202222468783,9.0355043033853,8.76832033114305,0
2022-06-08 16:32:56.225446500,-1.2567900292882648,8.479837497090234,1.3984123358095406,-0.2155001210285208,-3.1616609687779635,-1.1776797497550344,0,0,1,0,0,0.0,16.895006423231376,41.92081538655179,-4.066672008529694,0.002194216414791495,-0.26985328414264664,0.059220859765827985,-0.22426153260945308,0.0500986609694773,-0.0720574859004514,-0.18548364134652104,-0.2126714253424954,-0.13417701540310473,-2.2461140264633404,0.21435683889205587,-0.2707039785923697,0.07294702456176712,-0.7812478823145674,0.0010072443181648302,20.025855765171748,40.21364169589624,0.8357523691100054,0.023558318281149744,-0.2820058666335973,0.0274296298048773,-0.25539650297634114,0.08551760609817484,0.017556575396949485,-0.07190043964081297,-0.002347044874116098,2.0750074248141037,9.703180005677456,0.8619600428880165,0.7624788957254264,1.9366514591683484,1.1503854541081608,0.009984037333077064,5.282388172211009,3.5505999170630163,5.586214990540911,0.048613199795219365,0.022014516072419776,0.06552498420333445,0.05520260024377522,0.03682423922408084,0.1740961680667006,0.09870482635711053,0.15921308976840834,0,0,1,0,0,0,0,0,1,1,0,0,0,0,0.91929462808688,1.2794489137459653,1.2,9.716685182556311,-7.547384510064018,-3.4976269194210987,-1.1659909781709277,-2.166172530312425,2.600392928191033,-5.165624345821356,-0.4788079169507772,-1.0038994997054969,-4.144856419382794,-1.348676374741815,-7.285908012612425,16.432865840060533,-3.581681052884618,-44.02388115128279,0.4732041688344508,0.09929549334787424,-0.9263697814575892,-0.9862507535075222,-0.9969978894572014,-0.9982795651281616,0.8244170217570718,0.5659082794195854,0.0,219.00494533848166,-50.62081882159021,31.569174401113912,-25.912225531820713,10.8950164657513,-2.3194035104740958,-6.4834180388938085,7.399618757544938,-5.256865526279787,1.742244775847951,-5.18643382697204,-0.1954379009563976,-15.10773478913692,31.515335842232023,85.82254790025699,1.6699089442718655,5.035428352118232,4.014592976308932,3.3747173097695877,3.0598313338865464,2.9251948984695315,0.6575090238701127,0.14766524533326075,0.0,24.57830998751342,4.006472828420641,-1.513876932849763,1.8826794390610893,1.2719315433855545,-1.5619597136946184,1.9150373840223025,1.2694280105748346,-0.03527097255171985,-0.3776378865798135,-2.179571753608057,-1.5913220585781074,-4.435083465638625,-0.05911530744192034,6.029267498715763,0.6133061259156543,0.8399105250236827,0.3306060984736928,0.16861020002407126,0.0976217308771644,0.06889565975400612,1.73993373260733,1.031723198072865,1.3,-8.614627124534639,2.9322231963711816,-1.2118557237780674,1.703953056911654,-0.1987898028025024,0.03793977339796517,-0.4859526516102412,1.1115101207380629,1.935696558239171,-0.8446796863783002,1.722562600736242,0.7600608188573129,0.5820233226620545,4.423412484649741,-1.6829122329760793,-4.954159825011744,-1.574887873497584,-1.137546780457651,-0.9363835528822968,-0.8360513446771359,-0.7930629643515321,0.4620365806045368,0.3123707707150573,0.1,-64.28226433482686,4.33761611760996,-6.173988441606254,4.179769118854438,-2.9670419770208394,1.722913842679855,2.0538839631645702,-2.2195748796494423,0.9458170879132632,-0.4440425785974842,0.21246868195870272,0.098758555197052,2.502747957178812,-7.212993667701098,-17.816396269480492,-0.36810505133445903,0.937822846362692,0.6599182788003829,0.5725326306245344,0.5340469731401135,0.5188228877775533,0.9519598397052242,-18.342923292702636,1.3,-25.741872790674357,1.5154968446164716,-1.1784330248802273,3.4745858705984505,-0.3805739837738682,2.098432731776384,1.4529816271458855,0.6833737352725338,2.4004309666567005,1.755861336295982,4.3636140651290285,0.6862636697623029,4.311357341488907,11.367803614538117,-0.13882642834273096,-4.221824556029875,-1.4585247006770574,-0.8358287629753808,-0.5249019798575356,-0.3716472153733551,-0.3061988756954963,0.07246476612411877,-0.11190382489168474,0.0,639.7287712149063,4.092411977342096,45.5234080488073,-10.686789927765098,2.8897459623190898,5.296860900333847,2.3249212739756047,5.164176077795278,-3.1986632576836915,8.207882463766353,-5.643114524911732,-6.240218009051841,-1.5011734934980419,-35.02664523789993,-25.826408099506462,2.6599027072742416,1.0395449933000585,0.30749665544185056,0.022668965847078226,-0.10983502286749493,-0.1648591772186463,0.0031919963957293736,0.029831048440589782,0.0,1736.5000061919366,-4.540631199249333,-18.060629113249547,1.978390788597494,-3.531049965209036,1.1703186700246562,1.678705367576768,-1.4289067796576518,4.787052671160716,-1.364980309052264,3.3934071208897123,7.175689158565191,4.5327603908448815,16.13113774640606,12.39532313226102,-0.3612534621548704,-0.7017134962120366,-0.13047285965444644,0.09444662556597903,0.19952299817401808,0.24331715165097376,0.8544072256897071,3.6089614192102784,1.4,-155.7143245646256,32.509658453985836,-11.303423535067706,25.625159110728145,11.569730229801642,5.725558516310585,3.593867125178857,1.1671408510503625,17.707871271301855,4.8150811840913095,8.956978320013976,15.284575068643782,2.0942954439869874,35.69162711288743,41.787456927010616,-0.35478384922333017,2.1201614486871936,3.1171957788273086,3.509116979375708,3.703763287446255,3.7867146818984967,0
2022-06-08 16:32:58.975446500,-2.105165763128915,7.299186247922879,1.955479887962185,-0.07258539746055881,-3.6727210948331366,-1.3267874141213472,0,0,1,0,0,0.0,16.308615801304978,42.176013963841584,-2.387145857544448,0.0013545669140974776,-0.27259494719643085,0.04288620736630756,-0.21142150154638206,0.05262561998070945,-0.08831823549868839,-0.2366543403772665,-0.2123985838488184,-0.17640694060118112,-2.0831957741291687,0.2513040002011085,-0.27695970050790664,-0.003037250897462137,-0.8184945787851485,0.0,20.00942438666181,40.20470348589394,0.6409177523158694,0.023154853467961357,-0.2814925227040032,0.029134716859756736,-0.2555005868868226,0.08504080291734188,0.0183804445825948,-0.07633675625788028,-0.007405262977266509,2.032082445980679,9.785440285585919,0.8455781704901637,0.7558433112309159,2.0039343796951714,1.1236770543776626,0.0,5.203079182798131,3.5191030741626936,5.498926406108088,0.04832690501298897,0.02189911596022365,0.06422910090568701,0.05349149763469092,0.0365633112415388,0.17136371128061414,0.09813930240682554,0.16211618307777545,0,0,1,0,0,0,0,0,1,1,0,0,0,0,2.14867803586085,5.022202200206241,1.5,-22.244294214305114,2.1321723411613727,-0.2981258840701901,-2.5498908723235783,-3.1510130652512403,-1.7146998990628732,0.7304248735615175,2.3023447944926403,1.4274671034380433,-2.069720713787274,-6.618273816635005,-9.564704069756,-8.540700533901672,-2.7803677809651943,6.516166561704139,17.2475705668835,13.433461136414188,9.519747515420582,8.154789618823923,7.499871453173027,7.221937986292446,0.4345590116186631,-2.169644141008113,0.0,313.13876291512247,-60.13676830944362,-40.39628593617599,-16.716125637123096,1.967968855705454,10.21838295098151,8.354532315101759,1.549327229241042,-3.6068828407185047,-3.070712095526273,2.4049721051885298,7.962639087249577,7.801976491301875,-1.0915957429346437,-17.033509734936324,-33.79970950389664,-22.578554477613263,-16.566972162249805,-14.548680455450661,-13.566972699130137,-13.148343531534723,0.17473697796786092,-0.6438220010102113,0.0,40.94247354383484,1.8971887140450976,1.9016064566738617,1.6899593585233683,1.1232656343843854,0.2554685946492201,-0.6404103388905993,-1.1943131957790794,-1.149742485880362,-0.5411564933029948,0.2759920762407451,0.7796961618340329,0.5521569119163521,-0.4750967156960468,-1.940284766819276,-2.9819004660108788,-1.871358426200816,-1.6108172631680326,-1.506118518025545,-1.4465274948739957,-1.4195322451811423,1.1002887170564055,0.8707484566463358,0.1,-10.359080019184466,2.856301451152202,1.7627704992191555,0.505358136496896,-0.3714964239378191,-0.5486102942584978,-0.08239926205015212,0.6402050512967059,1.1134646564470454,0.9765949354821074,0.19187049316180027,-0.9505440889126712,-1.9944281312045,-2.5532225027194717,-2.4918789207972583,-1.7824789952397144,-0.4257844375141144,-0.25935090630733393,-0.22824913652038806,-0.2174359609273796,-0.21362398212237388,0.2219925824601081,-1.315987925139676,0.1,-101.40343186985106,10.981769884868365,7.3176744284160815,2.9347632807122848,-0.4894556966400607,-1.9230101897357732,-1.408350452166366,0.09253298874048443,1.3265905336285695,1.4874600034112981,0.6496272571735062,-0.33271040785501205,-0.3863085364784431,1.1007195225642898,3.9218594839007013,7.292078798819972,5.952072839565027,4.605281715041719,4.109871019879448,3.8714701317491467,3.77062190521644,0.3067293595208567,0.4263290746326962,0.1,-38.99665229752677,3.982915355459735,2.15979642763986,0.04974408864500157,-1.4566854916338334,-1.8425806804511569,-1.2050186989245657,-0.16933761066970046,0.4687552289871233,0.17660080134691114,-1.0375073253552696,-2.6427749596282126,-3.878326810009997,-4.15053924233824,-3.305715463238224,-1.4656339752544107,-0.1901884150418951,-0.1506196801220825,-0.12647817535692907,-0.11738177985885785,-0.11437362055264474,0.05710964829225064,-0.007383893992571483,0.0,664.7004127797037,-41.17691317979228,-30.23573317701869,-16.708735439351347,-5.392539105213473,0.3826423480027827,0.062079907250293324,-4.195169435859253,-8.828247324773306,-10.708963135875669,-8.56303386134515,-3.321040847857436,2.665147928753793,7.033241080968687,8.735782147850728,8.633945169839407,3.7632740310534594,1.155751334135843,0.2234541875720133,-0.20292559218590345,-0.3785666164929848,0.0017523520022907375,0.0007411890305796768,0.0,1728.853436725972,14.948330735734089,10.329930486752176,4.671459944200934,0.055785555959602114,-2.0635468724153867,-1.4380663018686874,0.9860872143548248,3.6214082326270183,5.031392343708525,4.5639163489347245,2.5379652489956044,-0.058127086816202926,-2.1570517158866953,-3.2075635205361546,-3.6482719742067284,-1.981027520186984,-0.6693773562906884,-0.19451173279109926,0.01708891118637723,0.10279694824372497,0.4031278452243373,0.2840467197950114,0.1,-176.6855003786601,30.62801717996398,22.357774688014914,11.905954796384954,2.8205169107857837,-2.169681857103756,-2.1651337170057907,1.7049867298709334,6.9236331544740315,10.729604106899211,11.238245102360832,8.075178170139367,2.3191678026462204,-4.140798463843492,-9.58983479211212,-13.60365666441917,-9.144088289128334,-5.6243663970282425,-4.286933799046592,-3.658258135066828,-3.3960197281654216,0
2022-06-08 16:33:01.725446500,-2.9864420233010898,5.841954678747253,2.5555602752789124,0.08717969626211237,-4.153184541517084,-1.4265457600352085,0,0,1,0,0,0.0,22.517607376356406,39.74079829240292,1.9839001414487785,0.0005149174134034602,-0.2745772986772292,0.02710745610494156,-0.2464915110385616,0.11475872443469395,-0.12580349224045778,-0.2965470777169952,-0.2022472081257648,-0.2907489443295618,-2.142726361084473,0.279296468574117,-0.2791762015889171,-0.07006444366086435,-0.8763652629452967,0.0,20.05072990516883,40.16136009239292,0.43174815801734057,0.023166329939570726,-0.2809340549430961,0.031143325965624018,-0.2558156298985042,0.08458706679221692,0.020890309349669626,-0.08401716929383864,-0.010509943046072398,2.0075159724115803,9.720856843078051,0.8904911642559926,0.7540453557080359,2.0842333099415393,1.0872715148571257,0.0,5.1811842083616755,3.495698446898201,5.317943895082332,0.04832155705351447,0.021741677210267527,0.06262474548523354,0.05295566717740601,0.03653328868524797,0.16856085863221984,0.09955375137718517,0.1646529626303533,0,0,1,0,0,0,0,0,1,1,0,0,0,0,0.23497088248527215,-4.404798345425138,1.6,-60.04717818010464,2.15582788661872,2.154177573338754,2.1513371565624126,2.147161989536264,2.1414282406351903,2.1338071906179907,2.1238249764679398,2.1108009297698325,2.0937563852011136,2.0712947380110744,2.041522562315476,2.002509667072232,1.95683183205583,1.95500153057393,2.6725151900777417,3.887079282184822,3.2616616699698957,3.0032174143217545,2.892086425143257,2.8476093182212363,0.0007487870845251503,0.026541191341202516,0.0,340.9778899159841,0.6207645321667954,0.6206172870968629,0.6203403052849517,0.6198782273470798,0.6191345577591818,0.6179440404192356,0.616019273165044,0.612843434656769,0.6074418445355709,0.5978570765860702,0.5798181143197327,0.5428956346218996,0.4572265481006932,0.2156900845456775,-0.528656600853914,0.1379292854752734,0.5607128358673608,0.5941550446629851,0.5933816521431109,0.5912807877223933,0.0660118489900111,-0.6654342100382946,0.0,61.91184955786841,-1.2054076791686628,-1.2047981909339596,-1.2037469245351442,-1.2021963123100292,-1.2000559988180006,-1.1971904194686602,-1.1933978720822511,-1.1883745466512194,-1.1816499690543487,-1.1724632904016985,-1.159502459665848,-1.1402688039701896,-1.1091360642224188,-1.0494382842261598,-0.9349957887393436,-1.2087192551497616,-1.319000859654619,-1.3360580455145654,-1.3389757489285423,-1.339127448567919,0.21208659185132475,0.4502595881218855,1.8,-8.003156736710869,-0.28669879013749755,-0.2869099427763643,-0.2872763595700805,-0.2878219820755622,-0.28858533929440866,-0.2896262786289029,-0.29103801655432315,-0.2929694847493833,-0.29566929546760706,-0.2995796239691154,-0.3055599401316946,-0.3155058544621312,-0.33445073135121234,-0.37973898751216506,-0.4985925820275441,-0.3249568750620138,-0.24154676988452656,-0.2345599279008015,-0.23534609169832155,-0.23630914308390266,0.016444291487102827,-0.2333809228121741,1.5,-133.43595569320343,1.052692831814646,1.0530663930641069,1.0537197820276845,1.0547046270616605,1.0561058162564922,1.0580589635037496,1.060782677187991,1.0646405483313952,1.0702678080452706,1.0788526110522998,1.0928340408949246,1.1179202969866813,1.1703802398383854,1.3136984509558465,1.84983950741152,1.6608192786382414,1.247556293582751,1.1458657171282312,1.1103822371225407,1.0976858094431112,0.008763910993120709,-0.1504820646838603,2.0,-49.646170017563364,0.3139827206877275,0.3139479969997101,0.3138884773795514,0.31380153930629273,0.313683180936029,0.3135276204623607,0.3133266427385453,0.3130684720447909,0.3127355559178477,0.31229916845379346,0.3117021773741404,0.3107863358792481,0.3088896260106944,0.3018847359650284,0.2610873508447831,0.2785729872708904,0.3215705827040705,0.3301517306489912,0.3316680822760224,0.33182470760871674,0.040248551173748516,-0.058866024865808685,0.0,736.5150023669219,33.30786312149161,15.432507204703716,3.3995019292516986,1.6064537965484718,1.385471353040657,-4.7407594157988635,-12.055222955645304,-10.846669548018406,-1.6121468681830784,3.302699831763043,-4.819255008932871,-18.49531501885004,-21.76083015647636,-9.319716532207499,6.905231123199215,5.065700309067734,3.0321774022593804,2.3034158078952824,1.9478949175424332,1.7965410618248696,0.0033200841843479428,0.009808800501186429,0.0,1701.2142785276435,-12.3970218478932,-6.665067534846769,-4.018261812588548,-4.726304124211595,-3.6344134197503593,1.989384591129124,7.737641679414253,7.505224476518606,2.1830996176851585,-0.4367940638428181,4.618163331201046,12.441460103495588,13.491705637993455,5.081662477717181,-5.3031875147540495,-4.584347231770458,-3.2024450191166736,-2.6584647367338867,-2.3889394617134485,-2.2737283349541157,0.5404721328872996,0.4876007421858396,0.1,-136.18846253549435,16.896421135783346,6.334821663873125,-5.4208780164719,-12.080154340556547,-10.687664736691822,-4.758889864603262,-1.6958097316893117,-5.437804492286558,-11.742155835729443,-12.126805234904307,-3.170981868871373,8.918096830169448,13.955115310781624,7.585469434324173,-6.61485767725001,-11.3380461123268,-9.653439255415133,-9.148787725052367,-8.928250072800259,-8.837891691803701,0
2022-06-08 16:33:04.475446500,3.9077075083534716,-7.026789079619138,-0.8519987668934812,0.26724849550821483,-4.243825121374883,-1.3353720824689752,0,0,1,0,0,0.0,22.153138183972143,40.00785934591687,-1.2890272091982795,0.00020231663711950558,-0.2773526824044442,0.05949091987943149,-0.3072868435774635,0.11420797295962995,-0.02428380592768561,0.0833933748118413,-0.13414896704446172,-0.3789662386529339,-2.2020891900597896,0.2959415325740906,-0.2583805005088399,-0.16152412500120336,-0.9339514182583708,0.0,20.05412438838182,40.19899833656834,0.4567008648717529,0.023169699127387613,-0.2811135951733251,0.03094116193242832,-0.25571292945614865,0.08474615084856868,0.021494525473096982,-0.0903571450882717,-0.012855048254986977,1.8831720592127497,9.705887150861267,0.9105505558941624,0.7522490435656214,2.183696816938161,1.054655745377762,0.0,5.167504860010268,3.4596617833602816,5.262755510774461,0.04831997015080517,0.021428374256806944,0.06194670984770681,0.05287817027136075,0.03669033776520398,0.1682703051206089,0.09477314053922613,0.16642012282005786,0,0,1,0,0,0,0,0,1,1,0,0,0,0,1.1833940280485524,0.7987508348073863,0.1,-63.0494060482525,28.056417620867148,10.572143147519153,-3.5559674176071816,-6.085746042292224,0.13679804550618346,5.521655034291476,3.865528944803457,-1.9845866369739775,-4.159326114745232,1.2479318453682648,9.701492570160834,12.687189215890525,6.267034489253144,-5.123898192766244,-12.64056158663665,-7.544625011108074,-5.634526088675827,-4.877880079692777,-4.490314219581864,-4.321784184880287,0.5611329940587342,0.4932400695206129,0.0,247.51069571283324,-38.286238325846895,-7.662097656948411,16.065063985500416,18.17535017152359,4.508113254810098,-6.662896693329213,-3.639217265262335,7.835559138502089,11.949498842396785,0.11357835153314964,-19.52220486231636,-29.501523895310804,-19.48135383669456,4.824681162257691,28.203958431885948,24.1305609740326,19.247334483713125,17.28864794942143,16.29002070558814,15.856208570484572,0.6332552262116413,0.3058686821949457,0.0,62.73403961704557,-19.016788348406656,-6.897780933613526,3.2531874449660934,5.6637617569824945,1.800438171677378,-2.170683724040262,-1.8346091520711825,1.5680055654239258,3.2773928764096008,0.5045521440929397,-4.5307768960566825,-6.945497750922495,-4.212810764132469,1.4199098813424156,5.117189598222463,3.1792624959120888,2.571388947453547,2.3249226934008016,2.196613349287425,2.140554824788977,1.4770454077534636,0.8338827469972285,2.0,-2.0163207126039877,-0.2300069610952317,-0.23045424438612425,-0.23122792005702,-0.23237416927370466,-0.2339663785380737,-0.2361165774767875,-0.2389953556569491,-0.2428675713902212,-0.2481599168005215,-0.25559912021985604,-0.26652742337588103,-0.2837476874301555,-0.31441906479053666,-0.3844352665493359,-0.6102965925387325,-0.4928452491725897,-0.3024394594698047,-0.2505804483326325,-0.2313010660579837,-0.22423435834602934,0.0096252108565971,-0.12575587852654507,0.1,-153.97506542940138,1.192342881892035,1.192184492302001,1.1919103512531546,1.1915038294816505,1.190938525138158,1.1901742265696809,1.1891500109365278,1.1877722471993657,1.185893035886297,1.1832697441510618,1.179484766378522,1.1737677366218144,1.1643598341830348,1.1405786650829484,0.8707811321174317,0.08354711039477891,0.2649336054924327,0.4076617520960997,0.4878320887230818,0.5239046507887604,0.011861711617035886,-0.0676052505835002,0.1,-55.7246812052775,0.4982534807424006,0.4971458298919842,0.4952285921858204,0.4923850512076076,0.4884292503594541,0.4830763096247601,0.4758904717695045,0.4661914052582401,0.4528758183213149,0.4340504685477031,0.4061909307283851,0.3618844667766989,0.2820694399340557,0.0960145232752907,-0.5791572885439598,-0.5685536111549461,-0.02333899355410196,0.1576474195453521,0.2347031852384227,0.2653839304805671,0.0492734188538966,-0.06310960002594833,0.0,784.965034961345,9.417901235766324,-22.87595809692158,-0.11038235210072857,-8.421213065109129,-13.796525624353812,9.459940501477648,0.5928612351138369,0.9860566009916808,3.156551055004183,1.8850703855243225,12.869140746912215,11.615871472848651,31.871582076647787,-34.32361721372325,-12.381832314362654,-7.182728835896394,-5.682979381204053,-4.983016815302708,-4.611615091193752,-4.448021909010818,0.005888140027644896,0.00989341068554668,0.0,1686.6583847855645,-2.5686563307598083,7.810398469863004,0.2840657818267118,3.2348606936709814,12.349504886591776,-8.361089753206786,-2.082627051827956,2.413250272672272,-1.5571597621107571,-2.5037951355656745,-7.558555167143218,-10.924735909205127,-21.529713168018798,23.866212315361533,8.068378823162789,3.277169281482486,2.4549620615788257,2.0762512368343313,1.8765044794051102,1.7887801240794508,1.7150326642593503,0.3830552953997236,1.5,-48.3812470526097,-1.5253219574307373,-16.24905015346722,8.04920321986812,-9.920978200914336,-0.5841618421155159,-8.38065021346817,-0.14575526976220046,-10.080460226253043,-5.181283738870354,-10.863503557761774,-12.518838904942866,-12.62648789389744,-45.90168973131215,13.765767004126158,16.626369645515638,5.1473566353595235,3.8901648439543006,3.0027309653339183,2.5276137206782567,2.3178625645391127,0
2022-06-08 16:33:07.225446500,-3.294671668220942,11.087445731756285,1.3036965156584377,0.5288862339923504,-2.3164201459820304,0.4358042843619661,0,0,1,0,0,0.0,10.503795169647764,44.92719002567621,8.729843312205697,0.00036172919421316815,-0.2940846516387809,-0.0763480123656829,-0.11568539601502326,0.03969374755147968,-0.2597210703223286,-0.20318039090828965,-0.11861558764537833,-0.373744631929114,-2.1912270796475384,0.3032914310322934,-0.2476518210289685,-0.18470356488279785,-0.9445385486154042,0.0,19.785975866368872,40.371673951556346,0.4630506845540056,0.022924239749799458,-0.28167249562386143,0.029842427037032108,-0.253890614682906,0.0826992700693546,0.021710551463096268,-0.0903937949177662,-0.013209277514234584,1.934913980399961,9.774750552330211,0.9058036392592708,0.7470592196422264,2.211904452335538,1.0474699672785577,0.0,5.092592475817157,3.3512991520121203,5.23644385080733,0.04818077701315904,0.02104197500839145,0.06163918161540055,0.05315317821057665,0.03563143028347149,0.16818927571861536,0.09844277750182936,0.16735667204578014,0,0,1,0,0,0,0,0,1,1,0,0,0,0,1.474216872190305,-0.11541308264948218,1.4,-44.07245219275879,10.650882738579401,-9.918355980017148,1.981975955466712,-9.630475180602721,1.0282942850992491,-8.26103887839318,1.9297175457580469,-8.964455914959943,0.4010076366998319,-12.897597193631954,-4.155218489533377,-14.285471875093384,-1.972756779625982,37.67054701595114,3.5159284183374964,1.4308251041176274,0.24642757476601496,-0.2849960363344457,-0.5547596867165601,-0.6714299081034676,1.2725997548736347,0.01587543845979729,0.0,148.34913388146038,9.895187249465724,19.48620307207501,3.4283696042264644,23.58594158317424,1.8855372751403152,23.62821728634157,3.860313770619108,23.81612890181268,2.3668680740525607,27.894630097484967,7.482901302624269,37.48815295616771,27.255228784873395,-90.98559779635416,-22.77731078455307,-4.9434974909975145,-1.5685228198951435,0.16158165664841204,1.0343866892034628,1.4107447363161656,0.6726823094312172,0.08657413994476983,0.0,51.79641899073835,-4.781963602482515,5.956284333623757,-4.95121935686902,5.185016144618902,-2.71586472742643,4.590377824105786,-1.5393621107963265,4.221261551566618,-1.5113887479510557,4.6357191683922165,-1.5408741921252118,4.806210520869866,7.617650472746183,-11.776562587532494,-0.6634838230324025,-0.6754725974015905,-0.04430010457850386,0.179496230998915,0.28692748908445803,0.3325047613326031,2.341967061503849,2.2992474546915687,1.2,1.2249093213853148,-2.2230449358112634,-0.7048257862859033,0.4656993468203296,0.6175989034409654,0.1431148529122539,-0.09948528522090233,0.1428987500157373,0.3364061677639693,0.13378822684115838,0.08473845046437407,0.8555148454759334,1.9195521052157023,1.8048689897495336,-0.02041685482751704,-2.110876873163292,-1.5813487113103741,-1.14905781822228,-0.9822747411131464,-0.901834102898638,-0.8678217685939086,0.3996407501652203,0.1069415920208259,0.1,-129.80107448408822,30.16815914328446,0.3988396080120573,-13.152339201634225,-5.396073828912087,3.3855131448384683,-0.3917313334392887,-7.733901159470397,-6.2856753991134156,-0.3783233427014352,-1.5840387381218353,-8.357396156252243,-8.408237858004265,1.217168606732116,9.077762632335077,5.841809650078025,0.4642689441401675,-0.2549453856349313,-0.6240223409574668,-0.8099570952565873,-0.8898597898654853,0.44273389911452976,0.32896502290955504,0.1,-47.705556323676596,9.914810060428081,0.7738456333832531,-3.5254179983427183,-1.4871522515403908,1.0340799873742927,0.3976783932516397,-0.9646771098019395,-0.5037528667169004,0.08280996780899841,-0.9771984477379684,-1.2476354721669225,1.857939495467091,5.275871983024402,3.5121051203596205,-3.071723497344855,-3.409019359670176,-2.5915188480248226,-2.3260640992226898,-2.1984269891265638,-2.144366660774836,0.1287210739116062,0.08310816614893901,0.0,761.4686541272879,-88.10805764531807,15.690112758977337,8.312727842514947,-5.702069481951824,12.685843098520177,-17.83633270802101,5.163004722484793,8.642581008980214,-3.969857786334512,-12.38653188670169,5.8025061134306135,-0.1084410842718544,-32.792595184710656,48.607662531794396,5.002549559090152,5.0916171387744695,4.491706015535593,3.953153917334548,3.645741296769041,3.5067263892867087,0.009541704100266864,-0.017988489461896767,0.0,1701.6576933235126,33.394042090376075,-5.759047768857273,-3.129639793166632,3.9930048216575074,-11.170227363213314,14.114667945478828,-5.992960272848692,-2.962362581007873,-0.8493901881652022,6.767142191547022,-4.6507157533644525,-4.727227303775153,21.763036713501698,-27.351356589439767,1.5690783788844982,-2.0972326340187024,-2.0651363367350517,-1.9272248627037527,-1.841579085591846,-1.8016808354283496,1.5295222440514864,1.810623456221559,1.3,22.583984667886227,-34.71000057966861,12.450790183544042,10.908134675494855,-6.366605887396053,-3.9689164520031097,2.1241678649200715,0.846729044320925,-8.175123481159428,5.235249944224502,14.40879671644318,-1.6718936942516083,-2.2884780800284883,41.879369866605565,-73.19314531540036,-10.050807523520565,-9.289363879014822,-7.690399759232116,-6.7340591847718,-6.230300929067588,-6.008948173940044,0
2022-06-08 16:33:09.975446500,-1.70034229386088,-19.01564549561999,5.620864458136796,-0.6777366271642187,1.1188179810779364,1.0658947070460756,0,0,1,0,0,0.0,19.118806598214487,42.084085006215226,1.615382535875034,0.0005872699252837345,-0.29510627097813164,0.00702194783510162,-0.22376204813089148,0.040150631591386016,-0.08364285369951206,-0.14489958317030704,0.17625415669778513,-0.3908437107856605,-2.247038367180768,0.3352080822173728,-0.2511555634732449,-0.180994684377059,-0.946154629346424,0.0,19.63304269870897,40.44841342118118,0.41823163160533344,0.02292505111536521,-0.2818299423312935,0.029628687106965926,-0.2527569995468688,0.08127225478024078,0.02238495100783168,-0.09148766134330803,-0.01277345002976283,1.8303053552810291,9.879280472932294,0.946757792148216,0.7463712083199461,2.223131271871397,1.048771643988206,0.0,5.105053098498269,3.328211592070276,5.203415568438196,0.04818030496944471,0.020837748570972276,0.061368821863590835,0.0532159129428308,0.03552118563843005,0.16768714251512254,0.09511937917241517,0.16817678015704565,0,0,1,0,0,0,0,0,1,1,0,0,0,0,1.751144687788041,0.221414524844037,1.0,-18.359871874612644,-33.54162927551065,-3.4431786534101487,1.589934580402378,-8.627652489533089,-7.243402152289042,1.2881241576211462,6.222777198043369,-0.9247971216652092,1.2068735775031478,15.203130374385164,7.322390209867533,-0.2906124448992297,-14.313225567520284,-17.518559553768007,4.753156480825528,1.828935821181308,0.4577037786234328,0.1528448453282808,0.038035637741526296,-0.004805901144297743,1.700761949491274,1.473887123895475,1.4,24.548253302978054,31.34648461210745,-24.82912499257916,-40.782461484680866,-8.58281702109176,5.001515013752723,-7.368526357189561,-7.806893876348343,1.4927811587157125,4.8654285985733345,-7.4957623139588465,7.351063594357255,40.03200379336368,40.77484241672711,91.33820870509884,-13.32923637809952,2.074934962966685,5.8985118493363835,6.975864816185749,7.449495933363688,7.638082912538637,1.2037754872043194,-0.3736269270201961,0.0,45.317505356756705,29.157551655166106,8.795912641713908,2.5201161270132157,8.238728043640087,7.0654192143570205,-0.7928459640138183,-3.5056661144805106,-1.4047239137016552,-1.4760799487781802,-6.760885566495168,-7.247076258636912,2.1401860279649845,-7.610683874714597,5.157023032523954,-2.9513929296205066,-2.266070620638604,-1.487269425041888,-1.3225427565370933,-1.2627790469064677,-1.2408665963023957,1.165910405117678,153.1192432465227,1.4,1.2962720992100103,-2.1950731241523966,-0.7418384137190368,-1.2063012191271063,0.009481419867335415,-0.7145732432359609,0.12128863208465596,0.0554699977195604,-0.10549256042356037,-0.414335934852524,-0.20173946707994286,0.08190014400979663,-1.1645176117418057,-1.8556128400220249,5.7990574715684495,0.24149122037263715,0.08908908608892863,0.21521121523650588,0.2376211641003457,0.2422086323495959,0.24313369748048835,0.3243841264901169,0.3807958226685253,1.5,-89.09787559466169,0.8643763404576186,-0.2835543832344598,-2.4154555693976043,-0.1843539650498336,-2.282319802993896,1.0631522386170975,-1.2265879355569205,1.5211107142326672,-0.5148657756419217,2.7356702304141725,-3.2862387969381377,3.821221250404061,-14.007895068063865,-16.159337068875047,4.376845982892633,-1.1809548806339691,-1.6061123858927076,-1.7706596999438402,-1.8379352127089883,-1.8638436526788933,0.7799900017449364,0.5104517131843753,1.4,-33.0823006360697,2.0761215393316834,1.2277893834357338,1.6962795601589051,1.7339076841255248,1.0689318808623345,0.7115846546679985,0.1828941581961196,-0.9399432236791171,-2.183025960450478,-0.4202057081084358,-4.6158623890455726,-4.382621712396663,-12.008604818480318,7.273726957952538,0.9834355541897296,-0.861714748706996,-0.9143222415664759,-0.9531452589719592,-0.9764792796819182,-0.9871207816612309,0.05228657103573423,0.14291710408739625,0.0,746.5007447485298,11.955525010140759,-17.827598426373356,-5.856033301041997,-8.8740987711735,-4.660645435219742,18.290473805161085,17.365039923378568,24.48487257205459,13.085920343120927,17.843330276888402,19.368981733332912,8.069156213363982,23.25963229686125,-1.5089798443363698,-10.888982572753434,-0.9369547124891326,1.5415110299698682,2.541154101297828,3.003220872044384,3.193995045025628,0.0053091088131525825,-0.05676290399277294,0.0,1715.5661840952414,-5.501127893704506,5.227170682888044,1.874516186790487,8.237329538518352,2.005695285352928,-13.413066969367096,-9.280380564997586,-12.121278528862431,-4.438541765162392,-10.102535715014248,-9.759837646826846,1.0112871772758467,-20.70852169438831,-12.814319793863524,7.822037517648057,-0.4718485472173484,-1.6761729653666109,-2.1816848618652718,-2.414084465007395,-2.509518759792998,1.4585947037870741,2.0658320298666983,0.0,78.6084316074554,0.5859045558835803,-8.02542402063329,-1.9215395982429389,-10.71279604980861,-7.517145580472037,-6.3723370746205665,-12.499349207993408,-15.271939722328556,-14.61202675533317,-13.19000336171884,-17.401126445349348,-15.152604276260707,-27.865583705064967,28.575552371090456,1.0302535369294956,-3.7945619210691834,-5.654433816999228,-6.324434828866848,-6.642540545601878,-6.775538198467923,0
2022-06-08 16:33:12.725446500,-0.9313455085463448,-5.3284092657821445,1.9266448990649163,-1.0181326678783031,-0.08118516650640215,-0.7363562004596256,0,0,1,0,0,0.0,12.76352888452573,44.620305458941715,6.8506951984744875,0.0010000549619327706,-0.30752744654419445,-0.053418847496592696,-0.19884425768763225,0.06883401987853542,0.06901622979802632,-0.13200435922783993,-0.01098046368234015,-0.3923704926087792,-2.2132133230801343,0.3722225008029765,-0.2463679374141868,-0.21829806467304008,-0.8807236760145731,0.0,19.371832648523558,40.58283045357374,0.4943064865204494,0.019953856185518256,-0.2820967383701202,0.0279307638757188,-0.2496834987791013,0.07916712597368472,0.015658701338160042,-0.08994110963682424,-0.013576572316884195,1.8383272750550823,9.895607039577493,1.0042762789984057,0.7428676831303316,2.2019001464368766,1.023431912465221,0.0,5.161245774813313,3.364065304987735,5.277601000312806,0.0453453525295266,0.02106102657527449,0.06242697433812056,0.052709438565480035,0.03463665955364613,0.1630188288368793,0.09517318868417088,0.16817693350175086,0,0,1,0,0,0,0,0,1,1,0,0,0,0,1.3272836172390006,1.626331202511078,1.3,12.774456403726635,-3.22087419576258,8.446472130571308,-7.738900693496794,-7.373979878989522,3.1171129672581506,-5.099126596168981,-6.551945785817287,-0.02453450042522753,-4.42611234764593,-2.191135363297564,8.810022282891824,-1.3099108168893814,15.767561695267005,-46.42895609593885,5.06241976927647,-2.7004489656407173,-4.476815176558127,-4.941654622498036,-5.107290100010558,-5.164644937825312,1.21769735474478,3.0616054114647646,1.4,-106.08767994769148,-4.817878331656232,59.975726962701856,-14.375289583336684,-33.021825599352155,9.745082664928784,2.6319362078549493,-11.788915586336902,-4.472570608272788,18.204157899958005,-20.944977365459106,-2.4251260911464527,27.21688642524098,-10.955838248143266,157.77693487162216,-2.3468897866565506,2.9706935779579347,3.3536235779115326,3.328315382456545,3.2444411865025247,3.19353084563968,1.448072877744344,0.6280344378655596,0.0,39.38480109873952,-0.5540197584916753,-19.725490317609232,11.032272243576598,12.7655575506652,-1.2641159868685796,4.453215912308327,4.6388940454381435,-5.5887064616949305,-1.2670011087139663,1.0626436669059374,-4.632119211558488,1.7472355791790777,7.526892567322558,11.712143210681429,-4.39555002290969,0.8561169499168875,2.2887291399245258,2.684063230121941,2.8309069230256174,2.884321514705837,1.1963298463596037,-5.6377613138613,1.3,-7.307682878498943,-3.4096776907715083,0.6781352480593361,-0.37957193568866937,0.1602734337794559,1.0010325746415627,0.34178784654692,0.4059068770793543,0.017309786898032753,1.0807283369538443,0.6133395050436671,0.3249353308193461,-0.7498363708828348,2.69678039297034,-0.7752356055359799,0.5197970591194515,0.5775329701470459,0.6101952473365242,0.5947330574645184,0.5871776241655076,0.5839907175593332,1.4891529580707712,0.4199845765105037,1.3,-41.601984832039506,-30.48360842361226,-8.114806142320116,6.300036017541872,3.614973776966285,-6.4120667416864485,-9.039343198039006,1.5254287347275086,3.603648029075978,-5.8713402315847985,-5.0734431204870125,-1.4396351078329561,-2.7141290871363197,8.517076448854294,-19.121201769148094,4.012518097056834,-1.1663180946889558,-1.725511485384394,-1.863142861529166,-1.9215726631433896,-1.9444758002079991,1.860856975342453,0.29915930978573285,1.3,-16.270754126242494,-11.447127028806365,-7.920915326229428,1.5142881912515809,3.4317671691543947,-4.01315205535367,-2.150251002202628,2.644098449892253,-1.7974151998837689,-0.3835507574569128,1.4748890676884248,-2.7799860741377245,-3.609715491057068,10.73578645796353,-10.838744789253557,1.0277563330111197,-0.249768358171651,-0.3456277930422045,-0.3288242987082861,-0.32155605006573673,-0.3185948069809175,0.08472992775842006,-0.04581415916724905,0.0,660.0759453993419,38.70930081637288,15.076931294285188,4.644444207020435,9.734264758332317,4.163694754989585,-22.96961169982265,-5.883316816057018,21.63109876660286,7.930427996883197,2.1131527660818143,7.0650573564114785,4.9556029516935025,32.256669708233915,-7.837223126540866,-21.05912942719363,-10.872597203833504,-8.236955629222503,-7.044735723752858,-6.428708282621407,-6.160536023922219,0.003896852283956265,0.030140445683692133,0.0,1755.2834043120727,-16.514565849193843,-5.1087402166966465,-3.821703929513319,-1.7972620477040095,-3.3302857730591318,8.50034163058217,6.157521632760464,-10.629832568461977,-5.484848035907318,-1.2441566828607833,-2.5647553196191306,0.17989364927414184,-8.617199402206722,5.472855932265453,14.524407182303788,7.062645820614578,5.79268432472366,5.14901476069895,4.802271971829839,4.648612638952546,0.9277799818460164,0.4906528743853113,0.0,111.19588269387005,13.949046791113437,2.9287467421720885,13.962005982806895,2.7258229512450143,-2.4462966553003707,4.663832373078677,10.377112809016069,3.1832557103871,-2.3660878781982086,-9.273124786471119,-3.95716751780814,-1.5429739960389028,-30.201126895145133,40.66811165497556,10.622527600378664,8.631354588660063,7.420235330260347,6.782754977304112,6.456888287759213,6.315013411273361,0
2022-06-08 16:33:15.475446500,-0.3530771459794469,-6.877252298927424,1.4064842329229812,-0.3072890399019533,0.4070986922676987,-0.6822794829371652,0,0,1,0,0,0.0,12.315327703738554,44.82657606834247,5.277738092771208,0.0026743124425362506,-0.30611155413038993,-0.041360734918553584,-0.19542194415017267,0.045736789241821986,0.041326316674041484,-0.08321797790567605,0.05756704444664273,-0.3684297966098061,-2.1478436857022367,0.3610117035642011,-0.2357407424911272,-0.2477725008009441,-0.8406778920259707,0.0,19.23661677468901,40.67001519755754,0.5706210304481235,0.016981244786047057,-0.28234826324087003,0.026726298643182784,-0.2481050922923283,0.07818696635593707,0.011072793083756636,-0.08740416250753145,-0.014317341844168925,1.9672892453422257,9.930429339780275,1.1068976252132756,0.7418020645084461,2.191867428363116,1.0060574685716663,0.0,5.1493155606218375,3.3762092395179177,5.325362876496878,0.042138538741069216,0.021266006591357498,0.06299707541897823,0.05272379179478245,0.034230493657465555,0.16118714744883753,0.10095614773596998,0.16847765518906965,0,0,1,0,0,0,0,0,1,1,0,0,0,0,1.8890381616562832,1.9901828209141248,1.5,14.780736862713221,14.095722427310916,-11.806638231356027,8.194591920891911,0.6782714407319044,-5.287400736234361,3.9672993165816495,-6.838928994151635,1.6032274644714155,-1.7591806892160913,-12.881934588076987,6.579580579906995,-33.02771351089097,-58.94156678361382,9.101945127099423,32.11444707125163,17.443290195093535,13.671277102729833,11.846414282043524,10.915265476392578,10.511839092936043,1.7490686527781845,0.8394646696458978,0.1,-108.57212977486273,60.169451221311895,-62.56917031435909,46.701880874750564,-19.0289494399088,7.786951697997222,3.6911587547478497,-5.736123518016259,13.57125959659384,-22.14048448906129,23.050886795566143,0.1782807131192783,9.399801889593427,13.045856609192064,-82.6545413844916,-9.721555100828736,-7.055959365185324,-5.869418446776033,-5.107421446862519,-4.7225486793528715,-4.554559358221943,2.1128334513147355,-6.468421509868215,0.0,37.373926168036796,-29.49706797030339,18.492427186104923,-11.983904462304835,6.8092793493444965,-0.7222602229563542,-1.8072307648794188,7.546556071172025,-6.481859970120998,3.7999291211975463,-0.9576995551422324,-4.410578439998979,18.273177846793228,21.736120591600915,3.15906904465381,-20.02871523371132,-9.65361381532989,-7.338296192976627,-6.372320965430405,-5.886161216457218,-5.677407382880051,1.1105625067587916,0.4812416041049192,0.1,-13.873121767260209,5.857042519310429,1.9700980674408217,0.15393929951519092,-2.4216410726261732,-1.0385514294005498,0.5589189601016777,1.0325645537710475,0.08504216888161953,-1.1092100974505281,-0.8066494899860616,-0.8548596079161707,0.9267014601312104,-2.0369278463901006,-5.4542016298331335,0.4191077638130867,0.8208792970305733,0.4617115825886933,0.3254599680166318,0.2619274303159885,0.2355744324294421,1.914403137365955,1.6587177483425517,1.4,1.6103451545857448,-2.9318139544800923,3.4222469369595085,-0.35297855443687265,1.6660374385136345,-2.251419510415149,1.049558740588515,-0.3439537794965433,0.24130577171144765,2.7357626207733357,-3.9054464320389526,1.3346771909893245,-7.470303053535483,-10.339742408612054,13.662253933262873,9.238147216396033,3.2754743141883145,2.369491467892381,1.9836715635572724,1.7959083465619952,1.7156733692187556,2.345031858175815,0.6644126738271484,0.2,-7.391823985694946,-6.764213641412322,8.236951117527934,-5.9496945085619375,-1.388371416073904,-2.2224468615339994,-0.394976549061947,2.4917211789979805,-4.1178191945695355,-2.541573169222147,-4.783276179246923,-0.4513405141239836,5.8784608081997725,-6.3804965014754425,-5.680126696023117,2.190708980209461,0.11768483458063628,-0.18691674321996976,-0.3665690661189784,-0.450612805389976,-0.4854890955764537,0.20531476082705397,0.1153972596302802,0.0,645.7793621844769,30.86505253541679,-5.712118847549384,-21.466133030198904,-6.459041668936856,-12.373184087106955,16.628186823733493,-29.345276191129326,2.606037203830045,-9.632175784146117,-3.5647133090849223,-16.170473831307966,-24.09137313446879,-65.36625291969858,65.81940279687556,22.872538677264885,17.683068128981358,13.774624332691962,11.894990479846735,10.90806776131701,10.475282058376392,0.01086909502688255,-0.02007255849195969,0.0,1760.061628664073,-17.13645501214839,-0.8047654098080841,9.935762403278202,7.056029759088276,7.477747954021679,-6.726035306825096,10.426026493588509,-6.1469546552533805,3.3967437120841097,0.7338024067348456,11.635187155639471,17.15016478183884,34.473662848364356,-22.36960953835165,-13.874814030148606,-11.087280098658084,-8.51706138224069,-7.333961844476121,-6.721276752201611,-6.454468458727638,1.4866457888542308,-3.4936033578307826,0.0,118.69177582106659,-18.234107339621676,-1.6654017851955096,-2.655765400466757,-7.684418131700939,-3.2989311861621253,-4.35283424094159,17.94518516369855,0.08973149537072622,-1.8038982344461976,6.504617929744335,9.214006669531383,21.85367056308205,74.76703197455821,-73.01601397127895,-28.77287047962542,-18.467657424597977,-14.912388574999893,-13.114248702710276,-12.176269819614149,-11.766067577615388,0
2022-06-08 16:33:18.225446500,7.207901110114487,0.6439981637978329,-3.2819723926119413,0.2772748945739933,-0.5723264828101353,-0.4619520272306149,0,0,1,0,0,0.0,26.591557930099817,35.736374359928924,-4.430688478560391,1.2199322634274367e-06,-0.2582988865518012,0.10680239879292702,-0.35431577830511435,0.1367327769219779,0.00046752541305213166,0.3055817225142787,-0.04762107476106684,-0.34414287403272115,-2.1330025169250386,0.34634742587641665,-0.21703776125080368,-0.25868204021793584,-0.7984143506090138,0.0,19.112359957769094,40.767786963477256,0.6578447377563388,0.014141258012742929,-0.2827252967501647,0.02541342134008557,-0.2465789346739161,0.07701997801694678,0.006338230392933342,-0.08446918178450026,-0.013406658042535559,2.121921958506181,9.948199227901187,1.1827288985171889,0.7409931596816897,2.189857489783652,1.0047665514613595,0.0,5.122921160808018,3.3628110627431362,5.3499143476850906,0.03851486186459194,0.02134534344194005,0.06322583384733935,0.05296358057172311,0.03391397081515756,0.1608903788772973,0.10834368073874236,0.16859231550497186,0,0,1,0,0,0,0,0,1,1,0,0,0,0,1.7449422749533927,0.20658247104583652,1.3,18.712112957607307,1.1597301491914518,14.485396803005118,13.334700811309187,9.314319752216038,2.6073982955634745,0.3773437891257718,4.480311288480843,11.05834159472292,7.610834503616644,14.774332456235435,28.02817441893827,11.83187822344976,65.4713984815978,-48.601736005810814,-16.066528022037403,-11.584552765436527,-7.779807296266746,-6.1161519110705,-5.275725437396509,-4.9113578351394125,1.6083807062155369,0.755091260282702,0.2,-114.00559796598742,-14.602788547960026,51.33778277488454,33.54471911343545,-10.926625305589823,-24.570703407969173,-14.69829194857867,-5.513910058629143,12.610271628994534,14.741864912301516,-9.408229580689627,-24.732484629689175,-50.188555999582654,-7.2940326851466155,-120.47531103652044,22.707467241884267,10.099911960600283,7.017663313512683,5.2315369369475215,4.362708579885188,3.993739508619509,1.7783527069356493,1.7896490987724858,1.4,30.79663709010253,3.610815756958736,-17.156137450484177,-17.103000750828883,1.371750075929682,2.649032954541973,-0.9809782858414008,5.994986473593158,-4.6322916202193145,-6.8602807990997325,-2.099911960635895,-11.912040823037625,-0.14751235040905894,-28.781000213441114,37.583104448651426,1.6889603481958826,5.387955883472928,3.7475156240927054,3.128919115507667,2.812073971137753,2.6740706355571757,1.2493189866429948,-2.6506128319700006,0.1,-13.190862872983901,7.7019506825749255,-1.4180155550372202,2.8139484985695695,-2.348699048740583,1.09900713829758,-1.164198468993575,1.2816985211842686,0.10653354875784048,0.2015029822431118,0.04618316068656703,-0.7966940266581443,1.0951332425011382,-1.4856780313415319,-2.887915652022909,0.1620935150115672,1.7256179270829537,1.2487087475552061,1.1046302679698492,1.0395549650145388,1.0127339871800136,2.18787816050054,0.9612392369224452,1.3,2.9133302087408754,1.794844956643494,-3.1158176427606983,2.3978314516709918,2.852791638852608,1.9968334793785167,0.5666272214412862,-1.217650302776292,-0.42439509500558376,-1.4059126084928402,4.40149755387423,7.24381351453337,5.995054359703673,7.970957215070365,4.908258360254107,2.336184094309072,-1.0996646713896685,-0.8270119937375541,-0.6479494739264456,-0.5524620718859298,-0.5102832236152794,2.462298458701996,2.0997098067093627,0.1,-5.718411915673022,6.986465944465406,-8.679716266588603,0.9446170647350024,-0.1433431420822595,4.56358055225796,-1.4931446363473628,1.297264961053346,-2.2396948468137214,0.7647408866863978,-2.6053881004030157,-0.21089553647016945,2.445306411923151,-4.7919483784405585,6.3517747246908876,5.4422142933716335,4.13067007960162,3.3921055107033977,3.043514488715643,2.8730496713275997,2.800491440261528,0.20937823563564487,-0.21102350442565648,0.0,711.6885238474453,9.650912518094827,12.922286349880151,-6.767431343099497,6.701018610738344,33.17518432189561,2.3684917769073905,-36.30413619432433,-14.490087987175286,10.631047078639329,14.46285726014657,6.884526846696843,24.907686979222213,59.66891534095069,-98.97287457817322,-24.294254929373974,-13.534232196838332,-10.714686471937027,-9.266690732053195,-8.491301632836345,-8.146800482261659,0.017021184041121972,0.04662998843465085,0.0,1729.153145285673,-6.902377485691773,-6.892439897668481,0.4129348030674578,0.8527280248786724,-15.699093929469342,-0.99214128553659,9.644788295016001,3.921888961726325,-0.21418227116598126,-9.317912380577496,-2.6746322935085662,-13.72047000604441,-32.35119195999191,62.6964820206579,12.680851591248405,6.984426661092918,5.52540842897458,4.823738970866295,4.445362803512778,4.276401047582092,1.6179891019781636,0.5947474575776001,0.0,112.76454842058004,-24.900175383934307,-12.89094447532813,-18.926275461090906,-12.339139990711214,7.4145784018104735,-3.7592264551167087,4.377745038774134,-14.165112476084914,-2.494429738904005,-13.833375107623405,-20.485435526307818,-24.258050439310427,-79.91772550444436,65.02907895099023,24.11913363988084,14.98884483076207,10.808177799180255,8.867755527166342,7.8667767703765925,7.429256106462941,0
2022-06-08 16:33:20.975446500,4.2273918494869855,-6.177426358587468,-2.8960537377075424,1.1775939581626915,-0.0659489656691443,1.0052749295821468,0,0,1,0,0,0.0,18.860156741039468,39.82709306335664,-3.755174049890549,8.703256294983288e-05,-0.26785367252099035,0.06640852478028338,-0.2466643996197773,0.034142947520072894,-0.16886031898295448,0.25255189860711313,0.08751812470788857,-0.2737522926189335,-2.27352343708826,0.29275058072221216,-0.18804044385466906,-0.24906802760577704,-0.7535937108688275,0.0,18.961687988962893,40.87853355535458,0.7280875445780453,0.011494697637055656,-0.2832003174296257,0.024172785606973914,-0.245222306787518,0.0754360914132031,0.0023603262321987986,-0.0782871161612543,-0.010196178245391737,2.2706061328961558,9.964759250615149,1.2807745789417084,0.7557905209451686,2.1914189958951003,1.0289958332378129,0.0,5.041831344224528,3.2885055798147027,5.3413823767262505,0.03485832417393196,0.02110588773122905,0.06281576908567234,0.052640997934147615,0.0333422097192282,0.16228370530192765,0.12010782201660435,0.1688501114028044,0,0,1,0,0,0,0,0,1,1,0,0,0,0,1.6495354057653404,-2.669908232688988,1.4,53.1826085851479,21.47833961692264,11.56302787367503,-5.997755055549255,-11.935001802410106,-12.210508677510331,-9.548425741535578,-0.8179048862394103,6.270981665226523,7.159262955650983,3.369908302760328,-1.8519958047530416,-15.205040236530714,-56.22042324840389,59.203220918166245,-10.043532357600178,-5.316859566980387,-3.4089179303333843,-3.0119420312249385,-2.8645742094402538,-2.8099997132800096,1.205209136987437,-0.03285398786543465,1.5,-100.96022057161959,-44.44581245412978,-29.0901595752582,-9.850585439630198,7.674614463654954,5.866531006287848,-1.367916933408429,-11.533668811579215,-5.566353698238792,-11.786057939756224,3.3012236372634947,5.235662178535712,3.656008100282445,-34.29418326940156,2.237566586175121,15.961118719901078,8.697482651090343,5.018140363704895,3.7607281337357295,3.1890577326252516,2.956233271668201,1.7306449839569449,1.4225137464880817,1.3,-17.72836397721485,-7.966810177113532,-4.32916739993669,4.644305298192394,12.44213615493384,10.79869458351964,10.000532545445235,6.684418646810008,1.4218236415534582,0.07870421067428435,0.4830568836001774,-0.6819870749902366,3.8051526106139546,32.95368661687332,-28.199294124926663,-0.1905878088853381,3.670310701385596,2.7214338762440735,2.591380219705826,2.5590828146054108,2.550113681348249,2.1979328525927606,1.1505833596213124,0.2,-4.119129783327511,0.07666355059974267,5.461627963807333,1.6853558345212294,-4.480901444483083,-2.3189458082602634,-0.15970508644027415,-0.4080100784305308,-0.24074795835982535,0.7933271298309313,-0.9357741369756029,-3.380568408455486,-2.11610041255228,2.997651488354304,0.8533187062487146,-3.5139357861058347,-0.6990171286170535,-0.8452988132507641,-0.8564801795119288,-0.8563147693609289,-0.8554768319025599,2.207834916234193,0.22548752691357798,1.5,2.29506946690538,1.6755340224814224,2.108597510395424,-0.8637164904759328,0.1677376788315177,0.11934424466252153,0.24320770471525266,-0.22748870352993605,0.3545519171585204,1.119860166434711,-2.8966628581607967,2.573925617751686,1.5918882589574106,-2.7465267579164587,-2.481005870414481,3.8168528730838807,-0.38881857974389866,-0.1074782557889028,-0.029330558634792725,0.0006758207799854588,0.012051692427256094,1.9664343917861096,-0.3417413721651257,1.3,-3.1508960007739217,6.46756500575055,8.365933409048028,2.1718403469197485,-3.8449365117188288,-3.8995380805647004,3.4775947656937185,-0.5884357422709263,1.4210948213256245,-0.2654990787583951,1.6913252449602267,-4.150197517199901,-4.276139970629905,13.225280129991967,-6.335273407882375,-2.1926962019357044,0.16946744915918344,-0.23645321760865398,-0.2560938123247033,-0.253853756587065,-0.2511608268747564,0.10027313174938897,-0.3539220287823051,0.0,744.9863750434788,-50.30349640101149,-20.367875819324254,2.269277100330484,-11.102637746465454,-36.50119151387624,-9.12729783366592,-11.693135135966578,-13.746679801114075,4.587398601661351,-8.955634722955299,-16.442122907288233,-23.697506849469185,-45.97455691881214,5.987254026250813,-0.20987230026463166,0.9628875071396444,-1.3533386410890902,-2.5677138737329837,-3.1583241136277262,-3.409574243168091,0.007588778234858016,0.04221677813550823,0.0,1704.3437141663067,17.449374818621234,6.148884451939581,-7.881418242501808,7.8787041673915885,17.850740401515708,5.4657883596501895,0.3928843784725018,10.419845510081373,-6.7920856370449485,9.463063444854974,7.958174970752445,8.23920029778354,27.261023306404137,-13.841545687410658,0.8901613807625424,-0.30418463686122266,0.9640806632708632,1.6497333650706096,1.9744001695277191,2.110612935425822,1.4427750278618638,0.8450275309640503,0.0,75.24958645143599,-15.601728900840115,-9.516296968513508,-12.534507544670095,7.815899079614653,8.33182651328894,17.276395771686005,9.439980637894466,-1.7560337544570457,-5.456279871908337,5.08993806553044,5.076857950628167,26.29705367304336,60.950407280957315,-17.289422590408158,3.1380953533671136,2.5244041083352275,3.5617483798616005,4.294629669926996,4.670319884602803,4.8331287802095355,0
2022-06-08 16:33:23.725446500,-3.495948171589345,0.9728334445231108,1.1822845993842008,0.909752573258643,-0.3639992403177515,-0.0680590423773701,0,0,1,0,0,0.0,20.63971267691247,41.11552335693671,1.663373418892703,0.00027534518949248456,-0.2823752691794513,0.016242304701783082,-0.2103261746140683,0.05060109672855132,-0.1855756624441596,-0.20611415084420026,0.04164733588552767,-0.25557671306390056,-2.4160859054873254,0.2645462482606273,-0.15207415086919315,-0.2310445299099878,-0.7234418620594096,0.0,18.881959971893945,40.97615279772564,0.8401286065820055,0.008536030136479767,-0.28378747906272,0.022755383236946616,-0.2441227972505941,0.07426363838460716,-0.001411905285931919,-0.07527156139603987,-0.006020183731523623,2.2972035252663385,9.929879938160168,1.3059029548842895,0.7726767551514951,2.1888779050425766,1.0412802837664357,0.0,4.985641596484204,3.198175933182952,5.300281958779487,0.02984271654054378,0.020593045403744323,0.061984722183871487,0.05217172972231267,0.03285387213804833,0.1640894471487396,0.12255697326496465,0.16835681769207486,0,0,1,0,0,0,0,0,1,1,0,0,0,0,1.8114193047110536,1.0714218346798534,0.0,56.60894593047814,-22.67625462775587,-22.029419628420023,17.002678239816433,-8.206486685652486,8.12275057407513,5.381315850740733,-2.5865491796286806,8.973045432082184,-1.398295775021812,13.346783583410414,4.621540535314511,2.1241030649880672,44.90506629372585,45.17756405403793,-11.540455781708296,2.3706714013010237,4.166115986247517,4.660790059549725,4.840600706798028,4.9038594381375535,1.2649477061239625,2.010008167679694,1.4,-103.10401371376172,26.18461647630453,32.552434595470906,-15.052652261889849,21.658713513510925,-2.8512712960707907,7.919579682120933,3.3018706193425693,1.7636593484784266,13.5804997308151,-4.033078159501754,5.449432261872718,2.2270392238776022,14.4164354225011,73.58866342955979,-1.0310475732859097,4.749544323125197,2.641717149516289,2.254032526788393,2.1070035549508344,2.0532724682568952,1.5758309929022511,1.0341951203377966,0.1,-39.90793342346948,12.37197675764822,12.219622693501293,-9.497000977225118,6.240777223210095,-2.2244343331105045,0.21043832259655604,-0.11158537464122786,-5.063104510810733,0.6827888799097428,-6.589707483594253,-2.7152812647437594,-1.6740655260170971,-25.965349238687487,-29.5403193393723,2.041824950300752,-0.7776701541982528,-1.9079772192086684,-2.23249496703638,-2.3550771256495877,-2.3998007202173977,1.4695052287281307,2.1832948039250573,0.0,16.28326232620649,0.5758115502613325,-5.280950166352503,1.2144513318389598,-4.16389908175105,-0.6493926121249467,-1.6017223746170783,-2.4500899776173344,-0.5623349316609523,-3.2886617708960553,0.251668893795167,-3.6179763451340223,-0.5633678114069176,-4.3016172993893065,5.110719395241018,-4.0229794787821875,-1.241303197186718,-1.1107897109312406,-1.065084732880095,-1.0472335176147969,-1.0403081322496697,1.9077726004004358,-3.0400554162173066,1.5,-0.21814790442795215,-3.5466874478551143,-1.149268404174291,-1.8188185852066787,-0.38119529994645895,-0.020488367663487383,-0.4285381575602488,-0.5317110514964216,-0.9044030008695236,-0.5947937811448866,0.4715397903977265,2.5483788127707943,0.7124483147487772,2.5513533763983856,-3.116359825498624,4.395073357958405,-0.27189601584031475,0.01633489618941231,0.047416292703496565,0.06102183963916219,0.06633953901161778,1.865024209668352,1.1420282298217832,0.0,5.3059941108529385,-4.073165410953319,-5.550775329326713,2.3230613289388486,-3.802376542916885,2.695969187073958,-2.4259388988778268,-2.7774487202036395,1.8136854634320947,-2.5910254075383605,0.6228117044391084,-5.394319926743412,1.3508369329109433,-13.592863256761738,1.9794970046504277,-2.8558807245206914,-0.4860538340387812,-0.8221552826523713,-0.8590729749960087,-0.8699675522032244,-0.8732986606055363,0.06818960654678892,0.17033755046234458,0.0,846.3868144439299,26.826382953258204,1.1514367370887868,5.186358773858579,-1.4168384963893104,2.0946235508033766,-17.329931430602272,16.18869170434779,12.350300208430633,-18.54424517510113,-0.1865529705981821,-6.095679652738244,-22.156574623117194,-6.5218449787002335,55.03421007905709,13.421604153138125,17.52018599072676,13.017560901734445,11.32533750439832,10.488928736399863,10.13119363712148,0.009914700167036938,-0.06383774838466863,0.0,1649.2258520212426,-10.309799645469466,0.9221355159444896,-8.30381513409418,4.684016489569132,4.811689568445446,8.524540186856058,-8.828727980760291,2.7111970792351627,14.624417227972733,-1.7779324673285188,1.4509745397927531,14.919233520529465,3.379294042920768,-39.37671127990989,-7.920443499046371,-11.391682157854595,-8.400597264937069,-7.324522020206557,-6.7883397513843065,-6.5578104034863225,2.560592429409788,2.4755233787133992,0.2,22.004743910000162,22.225528936944517,24.105526128424266,-20.081245943104587,2.1675975914921795,-1.135629061708049,-3.765474122055537,-8.173051574722727,-12.472898801836473,8.720647926346441,-6.642696048209863,-14.618251121683887,14.786745259032495,-7.818654028096219,-26.520175877198742,-6.757551989400718,-13.073644588348202,-10.837176622317063,-10.008551182294369,-9.58962137923155,-9.40707258503393,0
2022-06-08 16:33:26.475446500,7.765836590574284,-4.967121580550188,-1.3226900692057273,-0.019444917206164945,0.1364885070398658,-0.1406299206783747,0,0,1,0,0,0.0,20.621636042638226,40.37856879024907,-2.1664419499978798,2.2127755591600327e-06,-0.2824408210794556,0.06021731353087295,-0.3184407558626263,0.09482986523649786,0.03449621300509096,0.3207129357627502,0.02203128122120405,-0.22993132782047754,-2.578487325698878,0.2516424230195675,-0.1247718860016658,-0.20389032224390652,-0.7248249180662699,0.0,18.718861225078626,41.13606110467344,1.054135810254517,0.005893665822401713,-0.28489112945544337,0.02016504540539465,-0.24297783073671025,0.07342672686129982,-0.00139538955905551,-0.07322679278309986,-0.0017259581994148688,2.400937758089976,9.868222299858196,1.32999335404189,0.7815378221294594,2.1788075458072784,1.042018793786131,0.0,4.904091147747498,3.0545749969930913,5.212180927732116,0.024232418388098625,0.01947808936330378,0.060601736702157065,0.05259064974518866,0.03259593225929791,0.1643523435710825,0.1274586370507471,0.16671011847329542,0,0,1,0,0,0,0,0,1,1,0,0,0,0,2.0962298075446646,3.1412552162643417,0.0,56.41021913960644,-21.22789919021691,19.78134447096994,0.7766029738394202,-9.40901351181199,10.630831453008199,4.558134402120998,-8.204721378581318,8.59313312040967,9.142300229940828,-8.831351132661815,15.619659727274914,43.437681187866076,-2.316315875750015,-62.13917557036239,-49.18688274246021,-22.238863756251327,-17.45778402422665,-14.975941894913174,-13.715569469732571,-13.171951307798347,1.1237030563421493,0.2545910122917045,0.1,-101.54177440176805,50.554071433104994,-19.125558599045032,-5.084257920439652,12.662034028191618,-8.790350809001414,-7.012686208753964,8.328343771931063,-6.480547080725652,-9.492527719077726,13.993073380363846,7.201197533886478,-17.772555500584087,-11.687597985866695,-4.831321914663964,-14.148230571351116,2.441169812748689,3.4317098545658293,3.4955296477169715,3.4974235939688647,3.492166977735528,1.9155093072215763,3.887646094431388,1.4,-40.04940198559441,22.937538331266328,-7.9027824499041435,-2.126965223499364,4.6078794152789095,-4.578375874653086,-1.8560233716617625,4.8093026657432425,-3.7353738641137615,-4.783883576012302,4.880677673108071,-5.351407146701043,-19.602771669526998,-1.2720481214957606,24.256217625739414,19.778697180247047,9.191867647793176,7.141601963289455,6.1380648370868025,5.628991334331426,5.409429866540783,0.7533409993626873,-0.7561066133099064,0.0,25.071112060437933,-9.364000850308702,1.894074716499652,1.074058735687065,-2.666479147137683,-0.7141160096312844,0.13546204476550328,-1.7957911331588636,-0.4024495639546841,1.4962504421993617,-0.7336148637141371,-1.4204124764757748,2.241403682990566,2.8786041882242337,-1.667405595518756,-4.147281672255851,-0.8760010050320982,-0.2351442732528479,-0.07087420013489021,-0.0012174046269671779,0.026631732422684684,2.0486571848727877,1.90177248048528,1.5,-4.592255543424772,-2.2056263466444417,0.07886122329683012,0.9427922205611446,1.0346622011760376,1.347981426832546,1.3309657685993974,0.7810860856479819,0.534151796270694,1.108570868084498,1.7318463084509352,0.7187241935136397,-1.572277681557145,-1.2927048119194104,2.8311505471735083,4.325416481260512,-0.2584656612850292,-0.4140557533224785,-0.395067466175084,-0.3805296252406774,-0.3734753981756663,1.6002175808114671,1.7226494502576517,1.3,1.4385075988411293,-13.366187685396689,3.183739633574996,3.7673588159153764,-1.7407325802097988,-0.1853776974575081,1.939907066556732,0.3798844836917808,1.6082727478484635,3.7833588738546093,0.5572568207070107,-1.8203793268884696,3.3827811781883965,7.750028600669268,3.2854779372146585,-2.7532348138129716,-0.29895496919384995,0.4032368772792676,0.5943837591081982,0.6764604564999255,0.7091007688837497,0.12907043650334998,-0.017879163726111154,0.0,836.987799734411,-33.39124774640486,1.4605847364781113,13.016016557443109,10.337637232077682,20.09013977160269,18.303230044059106,21.74144835767038,16.737704376444942,11.832419623205931,0.7668783141495652,21.30570074839437,38.69720511776232,37.41473181412721,-75.39061563584559,-31.717251657435174,-8.786537584666796,-6.410473355226834,-4.692591324262338,-3.750263176231375,-3.3307505910273774,0.02021979314020229,0.028420129906317086,0.0,1650.8147370247418,24.54027872974572,-0.7804760542784948,-7.50807130592986,-4.181719317877069,-17.129226103336862,-11.168407623946235,-11.876983630362954,-6.407571095711255,-7.947353624423157,4.211589283993675,-11.404574897542474,-20.253535554978505,-25.472204363134985,55.46871803351976,21.365532960858935,6.596934377561838,5.217415159558911,4.18471456809705,3.620317062234124,3.3696766845131734,2.1343478472660875,1.3065730482371072,1.4,16.833971146388308,47.903049144048204,-17.272689920014155,10.063566987893976,-0.07308996185242478,-6.740545635312428,-1.4328763670203502,-4.423432859599708,-8.728413933604374,-13.35046349373156,7.247346605761582,-24.7503942442712,-26.768930061034993,-37.33659187703788,65.78538333179964,38.88769404448165,17.981688032611693,14.853885055051427,12.769616447368907,11.669875407546261,11.187784725658796,0
2022-06-08 16:33:29.225446500,-3.565294837007773,8.47821266328326,1.2309869761805396,0.3765153032570397,-1.7499336798239196,-0.18506921735906265,0,0,1,0,0,0.0,14.316646875113346,43.57256800862735,6.9746264405474125,0.0001268210333632052,-0.29223163107085204,-0.04874812108873765,-0.1574176258872884,0.05798051181797551,-0.18310901216909428,-0.23270660370734306,-0.09222704827159237,-0.20597825201962167,-2.793686831932513,0.2533139467457829,-0.11634061983956415,-0.1512904691341453,-0.7266256009957055,0.0,18.457026426940452,41.28668158142057,1.1862334146571272,0.0029677547690451704,-0.2857531174818305,0.018014400011611437,-0.24127380228896755,0.07187923296948047,0.0009038031556791113,-0.07130785706006725,0.002741382586371832,2.5156271644015327,9.779799815717057,1.3419237413931857,0.7860144300927466,2.159248816684024,1.0512149524278946,0.0,4.95938414128812,3.024318597985966,5.194483193191457,0.015289921465954525,0.018933700912824626,0.060333438263908426,0.05391637590133416,0.03288289466742412,0.1647348403296186,0.13327521457612704,0.16439583362010746,0,0,1,0,0,0,0,0,1,1,0,0,0,0,1.863030547006324,1.8836206889227884,1.4,57.5104266394814,28.89553357830852,-16.79933868516099,-20.65586593036205,-13.363076887016964,-19.278706981192016,-11.278147720252502,-16.845718453004604,-8.524166216607279,-13.958966772912055,-11.773228390609185,-11.876821178718775,-19.68763096044411,3.4479262837442137,67.34663218344473,1.008374526921339,7.9162689760879195,6.120623543443982,5.199486400251568,4.674808732578918,4.436016202324228,1.7819734552063116,1.0285994845759716,1.3,-99.98409684706564,-34.045341854482245,13.142678053465906,20.585816373986372,11.484036823346894,24.460954949717554,11.095275163009852,15.582379980468644,6.27204680128199,24.047460058904466,5.78390792731066,17.556136166823606,9.51198839791186,25.898810393003693,-79.01880980249153,-45.186126207098006,-13.968110323553352,-9.540561415873313,-7.887993812018973,-7.052936963008016,-6.6909901304062815,1.7273501524973829,0.855861407998169,0.7,-32.85846925768564,-11.44802413878466,6.761471301741687,9.380362209907952,2.0536114637521976,6.5494906305105625,2.961974819307292,9.781384172467328,2.0481167775218125,3.6614620610913993,0.9737058020238756,3.7811419935578505,4.798335228632084,8.239881272705746,-18.282278384102682,-0.07725068872510388,-5.251451325006725,-4.070391489192186,-3.6067809365862322,-3.3686652080046438,-3.264203743722045,0.7858429032859109,6.120120130398988,0.0,24.06095552320193,-5.095150327466894,-0.26527542711579066,-1.67828738481207,-3.572299435519125,-1.8792280269024069,-1.4083948300961768,-2.7673729598804595,-1.626558667799617,0.06826943060940638,-1.0438790630507642,-1.054500129913306,2.111783027268761,2.4507033045067987,-2.40472060031654,-5.292537203213786,-1.3777733344156655,-0.8718980437897443,-0.7442489564417951,-0.6878016318681547,-0.6649985019402089,1.940320290584943,2.6836331466783707,1.5,-5.286080683192235,5.5049363807836045,-1.5506355530944993,-1.4832880659322494,0.20383032466325712,-1.0836462630083037,-0.9303486865878122,0.6052293778724702,-1.1477766429714675,-3.4977778581559913,-2.0919070376762283,-0.3685291528042505,-0.6115473636856549,1.6385450410337183,6.6921226381385175,7.3140956785227536,1.3998820551292228,0.848541208981778,0.7075137593931969,0.6356016487740033,0.6040858036108258,2.440670841391994,1.2594132387900698,0.1,0.9921851217167306,8.641182411730286,-3.418087806122981,-4.5189005275992695,-1.022798322245666,-1.7147359148737369,-3.2673179001938726,-2.7376733279292544,-2.241756549330469,-2.3732166216384805,-3.2069083421653053,-3.532059505716058,0.5319138861557018,5.704891517298843,2.7985070948673725,-5.126623829582755,-3.0815556396783945,-2.050785326268442,-1.7845085469261297,-1.6717128973526625,-1.626752670764993,0.09289209839941592,0.07918451811459379,0.0,745.3817005894632,-54.64195357500552,19.128255997007038,10.973045080476354,0.752809166080354,-16.29677258140682,14.322285648738998,6.267859005952951,-17.249137579470283,0.6198435674412863,-4.252745704295609,-7.43192183904582,-9.902542957161073,-24.6517191084539,45.76645644581925,0.8972945475450835,7.823512607786814,6.715190406808108,5.986119364946555,5.576211103260724,5.389930387385909,0.006365331565202508,-0.0077528409273085715,0.0,1693.5596223779576,23.393146304823915,-8.242450274266616,3.737808941923874,2.390912955354139,13.791364455203052,-2.4845019132393134,-1.6464721020252355,8.259892290608901,3.838321820347105,0.024131699983065857,-0.6738164861700184,-3.4322061044505285,19.176019530084556,-21.42557185063137,1.9690213313241005,-2.981743902471557,-2.858418819249252,-2.5746402687351164,-2.4002356211693545,-2.3186240444434203,1.5209432623192125,-4.624857128483204,1.3,37.64786763195047,-18.465100851364998,9.432418860754904,28.72697705546164,3.545808022722575,5.857630043990161,1.454392436984859,12.783666308032036,17.350692086385266,11.896854012317483,-0.020496081751842254,1.8645751299069333,9.704622892946153,38.234846486082354,-88.15484887323319,-10.847315886856991,-9.794085711233137,-8.474944395577872,-7.531523116422392,-6.992549238448694,-6.747061485579348,0
2022-06-08 16:33:31.975446500,1.499227444829404,-3.9842277461906006,-0.11987293897944915,-0.5132375375771943,1.4074209058579203,-1.5332390134771987,0,0,1,0,0,0.0,17.965014322898256,42.67552573573143,1.6727479632032414,0.01468260688003049,-0.2999751922911357,0.010619310855536152,-0.2727363455343216,0.08083501846062212,0.16022177177118374,-0.011706933683952116,0.04862344405437697,-0.17423491370385513,-2.9119353656154,0.2610571285788621,-0.1209271074420678,-0.058638110840139535,-0.7626055465937346,0.0,18.353597906511354,41.383505564685706,1.2947531852611476,0.002364303895321944,-0.28663942965562444,0.016610313707379133,-0.24152815662266444,0.07170741958355348,0.0074696189275379596,-0.07054084544143928,0.007299150742983863,2.5259261985403074,9.716590774937123,1.3331039296030116,0.7860494386169109,2.130103756981484,1.0448626164397683,0.0,4.8634063107118255,2.9481758668166846,5.0858242274248635,0.012167475803225336,0.01839686148995814,0.05886915520790966,0.0535811546201987,0.032706605651577465,0.16432316224741114,0.1331631153999758,0.16275220333879256,0,0,1,0,0,0,0,0,1,1,0,0,0,0,1.1127018354286566,0.2230755896916252,0.0,39.971819230571796,-5.277688718330843,5.628915033972259,5.917154050105478,8.499891731924475,3.0817305626770715,-3.7318903329742863,-4.700839969257517,1.6387029374534818,6.4629498123232265,4.20127295157007,-9.61980478851665,-0.061110371883963836,-0.7694456205918132,12.313170298456965,-4.053370991270218,-0.4689655161558177,0.2058573460767972,0.20475892760655312,0.1977471661537915,0.19380964034442047,1.5446585429458242,0.14493058592170666,1.4,-90.89260406532179,-30.14024215916602,1.4764431073095563,3.4993679708977097,-11.657061588080836,-9.231176955768905,9.93838202291307,8.289985202673867,-2.6008873882536285,-18.57576851104812,8.81360632835455,18.948834179427685,-8.90207623589812,-30.786451546630172,55.40399922933186,-33.392519832767924,-1.2718110792921404,-1.1724365585869574,-0.8181777653752524,-0.6532243062966288,-0.5864088457407666,2.1218733612707865,0.6131422441139044,1.2,-3.0250991973348187,-5.5885714312578765,-5.983810760153278,-0.5570892428122254,-6.610647203765218,-1.4989880271278877,-1.6304659949541245,3.8502539796924897,-1.9229848302118409,-3.857313376535924,-5.245272848736229,3.883497491736056,7.157439645202992,-13.268374867720153,-0.939600449609838,4.2584718137022035,-1.3496194137922677,-0.9557621067668606,-0.9067090959104912,-0.8915729894512799,-0.8865002767490251,1.654903827444836,0.6041683966937437,0.0,9.74682952894191,1.5177533042585265,-1.4168007967963518,3.1338465216302787,-0.6413215802562298,1.2621407294785398,0.7906968042771225,0.35483722853460903,1.945978868074824,-0.5595686594056524,1.4482643644161965,0.7956648570952236,1.9355285097395043,-2.938137087837612,6.669045995671805,-3.4734545812537783,0.8775148594249045,0.7149028865703233,0.7287896718335412,0.7366756126754851,0.7400776417284033,2.119531842184243,-2.6312751996027166,0.1,8.649943812815428,8.999084354097958,1.0363884095406843,-4.606154235430175,0.9159329286003024,0.8446452766475605,-2.0072049326219767,-1.1816492502758662,-1.4771094310055115,2.919222430710072,-4.192374261421364,-2.34518186137956,4.007983046418806,-1.9153947249078207,-7.0708811132636935,5.787642839928174,-0.8729772941106773,-0.6810406623209944,-0.6988070843062439,-0.7099716759298338,-0.7149142795851371,1.3134584531903006,-10.574024929819048,1.4,-20.79255389951329,-3.2011931805344918,3.376720514995969,1.6885508795164854,3.6430683688439633,-2.1622221387975937,1.4377198347728295,2.0732202277933918,1.6515058822633426,-0.4726396870536227,0.9718144625695272,0.3712199078892424,6.402535205430354,-8.308382641222641,7.987769483054001,-0.8069290090763515,0.6359425540155121,0.8473907340512068,0.8971938872877117,0.914855460801685,0.9212040405316609,0.1547637243844068,0.14783141150066986,0.0,731.829679276394,98.72002501345727,-26.61942543963591,-1.4698869449459409,10.832862440413132,23.101240654550185,-16.868793742815154,17.444243341498982,-6.610312575600358,0.6701029567223921,9.354306292095027,-3.9465042298778665,5.87876770948969,26.32719602564498,43.45393825200732,-5.435390456036704,-0.2508748134613121,1.9969852449630616,2.6240838708659844,2.885196738461228,2.988980712700311,0.012035483363049323,-0.0693272685845689,0.0,1717.724970475448,-42.789066968866614,10.174435314808619,-1.0504667084240396,-7.93255699088141,-10.748863674316594,4.560257150285294,-6.685419305665648,-0.28532023444907395,-3.607731677789076,-3.8887462341787824,-2.484535896387996,-2.617079290789821,-17.522268052072313,-37.252659496963226,4.143709229906712,0.2402036846890283,-1.6107422605684505,-2.1077403632495546,-2.3135083696003167,-2.3948079028305003,1.336108714989512,1.7369840396186114,0.0,68.37665374446425,-31.044356269225577,6.279406478575183,-3.1265256778725163,-14.712154627726324,-7.141948125736442,-4.083528024315443,-0.7794936252878221,-1.7303338541210973,-13.937224634970054,-1.6501050599014628,3.7797715085745134,-13.702085834473307,-39.03297280867863,-11.218104072381694,1.5543349841017662,3.7048058125138414,0.6708947338770811,-0.10495086902545636,-0.450917553390021,-0.5935061710431544,0
2022-06-08 16:33:34.725446500,1.4979854432036075,-3.1156067488376213,-0.2228456842040344,-0.844418701196602,1.8416543662772324,-1.7071779424410665,0,0,1,0,0,0.0,16.166117889196673,43.32827011678137,3.1313037155125616,0.03152851857116043,-0.3048190373857948,-0.00786605393064548,-0.2634291208023673,0.08329117275668589,0.2109006849001457,-0.015719721792794586,0.04199975385680496,-0.15017193803608472,-2.987613622654645,0.2569429117794652,-0.13664850015280974,-0.017933397999506738,-0.7959634853452348,0.0,18.245437540266746,41.46974285206849,1.4365099723055736,0.002890940774764338,-0.2874130765012578,0.014970117405738457,-0.2416009838390649,0.0720776050445346,0.013174570655510394,-0.07028644331931345,0.008676145666960455,2.5168867134787325,9.647554802854007,1.3277622908259186,0.7794774894700632,2.13570282080632,1.0154648193035436,0.0,4.744779948811686,2.868450602689891,4.976317866353939,0.012604456356063241,0.01822745774848365,0.05736527379240084,0.0518091320011688,0.03180305350418567,0.16235749493276266,0.13272544102851147,0.16187852385131848,0,0,1,0,0,0,0,0,1,1,0,0,0,0,1.12843878289826,3.3653947038964755,0.0,59.098876808549186,-6.061396816697313,-2.5877723496885263,-2.5556072696678207,1.5758649613657545,-3.9454344430748143,1.0758513701164958,-3.634071757664784,1.109924128540371,-1.888309023251162,6.165760853183823,-7.147430319012142,20.58254231059141,-0.3242010503706467,-65.44233915562286,-8.458575377770254,-6.808462347388782,-5.974030887596803,-5.594005161498767,-5.378286842574488,-5.279491024883229,1.3306315279765912,5.881208002977292,1.4,-115.041586918894,23.495370954852966,-3.0885552309728372,12.203564795935604,-2.512429008359714,9.712233125631528,-6.004919341101052,12.943448066882178,2.5057746859208816,15.91134167431538,-8.980619933308368,18.222230225514075,-15.588793632616492,32.00200644620557,76.31283885178837,-33.76564122884997,-0.7696114828470861,0.236356856171561,1.027209502969856,1.3904479539758172,1.5391742379299902,1.8231845433281129,1.6049233485449468,1.4,1.2866000472558836,-5.906672945510781,2.328219148004228,0.9318950330008392,-2.14165639994302,0.5726740561663407,2.68303626269086,0.3746546346905973,-2.2213909967494625,0.09709885309532396,-0.1912551773596816,1.629282226375134,-6.446483762237039,10.930704699876056,12.778503820557125,5.645000542165498,2.166584768496043,1.8851406897624636,1.764859790773852,1.6963692617736543,1.665229551814141,1.8560006154896835,1.4536491359599852,1.3,-8.255987434378817,2.964922360516174,2.8786144423384417,1.762493209286538,-0.4038186911602253,0.06377897050391734,0.23031844112778754,1.0682398918014364,2.097344507606868,1.515018369985919,-0.08529000853998814,0.5705155683026186,-1.9695334734030905,4.974882389192986,2.9075226988140885,-3.363185671208888,0.8543980924663978,0.6827883721941774,0.697055243651328,0.7083499328739934,0.713616739548973,0.8135501704721043,-2.9544235555535927,0.0,30.182453018500414,-3.4501594968550022,-1.114822779555789,-2.4006145627274647,1.240481732749168,-2.0552110657014726,1.399409365540374,-2.683185676727198,-1.1558202478554072,-4.317665539255319,3.4682159674859303,-3.8927862443393777,1.1481396566690776,-0.8057621477092622,-8.376373110990237,5.215393867537906,-1.1936986196233803,-0.9636420615308224,-0.9921383973815091,-1.0098739292382353,-1.0177819484504789,0.4732026884589917,-0.29045267936808056,1.3,-39.057262429475045,-4.222639898903268,-1.8118441272867905,1.8341361843389388,2.2790842846930475,1.9605965476186784,-0.6281538677601877,0.9993878875294342,-0.17453276325089595,1.7611226974028542,0.1540585928845255,-0.6264121572655243,-1.4161671033272092,9.82497467362874,-5.307032157512122,-1.3222536366610145,0.7935437160026371,0.517300284298048,0.503122417883406,0.5023937603432937,0.5029768784511162,0.07348352265550626,-0.07515429199376777,0.0,666.8563229866569,5.295076884875755,39.05869461069695,-9.554802970186358,7.83919812111089,-10.065849735978851,19.066839350775687,16.3861852016518,3.491250064065774,2.9047916274003,1.7345871015948229,0.17982077939452434,25.469477416144976,-0.06482026567131882,-26.78342812544758,-15.723806290876432,-10.785048138790991,-6.701972373430567,-5.264339021583568,-4.581028615553228,-4.2935109532610864,0.003194092101372406,0.01972192660262357,0.0,1763.110358165511,-4.915260392597644,-15.923350251730712,0.6113332614966112,-3.7997773584444583,-0.9039906285007078,-10.429468377648675,-4.656526854013407,-2.6391763783103532,-0.9191153656342834,-1.0263864708206825,-4.050652963814457,-6.875595212689994,-3.7058672487218796,9.49378746398343,12.557318726653824,7.651670762106633,4.734495817025042,3.667060871219274,3.1658382265945946,2.956251352650374,1.1445050592833002,0.7320405238362284,0.0,88.37031856270626,20.21787739282748,-8.482173283909216,1.357642526924957,-5.1266226785122635,1.2631015131809815,0.1867079250564014,-0.3242831871678275,-4.183853678269456,8.57553301854653,-7.031766062889446,7.122020378512463,-19.426517851560074,14.519982411295436,59.62028621631057,3.2880541431872565,7.776511040127504,5.682432109317929,4.988937495218191,4.65919181629299,4.5197209781802545,0
2022-06-08 16:33:37.475446500,1.2918920180677838,-1.8068020467092287,-0.3536559480487672,-1.1430668225014082,2.2046583251615006,-1.916025022050617,0,0,1,0,0,0.0,14.352875620364197,43.973700433812894,4.784077882298296,0.048374430262290366,-0.3095920567130489,-0.02803961972153331,-0.251984146210865,0.08631582248168161,0.2575415566665703,-0.029978707329361688,0.03133082420295796,-0.1041330662570258,-2.9366095322587347,0.2346369663626601,-0.17828702693297588,0.024710294528081104,-0.8449143465268789,0.0,18.06206345400413,41.587294369009754,1.580850201200338,0.003741009697846903,-0.28829790423716906,0.013083482263863726,-0.24172265408504484,0.07266892955360173,0.022202435959327138,-0.06962884029310443,0.007521170215085111,2.5032993303718913,9.6024349613082,1.3204956195467068,0.7587848325007093,2.1543318344195206,0.9976683956514684,0.0,4.659569306371041,2.8213529575975587,4.934133481016693,0.01378678187113158,0.01818823172645467,0.05667325424919632,0.050937860890560745,0.031203707623286295,0.16134574170966584,0.13247586731295494,0.1603654584958002,0,0,1,0,0,0,0,0,1,1,0,0,0,0,1.4495604311521078,0.7302773914348741,0.0,60.72763595284087,-7.309730244622625,-4.131281035701362,-0.9460348071168578,-0.18113949864658085,-2.544354328216309,-5.581449004419749,-5.915519389691881,-3.699001994654732,-3.6110516516468194,-9.574658747631569,-18.437860536248134,-20.980616617184527,-11.055933567610733,6.78083311105947,20.046901895069773,12.536247967029276,8.682294500358473,7.133983101305486,6.359072551653711,6.025823859660878,1.156829854463281,0.87806305937352,0.1,-134.90391948222174,34.7125158588088,13.435991245269273,-4.387801624485155,-7.7831476544979035,0.8824741502997321,8.969026846139641,6.7654000578836335,-1.8903999660639752,-3.5799233216035797,8.663373592083996,24.364136614426585,23.837309701124898,-0.6562677637538963,-33.57198765725326,-45.295834900049044,-17.996718563529992,-12.47538619408265,-10.474762095526206,-9.496364382348519,-9.080961713469868,2.4241707271388293,1.5792809026157473,0.1,-0.01069575308504078,3.231904533809684,-0.501318527079739,-2.4376800398323795,-1.4043284414813102,0.3556393848136825,0.3225602681520369,-1.1353983047449203,-1.4869151880902032,0.4330328490407578,2.6454912321132658,2.2560251203564827,-1.0652728918803367,-4.553898012438579,-5.279553703464433,-3.0698703929298965,-2.494754126449973,-2.2353150026150903,-1.9948990961746031,-1.8617633020378417,-1.8023540529060995,0.2864959286861054,0.3455037846446243,0.1,-24.38698232065034,1.3889567799915872,0.37135363766596896,-0.34964741616607503,-0.3599155822138265,0.014968750342744253,0.2076303492180822,0.10908090991190544,0.14890477631667445,0.6667904355496377,1.320095165639101,1.2633753660847955,-0.00812397578488655,-2.0113078675405984,-3.5191119824525217,-3.0481987522553045,-0.3819732746783586,-0.18258920248235705,-0.12950859059767816,-0.1011364419778062,-0.08864715023193456,0.349456627816202,-0.4152142272409461,0.0,56.551268882570845,-7.384085304340934,-2.6871354314209563,1.0082753655776218,1.3457266876576357,-0.8443355893699982,-2.5802363623189093,-1.8639894569688702,0.17836872866846476,0.4998285400651326,-2.346656203290199,-6.1022717158749815,-6.715101419221663,-2.620183787745793,3.1617778145642346,4.901792128648507,0.3219298573497018,-0.17193129644798222,-0.3301476915001711,-0.4093298664004099,-0.4431257918661268,0.2955216797722828,0.12157100388291607,0.1,-53.6590253806559,7.466723015914982,1.3552371455985837,-2.1655826782655394,-1.0551894320208939,1.5485734405618574,1.8282146026482933,-0.13504624328681605,-1.2712806656172206,-0.16693254372858735,0.9281067962176429,-0.7153603601479411,-4.322699863818354,-6.179162269766103,-3.9973161147558285,0.8233216759322453,1.8268710087046476,1.2085359976256234,1.0130013845479742,0.9253413851756108,0.8893140229234341,0.06461258671866478,-0.0655831057642472,0.0,658.784969079572,-52.403792196622284,-25.27233798232328,-0.4451170105851219,9.437626504140198,5.1215657057623085,-3.4801826362383608,-8.107001247794532,-8.34587009658432,-8.491524680459596,-10.52018772445377,-11.549829852221162,-7.8932959864812915,-0.25469689024357045,6.019617202230116,4.948074130507305,0.98351772573929,1.0424142369177236,0.8144554617052275,0.6480042051544093,0.5671397211239837,0.0014144738670505243,0.01721531600406916,0.0,1774.019176311227,15.89843809312572,8.451607679860674,1.3063779119318042,-1.7443194466861769,-0.3151145812853997,2.766381435898751,4.216591157029882,3.1236799486730784,1.2842868443141526,0.9047912712341244,2.167669392554984,3.2445366074104385,2.623658138525016,1.0454324677821063,1.0772488147013846,1.3135210044365948,0.7231506358811615,0.6038978997972002,0.5740976514881453,0.5667249983117344,0.9170345273767206,-1.2247200116779011,0.0,99.39554694138724,21.801232227824315,10.193412427577485,0.4455348229524629,-2.189924838343562,0.3419715544419102,1.8980476692813932,-0.7584407330755902,-4.166296607377891,-2.0389447756929777,6.882547844616054,15.550403973248176,14.395835869286444,1.0713111968422298,-16.041431278946394,-23.60146403583837,-12.503232562566536,-9.433020579923085,-8.187910087700297,-7.552957557583555,-7.277819922627093,0
2022-06-08 16:33:40.225446500,1.0493738176347551,-0.3715295405900149,-0.4852303772473784,-1.4290220341672022,2.54294959689029,-2.1223622993015887,0,0,1,0,0,0.0,12.52688408419557,44.61710057882879,6.476148654477018,0.06522034195342033,-0.31427821536342504,-0.04857582070887874,-0.2398259279852919,0.08930762333560989,0.30177127147375105,-0.04590882069712469,0.019591264979323345,-0.03216167419143787,-2.7473119094038427,0.18994560420240714,-0.2433591028657112,0.06539078252060207,-0.9019313828492728,0.0,17.808626302615536,41.735087814748226,1.7685991586159555,0.00504369604914689,-0.2893354185607652,0.010618805522781471,-0.2417800101637463,0.07366904253755012,0.033625248922678916,-0.06810356023455043,0.0038272289082847467,2.4930334984050635,9.556950262036574,1.3091080965842166,0.7297089542735389,2.181707863045848,0.9925270088482072,0.0,4.607890460356048,2.7917380642592797,4.932402999970155,0.015975842975601257,0.018230188041489258,0.056563824804133876,0.05093359100997261,0.030973218110026606,0.1616531160976098,0.13243606672874006,0.15804565772271348,0,0,1,0,0,0,0,0,1,1,0,0,0,0,0.08561448718894181,0.3293567035964253,0.0,60.73570904119659,0.9813304726809432,0.9840074724404104,0.9886425931106552,0.9955206220820636,1.0050959048699677,1.0180657985857318,1.0354996780953538,1.059072620142643,1.0915127529618347,1.137527744401043,1.2059445537819382,1.3154830553497976,1.514416925366663,1.9742842219772057,3.3701514058238984,2.260277093632243,1.10643686384139,0.8373139047028353,0.7485180462225334,0.7186043577911487,0.1815199908220674,0.40074690989471184,1.8,-123.49859291974735,-3.8220174650343584,-3.830922531070596,-3.8463285457404623,-3.8691595768985363,-3.900884334885647,-3.943745094043512,-4.001155412592512,-4.078410209315598,-4.184019082293782,-4.332395911825209,-4.549841337721111,-4.889775788286201,-5.479604566808566,-6.6980863332356835,-9.025890700361188,-3.4702660290647853,-1.798507815027858,-1.7279325133091719,-1.7787878238521129,-1.8144072416025276,0.2394407002676718,-4.521765057994335,1.6,-10.188823552556302,0.3291050703869871,0.3292192477494139,0.3294206776618178,0.3297282498855665,0.3301735189476931,0.3308079037437226,0.3317162092490076,0.3330430489985026,0.33504772491141804,0.3382278659649288,0.34362954896062514,0.3537491453442496,0.3758026224355313,0.438604444004397,0.7009055428385564,0.7223592074519956,0.5266329700533782,0.4660095279439844,0.44063033229423604,0.43049589845625946,0.03168000441922278,-0.358378822745324,1.7,-37.44000850124275,0.4581153879526312,0.4573928124160922,0.4561413513648711,0.454283540586561,0.4516957628892544,0.4481882642332642,0.44347016765637903,0.4370864619893207,0.4282986006290541,0.4158416688845068,0.3973819551727065,0.3681451922883078,0.3168515271226523,0.2124203237768325,0.060692850047847635,0.6312670949315521,0.7103967696916069,0.6860124189543262,0.6684160889954018,0.6601886259020227,0.00950551675053873,-0.13959828514852454,0.0,79.36090304642681,-0.4395703821715662,-0.4378771430918267,-0.4349488481380561,-0.4306117053900973,-0.4245899230389645,-0.4164633780045799,-0.4055943880226969,-0.3909977180598032,-0.3710983236630587,-0.34324761244705715,-0.3026628647420464,-0.2397860320470988,-0.13247556620253054,0.08059336016184647,0.4093624013709691,-0.6972077118180415,-0.913853684401858,-0.8940068478225305,-0.8713837490873473,-0.8597391176078601,0.016182010755683027,-0.2384737711457882,1.6,-71.93595011709394,0.4972083128371105,0.4973018992213856,0.4974646799911557,0.4977079875527632,0.4980502957384623,0.4985208424994068,0.49916637758091703,0.5000643545510894,0.5013507680267688,0.5032854316050597,0.5064289216226658,0.5122320638352695,0.5257095721747433,0.5747376821145522,0.9160454291846128,1.196883828830575,0.8786181321279947,0.7538524011547998,0.7002029550544331,0.6789643567123008,0.006263826574074646,0.09500979469208837,0.0,650.7857226479942,3.500573626057814,3.5023087000729163,3.505303899531917,3.5097274174048323,3.5158438302716637,3.524051152769786,3.5349431549857013,3.5494157838480547,3.5688551438026566,3.5954851329745523,3.6330449778336256,3.688162034755623,3.7728031256219636,3.8978257833753993,3.70990333749722,2.3908701763788507,2.607107431313697,2.766359618292165,2.8442440207595663,2.8771082819188094,0.00013954376975858774,-0.013434383128521282,0.0,1780.6714707156866,-1.2410764502840834,-1.2417917543585304,-1.2430250386159398,-1.2448428991935714,-1.2473494600123587,-1.2506999961745748,-1.2551233565138205,-1.2609590929884646,-1.2687201384930873,-1.2792006881579567,-1.2936605654957418,-1.3140930275013147,-1.3430598847738011,-1.3746744663260773,-1.2113472454496303,-0.7111032795758732,-0.8708011770348705,-0.9493226469813932,-0.9839270063636256,-0.9978730048240738,0.12414687422563207,-1.2663662180189674,0.0,138.64005571728154,-3.667970860332325,-3.671560844081787,-3.6777735994068657,-3.686985252536093,-3.699794445751733,-3.7171169021279735,-3.7403503276684265,-3.7716702417587458,-3.8145889017107057,-3.8750918278990336,-3.9641928285111945,-4.104538290440888,-4.3512208930113365,-4.875001703657087,-5.99636814697,-3.8134897929610765,-2.979689660118756,-2.9000171157384447,-2.9006421034158043,-2.907558675920149,0
2022-06-08 16:33:42.975446500,0.805470335986048,1.0732232735426592,-0.6144229151559344,-1.7125531292064702,2.876582718610035,-2.3249502711598917,0,0,1,0,0,0.0,10.71531936945752,45.24006394853395,8.131515302317428,0.08206625364455025,-0.3187865615577496,-0.06871820501641535,-0.22767445975737785,0.09220665344085403,0.34530815950931265,-0.06183546479920884,0.007688050436399389,0.025365512848758258,-2.5197948476080927,0.14703094206389125,-0.3091444408633601,0.10785407704212356,-0.9545626158305232,0.0,17.51556240121769,41.90476861443649,2.0101821781467923,0.006727445007239803,-0.2905021904667997,0.007527686071421563,-0.24130599372404155,0.0745930360761479,0.04457555518829637,-0.06709762415239788,4.262963055481923e-05,2.4852431163740563,9.511866566907864,1.3022434219092167,0.717983563502547,2.2148333504137114,1.000726199954681,0.0,4.593115503579825,2.7588264925621617,4.945621627957915,0.01905341332384024,0.018328916742239545,0.05666166910691527,0.05091762374859631,0.030869659123761745,0.16483155935656613,0.1323698874348049,0.1557824553589291,0,0,1,0,0,0,0,0,1,1,0,0,0,0,0.027761457704007668,0.21596952714504544,0.0,50.696669758482635,0.4885893375453678,0.4883124974518989,0.4878360084952345,0.4871356718625965,0.4861742639682802,0.4848977019033836,0.4832295285046753,0.4810639042739413,0.4782598385725634,0.4746506439886555,0.4701337089014904,0.465169335589475,0.4637219023388538,0.4963724140480173,0.8604789447165824,1.1656423741688502,0.8295528704746269,0.7153669569182419,0.6712031279990959,0.6545924553443442,0.3322382677793788,0.5375574988715879,0.1,-63.26036110146521,-2.944898646602285,-2.945324797009263,-2.9460720999399084,-2.9472031268609578,-2.9488218235575454,-2.9510966408427075,-2.95430430374906,-2.958916457504648,-2.965783360877194,-2.9765605180411128,-2.9948257693810856,-3.0295177847516714,-3.1082236310820104,-3.3480320870980345,-4.349324368785808,-4.040325427328593,-3.25698092187698,-3.0792560105851345,-3.0230740624065136,-3.004103993967412,0.050743347129349685,-0.5375492184919172,1.6,-15.63865107818366,0.2509602362283543,0.2508483961869896,0.2506547098933836,0.2503672217018871,0.24996688055611416,0.24942451218126216,0.2486955653476105,0.24771078028691185,0.2463588915235307,0.2444527069308272,0.24165805777187996,0.23733568816819034,0.23020397158538114,0.2185225653602294,0.23074916875875345,0.3379981029309279,0.3151163802154323,0.2999960533774053,0.2931007405075917,0.2903231385041025,0.020392668947859457,-0.2588594251927478,2.0,-49.03479822428145,0.505522056129454,0.5054444760574448,0.5053092265547936,0.5051063734173078,0.5048196749630449,0.5044233574336379,0.5038761634784825,0.50310990606051,0.5020059771182916,0.5003427208561166,0.4976630870473662,0.4928858048904505,0.482887700728901,0.4555820949353258,0.3613286422357991,0.4277162470062936,0.4969369765268459,0.5091211591168825,0.512202848795942,0.5130818523167099,0.007850521380384912,-0.13617109602504573,0.0,92.96233556504059,-0.5789463649539002,-0.5788159035689837,-0.5785881756240148,-0.5782459500376884,-0.5777609498865042,-0.5770880799525351,-0.5761547069963435,-0.5748398950252618,-0.5729314431970072,-0.5700287697988813,-0.5652962032788289,-0.5567295433860686,-0.5384402112776758,-0.4870448249486807,-0.299156171519988,-0.4062389500090351,-0.547179771020962,-0.5746708712672266,-0.5824061221451202,-0.5848173006529379,0.0053575291964273975,-0.11431592316930435,1.6,-80.31964163121475,0.3691278673104677,0.36893369399251696,0.36859735183686215,0.36809795395952,0.3674021804410916,0.366458922852158,0.3651899545280308,0.3634732655031567,0.36111192093496336,0.35777224887906955,0.35285183829282674,0.3451750973923193,0.3322797528387498,0.31000829050699474,0.3215242256365829,0.5102739528723514,0.4779420258266176,0.4530871785092936,0.4414771099132849,0.4367647850417898,0.008278210667323722,0.1130112387590598,0.0,575.1053124338611,3.512348161924969,3.512769254621695,3.513499206422388,3.5145843078765684,3.5160986372898866,3.5181563236145164,3.5209330881592034,3.5247051455772542,3.529922943180132,3.5373603663917947,3.5484423268230305,3.5660360046680535,3.596517121294601,3.6535647932197817,3.6721076541624815,3.2689020763787493,3.304278020204693,3.347930569174924,3.369158189416336,3.377883737319733,0.00014646197573725306,-0.01430688999554355,0.0,1807.5989766906114,-1.2639116863609274,-1.264164457317264,-1.2646020011799235,-1.2652509556646407,-1.2661536691187365,-1.267374775660727,-1.2690125134419221,-1.2712185992918992,-1.274234452991614,-1.278460377653026,-1.2845938435145356,-1.2939072583651772,-1.3086441750745619,-1.3291930163877552,-1.2653355588482569,-1.0148802807604866,-1.0991760233098304,-1.1425045141086765,-1.1612129683572905,-1.1685772917470985,0.0476730704730127,-0.5005017217469447,0.0,208.90370680897186,-3.302284480335601,-3.3025572824673013,-3.3030329391998285,-3.3037464992128887,-3.304755275782858,-3.3061502365875857,-3.3080770163250017,-3.3107762956063542,-3.3146665552554437,-3.320529040300816,-3.3299712358638542,-3.34678118251333,-3.3818280412629207,-3.476761717819495,-3.8000313618350754,-3.569119874268562,-3.33333795829994,-3.291557641571424,-3.280734546411197,-3.277574446214537,0
2022-06-08 16:33:45.725446500,0.5674348909940964,2.527219297918003,-0.7560083775380909,-1.9944948548588108,3.2075475528211386,-2.5263368472385888,0,0,1,0,0,0.0,8.889232368095326,45.85850679051129,9.735289881014737,0.0989121653356802,-0.3231516852762437,-0.0884420324321571,-0.21545019620704112,0.09477360398391207,0.38871283165035214,-0.07722662819213387,-0.0044644873970000176,0.06864296528575156,-2.2546030234437198,0.1059389259576788,-0.3756684626693329,0.15219517740457725,-1.0029761056455069,0.0,17.18351412549089,42.09590299611311,2.3050927774197003,0.008792256572125635,-0.29179678350193955,0.0038174062355829327,-0.2403101680347647,0.07544574018173418,0.05507393077300171,-0.06660873315191221,-0.0038282058198191595,2.4798439141249173,9.46966964446014,1.2997331435591628,0.7247214033359058,2.2538474761635565,1.0198248504688219,0.0,4.625525814547507,2.7217398621890765,4.97752265202291,0.02286185499525433,0.018486850996621458,0.057023252261292574,0.05088777676895263,0.03087189438030422,0.17048367976988613,0.1323206439267912,0.1535871318835116,0,0,1,0,0,0,0,0,1,1,0,0,0,0,0.02342492111494348,0.19321205748746345,0.0,41.07720130298068,0.4164325466644896,0.4162989135126214,0.416068029081639,0.4157266043017751,0.4152537133231324,0.4146178589327971,0.41377209910568297,0.4126459306636483,0.4111316595261114,0.4090617996202988,0.4061758732512125,0.40210797892488,0.3967504289629765,0.3951977141192671,0.4796107381452239,0.6174934190203958,0.5304877862299567,0.4960613315825169,0.482147984833801,0.4768179238551561,3.028938840655813,0.9985902991808052,1.4,-3.697134532167413,-2.7452399904799165,-2.7446832948303563,-2.743718835069485,-2.7422864274548653,-2.740289995059376,-2.737582022907149,-2.7339364317918635,-2.729000024840241,-2.722201540223144,-2.712570663807897,-2.6983505839593067,-2.6761033077957608,-2.6386202186626133,-2.5738556697348782,-2.60963302842168,-3.1576121801499726,-3.058721645603818,-2.985394441991328,-2.951559171895485,-2.9379126786227565,0.02670440264491109,-0.31938448323843105,1.7,-21.017338743536197,0.2440103081845044,0.24384161092559675,0.24354880397152054,0.24311265260372794,0.2425022021073677,0.2416693811411892,0.24053937160925956,0.2389928498434064,0.2368313692964783,0.2337045846055945,0.22894141476928964,0.2211050118860225,0.20661634886398705,0.1749669117199551,0.12071521444033073,0.2813492510935862,0.30566793697321154,0.29788586944439194,0.2926055111374161,0.2902348699248771,0.015411101741533078,-0.21508591416663447,1.4,-60.656963474172365,0.525378920593397,0.5254139267708107,0.5254744269899287,0.525563936099946,0.5256879979563678,0.5258549773534251,0.526077384335442,0.5263741032832305,0.5267742017436321,0.5273234559369824,0.5280947786884072,0.5291973048896697,0.5307058610842832,0.5315126305544324,0.5115273275844296,0.4755303743772252,0.4965693677460252,0.5051281727729351,0.5086150438918918,0.5099552050398471,0.007336076133943275,-0.13267650365821348,0.0,106.66271318572454,-0.6189299651648525,-0.6189968045533476,-0.6191122787028327,-0.6192830207010296,-0.6195194717377817,-0.6198373394714087,-0.6202600162061174,-0.6208225965594893,-0.6215785974531234,-0.6226110148457065,-0.6240482153977052,-0.6260677206000667,-0.6287037799062931,-0.6293098643147288,-0.5861364522492614,-0.5170519256478241,-0.5613801067824884,-0.5788196109003312,-0.5858547979733906,-0.5885476822968891,0.004097001240488804,-0.09482953536935168,1.7,-88.57607720056214,0.3684436757341168,0.3683908999328018,0.3682992406591765,0.3681625766630123,0.3679710323661087,0.3677092180757384,0.3673530702671557,0.3668639781457301,0.3661772169554305,0.3651773057489254,0.3636398004308372,0.3610737987193615,0.3562129460502033,0.34504443012885844,0.3211597269162674,0.3707861871985254,0.3841862899687816,0.3832964343252767,0.38217568955823467,0.3816221838893272,0.010543952066782884,0.12746432806639327,0.0,499.4222240376658,3.521597189634022,3.5211670145400973,3.5204185316878664,3.5192993426853363,3.5177243458718337,3.515559702472629,3.512593626305748,3.508481087795744,3.5026324355230187,3.4939693239040643,3.4803267470891357,3.4567510513183985,3.4095432968816155,3.2890058793911585,2.9267520740334394,3.2997467561661584,3.5533929522411536,3.5872610229921964,3.592761385451297,3.59350217361385,0.00014295829480245875,-0.014035615269826236,0.0,1834.5114670363541,-1.3017368230340478,-1.3014459558434055,-1.3009386283688968,-1.300177151500435,-1.2990998192215386,-1.2976085269860675,-1.2955458656203405,-1.292650945417947,-1.2884684418204628,-1.2821440790000764,-1.2719080182568945,-1.2535483003078127,-1.2147969676494554,-1.107484499396456,-0.7249179969140584,-0.9653296755712546,-1.2507000273289108,-1.304220359133673,-1.3186542285562552,-1.322996110250943,0.02626761149605261,-0.30967057692343675,0.0,278.800118034461,-3.3047205746428996,-3.304370263459063,-3.3037584477108664,-3.3028382593256254,-3.3015326640613867,-3.2997185507588487,-3.2971971037257024,-3.2936362262283123,-3.2884509670467437,-3.2805320490579764,-3.2675527205466475,-3.243895353144855,-3.192912183904695,-3.0476657189069307,-2.503227283895372,-2.785917865363329,-3.1980650922459213,-3.281078910004795,-3.305059338281637,-3.312678629621169,0
2022-06-08 16:33:48.475446500,0.3836755164723146,4.126056327856372,-0.9670208755851132,-2.2693114587653764,3.5299016856693712,-2.7281413231786042,0,0,1,0,0,0.0,6.546972073018142,46.846236319440784,11.723853107973447,0.11575807702681012,-0.32943654872167755,-0.113524579796593,-0.19965519880757626,0.09547516437425542,0.43303224567095294,-0.08881644029383977,-0.017109377839420948,0.09775832492143713,-1.95162857129584,0.06661206507388223,-0.4429376621891101,0.19840808906627533,-1.0471987458893095,0.0,16.81196233239732,42.30880173599858,2.6535998798573224,0.01123813074380439,-0.2932207164342749,-0.0005162095851682729,-0.2387897049391202,0.07622555510719621,0.06512499330424804,-0.06663278473584587,-0.0077865958111776705,2.4766937498188466,9.432341947261524,1.3013728523838315,0.7497124735021403,2.2988106669188304,1.0474334485856691,0.0,4.713701483027197,2.6795408858738914,5.0305333097797,0.02724746060027743,0.01870669989990715,0.05769016904963632,0.05083637475960355,0.030963540449968695,0.17818193261494072,0.13232578598969194,0.15146656662540706,0,0,1,0,0,0,0,0,1,1,0,0,0,0,0.035933405940207636,0.2136802426976519,0.0,31.54300579411872,0.4296758430266752,0.4300749568570463,0.4307671714079655,0.43179702835292577,0.43323597736435815,0.435194472343956,0.4378433722264343,0.4414529647869194,0.4464679327696526,0.4536619479807036,0.4644869877768853,0.4819590202141005,0.5132193082290896,0.5768914815355675,0.6491963895246113,0.2721076306946587,0.25872190988744026,0.2878556796735142,0.3039270613111424,0.31080187922591923,0.3182561859157641,-30.745510135995488,0.0,55.75764027645491,-2.6541087304056585,-2.652802548690044,-2.650537982541521,-2.6471708125612867,-2.642470064513021,-2.6360794782416512,-2.6274496340446345,-2.615714900923125,-2.599458863899918,-2.5762356752417785,-2.5415050308588065,-2.48599851720213,-2.3884790654361114,-2.198658558957379,-2.065674044031004,-3.314897097369561,-3.2703682393948665,-3.1505647089690583,-3.0893980676315564,-3.063843269297829,0.02042996536700116,-0.2687621644075754,1.6,-26.42586100065677,0.2071535010680252,0.20670730223164835,0.20593459841942074,0.2047877449794071,0.20319083111003544,0.2010276295727007,0.19812069331687976,0.19419424119284767,0.18880539911102712,0.1812094772479893,0.1700782752562685,0.15287601765405778,0.12455140530527653,0.07860904215549047,0.1335698816320804,0.5670047343474964,0.4690639960490005,0.4062376178771108,0.3777556843602673,0.3663181337874519,0.011590569608113171,-0.1781921274376221,1.4,-72.28983713775344,0.5344974224754289,0.534553251861615,0.5346498912463815,0.534793223215627,0.5349926006220089,0.535262300413867,0.5356240281335145,0.536111321268238,0.5367775916554498,0.537711540297475,0.5390681818435945,0.5411321557736426,0.5444147479218706,0.5490872936841633,0.5356781251442893,0.479917986912729,0.4980042662620494,0.5075338222605528,0.5116790418266111,0.5133151184048098,0.006199108504508528,-0.11993197131165585,0.0,120.38735805641409,-0.634581558127298,-0.6346473014306966,-0.6347609572441382,-0.6349291881094743,-0.6351625194354621,-0.6354768697577331,-0.6358961266572871,-0.6364565261942481,-0.6372142573517237,-0.6382588760847021,-0.6397362574897838,-0.6418772332139131,-0.644915500947719,-0.6472384604685244,-0.614170224710088,-0.546902184634197,-0.5826509184810247,-0.5977433717142637,-0.6039628955475362,-0.6063650579935674,0.0035644241260503577,-0.08703632898635325,2.0,-96.8271453423857,0.3730950469125638,0.3730863394401531,0.3730711553057207,0.3730483722423994,0.3730161537549108,0.37297158190086943,0.3729099782616623,0.37282359503225226,0.3726989213925864,0.3725106299607637,0.372206297873642,0.3716613363769445,0.3705139555609223,0.3673557150565761,0.35633992015910776,0.3639040998703145,0.3719961287882154,0.3734269839952011,0.3737910175210273,0.37389570558756346,0.014581486118230272,0.1551678592993202,0.0,423.51454660442533,3.3057460025590046,3.3029043517639916,3.297985088448669,3.2906876950775867,3.2805333158951484,3.2667883243004354,3.248330771677004,3.223410300560527,3.1891937849444627,3.140841316778665,3.0694378248180154,2.9567377142658198,2.7595662495149313,2.3618902158995017,1.93038000993462,4.694573955717782,4.8880357372883765,4.69054397251059,4.56294120740087,4.504225856066183,0.0001708547080415387,-0.015411032306837172,0.0,1861.5592577330096,-1.20353201346893,-1.2004696560092043,-1.195169466981639,-1.1873096677207116,-1.1763779930580966,-1.1615906308275328,-1.1417509041326497,-1.1149959372880147,-1.0783188333223777,-1.0266005859204623,-0.950450592645339,-0.8307228946209051,-0.6220111707304667,-0.19645492644722395,0.4419545940361687,-1.9657782558543249,-2.3527623749075985,-2.262286299856946,-2.188289328060112,-2.152354784669921,0.018358172974731808,-0.2398149810437709,0.0,348.70850533644165,-3.2939914593955564,-3.289386667303233,-3.281414169247512,-3.2695851468423243,-3.2531202605134624,-3.2308245684956134,-3.2008685829348926,-3.160393670934555,-3.10476247839822,-3.026025427014549,-2.909451209548658,-2.7245107649314364,-2.396467786837288,-1.6953283754442197,-0.26371205807042664,-3.4465688374764083,-4.468549211004048,-4.5082965134365915,-4.4729073250041065,-4.448933827148481,0
2022-06-08 16:33:51.225446500,0.4979140680454155,6.453445859412399,-1.433886150603752,-2.5304418350177382,3.8476572211188866,-2.9324652616591234,0,0,1,0,0,0.0,27.01988852388205,35.497646798635564,-4.1435085421166615,0.13260398871794005,-0.2689317613405273,0.09868591922378443,-0.3700646385462544,0.16441614872521626,0.4308587034084293,-0.10542145936080226,-0.06874424482407847,0.11305856317603105,-1.610060741259672,0.028726314044694275,-0.510938420491534,0.24647845098493845,-1.0872294053507348,0.0,16.666875391328652,42.428826528779275,2.897897695775804,0.01406506752227607,-0.29424092669924506,-0.0032095132805989948,-0.2389205541734098,0.07783564481914808,0.0741650908324867,-0.06742260520336975,-0.01209996476597434,2.4755346812580012,9.402255765720644,1.307361265260268,0.7914950313765495,2.349722182318811,1.0811472048214217,0.0,4.740937382488486,2.6230061595645715,4.999644948506592,0.03208955532452496,0.01861846544851288,0.05726519614944262,0.05187672478290555,0.03258198541111123,0.18637168763086107,0.1325052623896293,0.14947866502873464,0,0,1,0,0,0,0,0,1,1,0,0,0,0,0.12096626122398554,0.1882536324160228,0.0,22.193826571163637,0.627993471650099,0.6291003133987081,0.631009802333635,0.63382703232298,0.6377167861280035,0.6429257858476853,0.6498196432243984,0.6589447809075077,0.6711346209498805,0.6876961599320784,0.7107370691021384,0.7436483850901562,0.7906093481531113,0.8349166967486383,0.3829391166721955,-0.8466180179013802,-0.3801987060032333,-0.1384398284088395,-0.02730638371168015,0.018078597943152697,0.10051481052464042,-1.0491293057148865,0.0,115.6441100729389,-2.131354769123906,-2.1295256683339865,-2.1263731268862145,-2.1217290028585647,-2.1153314107172028,-2.1067922103085586,-2.0955449431823947,-2.0807625446613844,-2.061229861480038,-2.0351617029288698,-2.000039280700999,-1.9531493223601235,-1.8985322154370827,-1.9249370372917087,-3.377287700176608,-5.962283434672536,-4.582288206785402,-3.9550364189651632,-3.673393617670076,-3.5591136401986003,0.03790280291094725,-0.3114655030350767,1.6,-32.02508317109345,-0.02019338343665389,-0.02027271110889872,-0.020399442473148618,-0.02056280924828391,-0.020741493409038192,-0.020893995122563732,-0.02093898025423191,-0.020713483803743826,-0.0198784290333458,-0.01768672220944667,-0.012346109236760605,0.0010397864824926994,0.03902808850472528,0.18336177480503624,1.0597546527659756,1.5745881785562992,0.8335484080028377,0.5699514729504009,0.4594432370678313,0.4159174511087977,0.008901060266534753,-0.1483262242892224,0.6,-83.9147048238904,0.5515983519405605,0.5516027477682197,0.5516094877786379,0.5516174464540065,0.5516244409657709,0.5516262803968424,0.5516147906492166,0.5515735131677624,0.5514676860466811,0.5512187346733186,0.5506311321581518,0.5491452986511616,0.5447781980296336,0.5276451206304253,0.4308009356434668,0.4113440627183049,0.4935323338933455,0.5171065548095626,0.5256372850289535,0.5287389400281775,0.0051379576743790754,-0.10620391541420827,0.0,134.10930327056332,-0.6528784469377875,-0.6527765450822329,-0.6525987327246803,-0.6523316704356112,-0.6519535005822785,-0.6514294378778072,-0.6507036081630835,-0.6496833029561824,-0.6482065498739691,-0.645969153782973,-0.6423401404383058,-0.6358141928074468,-0.6219760608826408,-0.5831211301322621,-0.437327364852036,-0.5098553341489911,-0.6224652392611391,-0.6461788474594616,-0.6532249005262016,-0.6554885874087629,0.0031169052465558488,-0.08079169590384662,1.6,-105.08220805219204,0.3737334417019689,0.373712511749174,0.3736762932063496,0.3736226038304302,0.3735479881918869,0.3734472054747213,0.3733123663550497,0.3731314646691519,0.3728858257644321,0.3725455815396099,0.3720616762582267,0.3713533012892865,0.37030398856797264,0.36896744706967377,0.3715641346628362,0.3827838684356317,0.3806729934103723,0.3797267978565042,0.3793031989468028,0.3791179049734849,0.3120448917313087,-0.27908799765882697,0.0,475.1176000477325,98.206445315316,28.817775107969307,-22.24847326723163,-25.688945104875856,-0.2432413395592654,15.945572769958902,7.808833834491303,-7.2898095283582975,-7.449590363029669,6.263155985484487,13.906571459743722,2.6344492142104325,-18.75391954974328,-31.563588606939746,-25.63463951094301,-9.15768060665544,-6.365041825951893,-5.2406672113643165,-4.676604005012419,-4.434000413449908,0.009997097789555971,0.044505576054610585,0.0,1833.6757412724953,-42.54829083650338,-13.562009017154109,7.9698652717397644,9.705187230089225,-0.7181358111909901,-7.3194335416152105,-3.7231959683205247,2.378325898495476,1.0596731365291845,-7.086408458750334,-11.776420644540037,-5.127456753432163,9.48908995804891,21.060760310899177,20.015548072244393,7.084781212240429,4.948851004026821,4.1272031021950255,3.7120619101857595,3.5328299473161984,0.33030497207227033,0.2902232969351352,0.0,342.8866371161659,-60.18991247252411,-19.63207145974873,10.498605029547221,12.240032853845818,-4.171149454012692,-15.2559452049125,-9.932695450150165,1.6538632591287392,3.061810797246346,-8.57495453618339,-19.59588654124573,-15.252325382664313,4.521105136399699,25.36903446922063,30.649058189831948,12.755300898022142,8.415420844933056,6.750733285030295,5.927980952614943,5.576944252042911,0
2022-06-08 16:33:53.975446500,-0.20827074434317594,-6.5127488636596045,-1.015778947873111,-2.9649239475605382,4.549440973613528,-3.354921399244536,0,0,1,0,0,0.0,17.546517197729113,43.53998131566918,3.867807920901757,0.0017386793919368286,-0.3199992873260973,-0.013550720690790212,-0.3126259017977743,0.12066076889520234,0.5663802097322966,-0.12993493103798648,0.041992162897277474,0.12123248476447655,-1.3688109004873472,0.006765968162980015,-0.5798511332422903,0.2968747277038328,-1.1233562042364804,0.0,16.444539027063364,42.60731538563901,3.1292627100140766,0.014890645028900034,-0.2954767433392311,-0.006152306307738993,-0.2384920365907447,0.07856623191457503,0.08332084497609635,-0.06842581124000842,-0.015564413798280491,2.4866279109770373,9.342342101957511,1.3211605544260154,0.8484741594261109,2.407421708423668,1.1192553477481892,0.0,4.707605130804028,2.508982325830273,4.907782437489169,0.033481678613112346,0.01846217084464081,0.056081364305083814,0.05211183545554675,0.033006083652900836,0.19703985539283744,0.13322469525175548,0.147672627113826,0,0,1,0,0,0,0,0,1,1,0,0,0,0,1.8196658811569881,0.3069550689504886,0.0,16.227531265275708,4.0081273386925735,2.6469247721698896,-0.631129278732071,-4.316675386614008,-5.345964319331094,-2.574966117735113,1.3073044879501396,2.3629167651039227,-0.10838539097724242,-2.511926748111095,-0.8927166736179653,4.465834022804822,8.988837266426806,8.26096678835151,1.045715193663797,-3.0943160609437905,-2.009059467201859,-1.6525215020169624,-1.4970490474295348,-1.4340474585845782,1.1084930040417054,0.7341546272096829,0.0,109.34361485106041,-49.854424244143885,-13.192118689837447,9.640656391462423,5.2921811623499915,-9.904623573439196,-13.245342172373324,-2.540462994949688,5.151659235363099,-1.7584617946502077,-13.797049224684153,-12.676750205641833,5.456845009849342,24.824012394122022,27.614360320928746,9.74804727508332,0.6531175244171674,2.102129270426942,2.0215015410887505,1.872646564421636,1.791292738135615,0.8727635505641854,-0.11092476629030427,0.1,-30.8573093346697,3.892072762586476,-0.8162576394278416,-2.1102551759823047,0.8952462741572171,3.4838746988441263,1.526187864937388,-3.0866889701858766,-4.7341013813512856,-1.2253471745905244,3.2069886333734448,2.9001789883308566,-2.3493092171372103,-6.8099073561823085,-5.077934438074772,2.781808617334078,3.3371019289040733,1.8546318952431669,1.4468387429776002,1.2689283749041178,1.1966962946132336,0.0078841327594813,-0.1445049623024431,2.0,-95.61751102521887,0.4905905654724574,0.4900238323012189,0.4890431137413493,0.4875891253860027,0.4855674962860181,0.4828338222258539,0.4791675405902729,0.4742248765999393,0.4674493383992351,0.4578875319399458,0.44376590398385,0.4213493850852976,0.3810338452019244,0.2891506931873722,0.05579804868514016,0.5708113304788536,0.8546599336473077,0.9185515969141936,0.9381358694166348,0.9439793057779212,0.005520383063561734,-0.11920599698801415,0.0,148.04244176257956,-0.4599451670845891,-0.4595630852951302,-0.4588998278510808,-0.4579116416998996,-0.4565279661174984,-0.4546388557175414,-0.4520722972799494,-0.44855172031518986,-0.4436112380138839,-0.4364111651414704,-0.425286401050891,-0.4064495923792935,-0.3693964733060615,-0.27755420162075506,-0.12256533403045512,-1.0976688288260998,-1.3467744927356984,-1.3517951884832782,-1.3359001127811156,-1.3254687164808336,0.0032216594839205906,-0.09252836763180604,1.8,-113.48141869050406,0.23043220533578254,0.23103546910003736,0.2320787604663153,0.2336239678397476,0.23576920094695186,0.2386636522218213,0.2425331133336295,0.2477247410592467,0.25478892884902704,0.26463780065797105,0.2788745633868301,0.3005367034707933,0.3359173077956199,0.3993311983352323,0.5257852156499649,0.634097820072606,0.6665837851565621,0.6757928477453776,0.6748283839990694,0.6728829248376825,0.22771313772438345,-0.1576212226150756,0.0,508.6701705575909,-23.401894446773056,-22.691956940694126,29.046185521742398,-10.334468753524844,29.35639793916706,-4.107050276136023,13.981524494863963,-17.89628746966712,5.4565409691498274,-17.63613351629136,-4.02587700386875,-28.50036161794075,43.38040490281036,33.43819978539243,-29.116633859039602,-10.36112033525066,-9.876490805593717,-9.399972749016154,-9.144186365634443,-9.031283280520807,0.009101395113863549,0.011260536522612285,0.0,1823.3628421940653,16.43071280516989,13.720488643065579,-11.673336554472256,5.526291085272932,-10.174165838172527,1.5263872172221509,-7.541989920339475,4.2476056865479705,-5.0214155480616895,6.908126360374191,-3.5690615550291263,20.981299782414716,-21.495884663322702,-26.19834145004025,19.592270507793728,4.010017863661481,4.1082304329473445,3.929906024871201,3.8336337315209263,3.7914350260983785,0.4303585501820583,0.16825479333279514,0.0,304.91805417414844,-16.16249945922285,13.144020338702203,-4.988650060942738,13.58422011686342,-11.25527455445365,12.515096298768187,-6.1410204032732105,15.496279867442427,-2.9108579905699425,15.007126485859912,-6.276893450143389,18.08812731979502,-35.15740995281017,-57.53936573078025,28.08615094690364,11.933466949275847,11.426115463883056,10.79572716312886,10.456404647026297,10.307749066691457,0
2022-06-08 16:33:56.725446500,-2.009659724464656,7.442575257049563,0.2946733609845387,-0.07149333876315671,-1.3049514634148305,0.5088241970639817,0,0,1,0,0,0.0,13.155322515922313,44.66937066865449,12.128194867645545,0.0008310197241897154,-0.3061629599750241,-0.0979653049771224,-0.15344157043175685,0.08047329258619848,-0.17750300283377035,-0.12591660516718076,-0.08550163754799299,0.13419767461516025,-1.131446051864367,-0.006876552512749943,-0.5867965279689318,0.25714745462088,-1.0860693211918244,0.0,16.314886696974163,42.707657366524856,3.2000155227883034,0.014863764810411413,-0.2957408470090741,-0.007332112201317576,-0.23704521260370304,0.07787156498531053,0.07933949949218101,-0.06690123448754785,-0.018979787988099052,2.500459110577572,9.27682177174633,1.327159944609417,0.8628673985869453,2.402079135738227,1.1307936373071938,0.0,4.697758536604949,2.467352748535434,4.915810889680269,0.03349250158628083,0.018245443514912217,0.05584984119277005,0.05276378725238413,0.0338961216024859,0.199047401945386,0.1344149070296084,0.14596679480093516,0,0,1,0,0,0,0,0,1,1,0,0,0,0,1.950375935779172,1.002026977710028,0.0,19.449055908692657,3.820516795513613,-5.293542525060398,0.4500633243018619,-5.539594834672035,3.35626961496508,-3.8323200723931423,-5.280816963180888,-0.7016716806587247,-2.5617538893564875,-2.175439762571802,-5.65441662808578,2.4211513094149324,-9.45261341824811,13.154480653499766,9.678671214742074,1.5339872703410082,1.9306636872010832,1.7383225244161478,1.6117252998083162,1.5521811407255024,1.509176629812096,-0.2378780625409843,0.0,82.84121779250398,-7.921081393806286,10.532817564684553,3.527036113509677,9.95105644185661,2.6240689287565733,12.377640072443759,1.115824562191028,14.167870100438016,2.625394463517692,18.87937450251343,9.141020614839588,39.5590470432493,-46.07183611546442,-29.22735229949314,-10.501439530673203,-6.534869305493358,-1.7448617704667098,-0.6070609951705586,-0.07241843158333339,0.1538727283068173,1.001224667522029,0.3023193015118383,1.1,-26.595878174918973,1.138726208562191,1.5476791454608958,-2.4189527626056457,1.6042395974015775,-1.5160693366146445,2.4482744058369814,1.8121094700194051,-0.6019455143517394,4.041835639940143,-3.0881545040926004,4.188056617213911,-5.068677005765165,3.82394240450784,-11.940732511830625,0.005430962035907871,0.7275210998862418,0.15337766422710675,0.0974496750393634,0.08247423964174061,0.07852293739565812,0.41464404738501204,0.2535443058415144,0.1,-77.22976325471535,18.39881467674295,-2.0439502238755343,-7.434170869469278,0.02980351964159312,2.5349752520492403,-2.7552173840502032,-4.248128012257913,0.14666425337294298,0.9406948355530056,-3.2770171320701125,-3.2188317962531783,3.125038509260024,6.269191821792535,1.5835522492747471,-3.726042586465951,-2.6351387971440907,-2.194046694439164,-2.040969495438975,-1.9687260547924064,-1.9385455556508613,0.3622947222117798,0.34545908088496924,0.0,117.78135777466366,-27.45718707712265,1.635519846194022,10.223126220910336,0.31232287919244683,-4.0358140876617625,2.228082221816754,4.587857578411929,-0.4947295372649192,-2.2099852780487725,1.2560227619438633,0.5183692529452326,-4.567536083286907,-3.6205950543886303,4.42068676825934,8.529217220881783,4.6222865522325165,3.73117649235004,3.4097470403249988,3.2555500991190525,3.1902507818280617,0.3379344347313621,0.3138520447271486,0.1,-88.65191460677502,20.285984837877493,-1.8967949934932185,-8.158025495702656,-0.23637230254876584,3.120653400137055,-1.9245807087230309,-3.9020084981319743,-0.021545322962684743,0.9906237027665656,-2.5490972545137196,-2.7911441924185265,1.6157025336627644,3.0964206584468146,-0.4575412965564416,-3.031769215730582,-3.0219289138956675,-2.6843073691369783,-2.527213583948832,-2.4527535763986723,-2.421343215907175,0.34186980621529045,-0.13239762956397544,0.0,554.7811669981247,-89.31959474305796,8.299172479348249,35.831515924262675,0.7895720561780664,-37.2349786108869,0.7750505983252367,30.837288520357696,-18.956361803678114,-23.165960480775105,11.060401102895689,4.236958692959295,-3.493025317345209,-69.95548356593592,52.43085594337136,-10.202806575036787,1.855278177433398,-0.6691576939051789,-1.483687093528606,-1.874465620589952,-2.041674053192456,0.012733372801159172,0.011565065906684336,0.0,1806.943534478392,39.877601170887935,-4.328492367890561,-11.861710902921631,-1.4392177890621554,11.409463055471887,2.884081489650839,-12.829730771007267,2.553585103573681,12.435296134137975,-3.154252567566708,-9.16123881792691,5.62192925129677,32.896335953188945,-29.595516914587826,11.788631533759355,-1.8999511358820629,-0.3104922756920345,0.13838431119157235,0.348968824525528,0.4384210899852317,0.8169443172316219,0.03277261923070314,0.0,227.58234140236684,51.45658769800765,15.118254575245938,-2.10048661747318,6.094873469048089,17.030582845349542,-0.49258220321332397,-6.076464782651888,16.080245067988802,16.22269613840085,2.6144849071930256,1.3055508956178272,23.92063823836046,63.13803177969425,-62.81950123000486,-8.843857493621291,-9.770118495349802,-5.382803180921136,-3.9601814458968487,-3.266083513430317,-2.9689097237288435,0
2022-06-08 16:33:59.475446500,8.532754715049995,6.100540142657119,-2.181849502475551,-1.032520158205208,-1.5846440938225217,0.14601856233649727,0,0,1,0,0,0.0,33.568881427742824,28.997434838499174,-6.402018378894542,3.793368193323461e-05,-0.22515589686336826,0.1580470230231483,-0.4096392293755621,0.2200382833637876,-0.014058480526112402,0.32971507855302845,-0.2054883983526608,0.2508337981831939,-0.9966552044596791,-0.05052089323213658,-0.5949059782246837,0.17939038536024554,-1.0286782825016167,0.0,16.651628401201055,42.46909393178468,3.018359311949621,0.015066796414449163,-0.2943456292928252,-0.0042952622729555395,-0.23956366589420575,0.08005934693985944,0.07313630586434608,-0.06026614395659171,-0.02407860859820829,2.6881696297777893,9.231853704168088,1.3550341845086773,0.8679047325642086,2.3906978669874426,1.137350333202806,0.0,5.129184631806459,2.9672887041285736,5.007980142020372,0.03371667422497263,0.02001221821947633,0.05883281260733515,0.05623926932867005,0.03787392074189835,0.19938663051585315,0.14263032651263824,0.14607827997278305,0,0,1,0,0,0,0,0,1,1,0,0,0,0,1.3986418359385566,-1.9524279803992652,0.0,77.50145734620993,36.733416256755795,21.13872093895651,-8.322996404355763,-23.011928005698227,-11.0489205671965,7.622651987981558,-1.327541111436175,-1.15028693002095,-7.1282218311636605,-9.668338440809318,-10.074542172541037,5.6599058616025815,8.835074429063322,-24.002551119350986,0.9851825270186768,-3.9196413956702,-3.962646041003676,-4.0083254893749904,-4.025567746924909,-4.031888705807113,1.626854378905904,-0.13196355492063552,0.1,69.31049406439585,74.02308054474172,13.215260855174774,-17.88630873038374,-11.672213483346887,6.2899952050312065,3.2180799642422118,-6.852729346146608,0.4965018053393813,9.461841983877306,1.61354660223566,-8.44801335031956,-36.174677466684635,61.33387475712821,-8.32173934164032,-20.018714062896144,-1.4313408733365964,-1.5409751506055027,-1.3877196358056203,-1.2916754343495276,-1.2487337498919917,1.0213920797203708,-0.4569849877455112,0.4,-35.645224839785186,-13.767800214871592,-4.384537119891951,3.6048744162024433,6.601827556866593,1.2772780085953397,-5.676586380672172,2.9229044691751325,3.1514092173550243,-2.6934921294342598,2.332064309929457,3.8795579108942837,-3.2887779816165215,-2.2245882948053364,6.5533057203921645,1.248675827897708,-0.1450045735199701,0.482740937230725,0.5579153902297268,0.5859539174340495,0.596301949250405,0.4678562344594198,0.18740557960368076,1.4,-59.08708428529202,-7.4084164266009855,-0.06100157611665756,-3.73499809086924,4.145012181861039,-2.4945724879565696,2.6390610049383683,-5.13331989141296,0.9139237922243302,-3.2875883533566874,3.2355364985422814,-2.295916094711305,3.4105364981198,-10.868871430454607,6.165390867412184,-1.3099486915904532,-0.7118302274699637,-0.7123962996719229,-0.7086448597150171,-0.7092152483617749,-0.7098194336837726,0.5629315397995374,0.497742921276386,0.0,68.09637195186255,-5.5492219950895905,-4.433344353026637,7.84422236044147,0.9518543937525284,6.838591964180073,-1.9859541508052048,4.677033811754329,-0.6785455031379386,7.229261079162978,0.4712447276933287,1.4944339526685226,2.682181834063683,8.830677970400762,-8.865820278664499,7.751262472055457,3.0814662550345884,2.8955785884348617,2.8300075503453805,2.7995703183301814,2.7871797307684885,0.3709371170570032,0.3616799072930111,1.4,-56.02916744974064,-1.9025419337812115,1.1322426623336677,-5.478531141055028,1.9060901673926016,-4.144989516614347,1.6918073330814312,-3.9517939765062433,-0.07093733459820029,-5.0697197162772385,2.0456656571769543,-1.8666064129765143,0.06944887844692271,-8.636691394707409,3.84319203950652,-0.7204447868031933,-1.9098587635467397,-1.6140272059153786,-1.5794852586766683,-1.5689747581617228,-1.5654981456932378,0.3281773168868569,-0.3324892711124581,0.0,805.4337233653242,172.67620893833615,7.929317275283452,-46.90538470478342,-10.514644656779351,-7.5936451682344925,-21.69943280272338,17.633576621910738,-18.35758578070485,-1.2028930096486192,-27.22708642137981,0.4283403886812138,13.136855671069696,51.41065191775718,-83.50162553356232,-26.846744012135176,-15.622774315614322,-14.879074273930213,-14.190831889911141,-13.794015560382626,-13.612910660417436,0.05273415593506416,0.10824492946335018,0.0,1655.9215766174607,-115.46243496338529,-14.587267331417566,32.26512627653102,14.804780540741687,11.676822479377789,3.6712488147843634,-7.1551124863042626,6.742471995576138,5.30870325520754,17.702009114506318,-6.099617456483473,-13.191345685342293,-23.727956544578678,52.07341708117433,24.81423828819787,11.525109320427106,10.895313240398938,10.415515775505039,10.136549335317227,10.009638617701269,1.5762591891950126,1.2722517996225755,1.4,68.39182851571219,-43.769164288476716,-36.700026568626505,25.04518049778033,13.145676922902696,11.95404304610548,2.274150734864944,-6.9127627019538345,5.949314053078983,6.911151407828483,14.206927313229544,4.848365516787922,-17.48234260506281,-52.53160109037343,125.86798041248709,8.598695549969012,12.529024443903394,12.206129765071044,11.84719615916165,11.599072800483675,11.478457407457269,0
2022-06-08 16:34:02.225446500,7.369349571321296,5.922665946322107,-1.7353538354858868,-0.7951482951763871,-1.496194127028704,0.26001408502304124,0,0,1,0,0,0.0,32.94607551413855,29.56175607526127,-6.291516627711434,0.00010735287167045576,-0.22657388275379045,0.15286861392026166,-0.3921922578293792,0.20411038706834328,-0.04965159043778854,0.2796562239983683,-0.18217175174767752,0.40407233894595207,-0.8373252242180782,-0.10065925919345656,-0.6137601967482632,0.13495927557544285,-1.0107759094881108,0.0,16.98273703630643,42.184208092063024,2.7846795720530384,0.015052612774801587,-0.29278422628189804,-0.0006443051891314965,-0.2429734391098903,0.08284237975642615,0.07227050357947723,-0.05319716376791999,-0.02899505592374258,2.8900257066770734,9.23004486221387,1.3809296488507277,0.8586094577749558,2.392338017252813,1.1286901174688613,0.0,5.6488183230945825,3.53839009553784,5.157413557724881,0.033722824564143467,0.022427654472267904,0.06294474025378201,0.05986924205914381,0.0421789011687832,0.19710058254299545,0.15204364733822764,0.14694767594218616,0,0,1,0,0,0,0,0,1,1,0,0,0,0,0.4887259922398102,-3.5517970436748016,0.0,161.5205744132552,5.186958338003591,-25.59596312038393,11.24770670378709,-20.832604528104827,4.1101705938047655,-20.557900860845283,-1.3379522525407748,-8.497612123358833,-4.874423884036847,-3.943710085175048,-13.363975525132108,-2.8748522172158366,-17.474878484999987,-14.030651891727722,1.3304499905028735,-1.3977063855972232,-3.0955201606504685,-3.5066251513877784,-3.6877843233164738,-3.761226451800708,1.7277111311081972,1.9178425334087632,0.0,72.1685466821896,7.925242399527054,-17.968448195431982,2.385191718242292,-17.1891686342096,-1.8938545390584536,-12.897216056952288,-6.198836426679798,-7.589199602509196,-10.666154926673226,-7.489215560737102,-7.989688449112247,-33.44037534790501,-55.11668229045026,47.35418398776845,-19.557756161619405,5.859688687484972,0.4381508309546973,-0.6237328315259631,-1.0996905323795612,-1.2967968206677458,0.8427863459827162,2.6413744291769103,1.4,-45.771982793396035,1.3744299831668414,5.544382146951313,0.945528289735095,6.674635492364419,0.24925736547654,8.054967095939679,3.0364990272835017,5.976250736319356,4.579849683122271,4.513091555248888,4.308938096185932,5.432539879842039,3.1388791137983763,12.669217120677994,0.7105162404294587,-0.6509642271475866,0.6088128573601692,0.9401208203607349,1.0813224885117758,1.138220101560083,0.9880573110830856,0.2892761497376549,1.3,-41.02944334619173,-19.288155153694976,-3.18711155524794,1.1312443381436168,5.47177660907724,-2.551009214768796,-3.5562385041676183,-2.8510884335003386,1.046099823767126,2.145960304666952,-2.0966945144883256,-2.796292575470209,-5.478722507769307,9.301518380644843,-5.8496217794812955,-1.7013574792095616,-0.9494036936661768,-1.0097848997436063,-1.0120977342451536,-1.0100818019718556,-1.0088211439370829,1.7267908364249438,0.6923096160407779,0.1,9.642716701897148,26.605584990681177,11.191473857298014,-5.873185582709433,-1.3445384691501217,2.2407438764643044,8.525905509316113,2.7683957823157077,1.2168763997597296,-1.0253472884410664,5.139641314820393,1.9845740103465328,9.096666657062514,-4.35930673552139,-0.2365091990256789,8.139551280176454,2.685949163578698,2.9012168297112533,2.8821460094218176,2.867833614802784,2.861164224761212,1.5233370041487684,0.4883814419840454,1.3,-21.422518842795785,-21.833484139118646,-5.885376624360808,2.543614847589625,3.696918290494547,-2.7235961505908786,-5.39187499367091,-1.9193572697450816,-0.7701785801774754,2.0344530856214025,-3.9473725279396352,-1.9075043378407432,-5.7388509057199375,5.606354043997628,-4.938270174120158,-0.9583691140039434,-1.8519058072791736,-1.697499396094686,-1.6791440146232477,-1.6716635692333897,-1.6687422653822024,0.06255546221801538,-0.3752261434028935,0.0,945.1913889453984,-18.59871353154369,-7.978434383221966,-15.84679860584865,-11.046519413740382,6.711912053948808,7.5794561867317825,-5.3835194860172,-27.847292737679066,-26.98560898394704,-19.01263238303165,-13.102699715019455,-20.206344046551024,-54.74717097411988,-25.75397608934267,3.4349973324016254,-2.804519235613853,-4.349732973734547,-5.341410333119106,-5.865674438108872,-6.0957343185420845,0.011914336696643315,0.10403098216729792,0.0,1531.7756500062376,1.7503654412933545,18.139346035991395,-0.4230454347236901,13.344344551110849,-6.138423709677554,9.657055969036053,6.083295979464693,21.511410400325733,12.45605719976349,11.321517334188025,8.375728129770835,12.710547571459394,31.22952313424536,9.846524589526574,3.8817215532764213,2.66504516931549,3.74526462433235,4.357665338465702,4.687428852443488,4.832971860727623,1.9576653629727645,1.1718821637000594,1.3,-39.46304994851046,-10.647697481285094,44.342194704202434,-11.708878447914715,14.427465199286688,-1.9877092124502087,16.602583579785367,1.0870140366980623,15.826072304837082,14.353057539661073,9.892177309043722,22.311476479347643,5.1636398482933705,66.88543554710775,39.309330621927884,-27.10631499202384,-3.849703688481576,-1.426917463872674,0.1104999978397294,0.8950169398906482,1.2328515970656102,0
2022-06-08 16:34:04.975446500,6.2654517775552545,6.036738280693318,-1.28898019751428,-0.6082392692231354,-1.396824662024188,0.2980063254252096,0,0,1,0,0,0.0,32.49356435688651,29.934272555115186,-6.2582344838963095,0.00017677206140767688,-0.2272538560179954,0.1494054053628144,-0.37775667256354895,0.19156034817505296,-0.07555631566611651,0.2285528231007646,-0.1641363812658006,0.5917821819321897,-0.34542582339139083,-0.11298928881104772,-0.6271202103362368,0.04794819369879568,-0.9688840205205606,0.0,17.277077318795655,41.91023718800399,2.572370265065524,0.015050206073992684,-0.2910489719953981,0.002748082721130966,-0.24572189381635925,0.08570912417981366,0.06702302995112451,-0.04520330060985759,-0.03728369521033085,2.9769924320855154,8.649589766798696,1.3809244417282236,0.8504691601157398,2.3331907693611287,1.1014420416669606,0.0,6.059638430438781,3.9533562000607616,5.304072325644057,0.03372387163711632,0.02406668595742348,0.0663934859716517,0.06246141653356065,0.044855744872208905,0.19181277993046894,0.15711538718125165,0.14055015467788273,0,0,1,0,0,0,0,0,1,1,0,0,0,0,0.3650696763219801,-0.0849377277658125,0.0,228.89668144885,-59.707101948542224,9.208750858285123,13.976250037417836,-13.671339569582289,-9.996025166930586,6.711084113231922,-0.08438521450073999,-8.755516450428505,0.8914422275340561,3.3869745672995686,-10.531233606352666,-12.301698904874167,2.5844407204933684,7.986297040842704,3.092117971653245,1.9633977665349889,0.4424299937720804,-0.05343034859142648,-0.2756352610818533,-0.3671871304405709,0.8847384549802376,-0.5264076515425211,0.0,153.21701639989118,-36.07219433874443,8.28912826404904,9.45370940651923,-6.6248510375515295,-1.962415062283771,5.984312818741782,1.0583798090055296,0.6463492230067143,5.762314238849803,4.173029302504689,12.206215145742664,33.339924296934754,23.693188677475533,-24.150330931728693,-36.51977577670047,-7.9911719653263065,-8.052093177087485,-7.520394569727005,-7.149988364521294,-6.9739212082259545,0.4355981329476901,-0.098173526952496,0.1,-57.94482294361826,16.336633863259973,0.16996972037268246,-2.432309981881711,3.3478972466384977,3.0175954449151567,-1.4508203722320958,-0.9970787426753738,1.6864154304999994,0.37277140758738736,-1.1706549081325273,2.060519089886257,5.592566981360379,3.9554788127725433,-0.07325801787890951,-2.252464916678945,-2.2064530313561903,-1.2594014900774646,-0.8821887616186854,-0.7101087637313513,-0.6392079266011919,0.847692331848489,0.531815471256003,0.1,-24.93384667317571,6.809826233794249,-2.0852330808478103,-1.9448710183823668,1.1957537305361066,-0.4576019929062096,-1.961709581316669,0.3080662444498672,0.6876232521546628,-1.7313939140143482,-1.1824187278724752,0.3868535108323843,-3.2374436775122257,-7.586263389081246,-4.877451525670566,0.6256651594868978,0.5511829823528676,0.23310864438464884,0.11923192263671645,0.0665932472671738,0.044751531748705366,0.7083191601510386,18.424327457088822,0.1,-42.917941153712675,11.766002442692404,0.14184395551744267,-1.7683403101644009,2.2693876133489512,2.3169403800519235,-0.1517283284220241,0.5504337415484564,2.406022822886257,1.3336835099557078,-1.2617336372962025,-2.1233597330779923,0.2816167119708,5.750645599769594,9.842183425810061,5.92674421032754,1.5575060464575603,1.7051323395948537,1.6780798431284538,1.6539429299012354,1.6418422051997117,1.4316667575238573,2.033382643488113,0.0,8.737846183443429,-1.5309154608651705,-1.458490109968259,-0.14866180122271633,0.2422605052376501,-0.6422433575965687,-0.4842537785180861,0.2345311263193217,-0.9570554468573448,-2.263488825285895,-0.4658108111716913,1.4101593930438003,-1.4610608466548922,-5.8211674396004245,-4.6473021048416445,0.8038766246906446,0.2773385192252244,-0.10125803471439336,-0.18195920176112174,-0.21818443267267573,-0.23298046399236735,0.09048734956282717,-0.1261236455548548,0.0,1165.0292831007896,-138.14836206078328,-25.000134980843498,17.011120403246935,-3.6802846066829886,-14.05969016736239,-6.750671166925713,-11.233986361252086,-16.289946251995687,-4.616731876394387,1.534166149607579,-11.132653982883726,-14.576440072542438,4.625042880044808,16.39102803587884,0.5681568327656663,-7.3806817990616915,-7.166837593901299,-7.386272492663134,-7.506136143379673,-7.5575966191476285,0.044810165224636586,0.07315179878733533,0.0,1366.812005627199,106.04530568057214,7.7637983653847025,-17.246717753694014,9.25791253042199,13.006300893495307,0.01015436832983596,6.827244446829398,15.56705434437609,3.945156481147997,-3.2777857424877226,8.537218371052614,12.106041768760052,-2.2246556242032334,-7.026175325690937,5.9693289376128575,6.9604305637338575,6.486330782893425,6.489340581393119,6.498942857215479,6.503730964907117,1.0944622444990122,0.663374563628502,0.1,-151.28929555648526,62.245660710479186,-19.15908292575423,-28.75277089361825,4.351097542792154,7.116976277203503,-8.081594004298918,-1.1232185647490294,8.361809111571723,-2.3817460098645187,-4.740106569881655,14.038738504683172,13.837119526970707,-20.810042695625548,-44.96074537227029,-26.40087637488681,-6.760751855596047,-5.28126649606921,-4.42985370882802,-3.992863456851516,-3.804688709307983,0
2022-06-08 16:34:07.725446500,5.183199298019106,6.329079284653046,-0.8484874672118241,-0.4293734186056791,-1.314716891394471,0.3246171574313039,0,0,1,0,0,0.0,32.0330269406348,30.28412168596556,-6.172606151204317,0.00024619125114489805,-0.2278520507337508,0.14559816103098067,-0.3634495070395271,0.17992437566987293,-0.10064619059238124,0.17764011078750422,-0.1485790896387491,0.7899188168365344,0.4517403198509454,-0.1118427239897712,-0.6333134495024203,-0.08592967772898387,-0.8968533415202576,0.0,17.625238351697718,41.58881864646339,2.317240700862065,0.015046157806243885,-0.2888016054381091,0.006763283465657313,-0.2482217556337652,0.08880612574297173,0.05645273769108102,-0.03670896017347924,-0.04907088677880163,3.0200497170298912,7.530767069375288,1.3793749724305244,0.8485995401985921,2.2386519605794795,1.0788064018722046,0.0,6.461007111645082,4.31337804730784,5.4510656898234044,0.03372564240499399,0.02528280536942038,0.06965058764115889,0.06514469031229042,0.04691139939215719,0.18723648732731726,0.16011722969791847,0.12771091496448586,0,0,1,0,0,0,0,0,1,1,0,0,0,0,0.07824816704885268,-0.7169743099862685,0.0,284.15750041046664,-6.517044352998092,-6.517729167013052,-6.518909544615512,-6.5206485887233745,-6.523044691473029,-6.526243952477463,-6.53046027852977,-6.536007789522599,-6.543353141664179,-6.553198568244457,-6.566600579234422,-6.5850498902943535,-6.609775541279367,-6.630763948471103,-6.33270592065348,-4.789484777330491,-4.481868519248124,-4.308274012426045,-4.198018173073368,-4.145540197106036,0.26562147087269644,-3.3198317615301214,0.0,223.2939278139706,-11.164689718708502,-11.169534870610676,-11.17791389059813,-11.190323534251466,-11.207551556681368,-11.230796597218934,-11.261874641157027,-11.303583008229227,-11.360371389166454,-11.43965844601652,-11.554631256504393,-11.730793273002,-12.021990396454676,-12.50949192024843,-11.232345127809381,-0.8722457068703369,-0.8005821070071901,-1.3240476874677736,-1.6203211262725512,-1.7530952274593878,0.004927079233328678,-0.09436351638235307,1.4,-66.3077060359852,0.3050719589740698,0.30556436385183616,0.3064165162604429,0.3076799557954031,0.30943654749261285,0.31181109112396044,0.3149929962807132,0.31927429774640226,0.32511892247518204,0.33329527249710944,0.34514380228978325,0.3631343718391145,0.391870120620486,0.4360161728900407,0.39432476866432703,0.08013106939757009,0.15250208963259415,0.17967732990789376,0.18407544153381367,0.18372328896901008,0.40173006513446186,9.928723505776114,1.5,-28.99351538612801,1.7282063092458175,1.7283895464398489,1.728706884977147,1.7291779626527903,1.7298341838201932,1.7307239309855917,1.7319218307970723,1.733545850613866,1.735790952887195,1.7390018772544853,1.7438532934770683,1.7518942892389529,1.767761108932535,1.8121303093152343,1.9656033867646012,1.5325151097352645,1.1990410448145543,1.0776498796326772,1.0220504446535847,0.999170915972604,0.036047141233325856,-0.13113064557544454,0.1,-58.213027815817604,0.9229975042841136,0.9229079628412284,0.9227523783265594,0.9225202300185592,0.9221945029845228,0.9217485811531314,0.921140602710448,0.9203027676465628,0.91911961177235,0.9173791259017644,0.9146449435305511,0.9098319999273716,0.89908418985041,0.8551220474092021,0.3501907535251614,-0.8320262459068324,-0.5268676443866469,-0.3542042885044331,-0.2707751418570325,-0.2357236838044215,0.7649180091404741,0.6824737969411191,0.0,11.9332891998095,0.8878360824787179,0.8890005778022891,0.8910158205298696,0.894003789443462,0.8981585995669892,0.9037771191987894,0.9113123263731197,0.921468951504987,0.9353840151302384,0.9549937146861722,0.9838592456062748,1.0293204176721105,1.109549951342106,1.2865123552560465,1.8096707503918967,1.4537405052817292,0.9923638624498464,0.8498442541423502,0.7885246220318157,0.7638539237449217,0.005244053684539398,-0.11461282218665304,0.0,1343.0635364950274,-5.667152180272326,-5.668641190778827,-5.671223683428566,-5.6750658574061825,-5.680434456946544,-5.687742236723679,-5.697628765048265,-5.711108889569879,-5.729861694920293,-5.756840613950209,-5.797716908809921,-5.8649247790982555,-5.992683754336242,-6.328769136222148,-8.040975330304725,-9.252982601010109,-7.687717877388451,-6.97808908700376,-6.6254257914112555,-6.473204299360584,0.008759852903938029,0.11666358197400704,0.0,1222.7728436866769,7.495813087703325,7.498135298413884,7.502153808139597,7.508111441943427,7.516394576419997,7.5275940260365095,7.542611173590231,7.562848314925297,7.590568378710157,7.629627712508467,7.68713403433625,7.777822546106122,7.938838420117804,8.304213012869878,9.508468789898835,8.780035543608173,7.445481150768312,6.921618811841007,6.663651276416495,6.552248723041076,0.16642892011520372,-2.093643255454739,1.6,-254.08706323634206,7.545085532163282,7.544984082695301,7.544806980529356,7.544540872536337,7.544164045579716,7.543642385748859,7.542922243265487,7.541917653494672,7.5404870888078595,7.538392111785918,7.535240858928344,7.53060624212562,7.527034354217829,7.583431729513304,8.970169682012566,12.208752434441669,10.756022295419642,9.864357549560387,9.392756959555435,9.185064323107396,0
2022-06-08 16:34:10.475446500,4.107505084706201,6.674530069061983,-0.4105722315758008,-0.2505714838372215,-1.240842714183153,0.3524238096410415,0,0,1,0,0,0.0,31.56005980629164,30.63575783564962,-6.0634907596483485,0.0003156104408821192,-0.2284528893295089,0.14157200507230092,-0.34901514988953386,0.16844153130300255,-0.12610554114762962,0.12697123698714974,-0.13371159020412088,0.9337170784170732,1.1016569925945747,-0.12312255819372825,-0.6364160649097088,-0.1820993094253264,-0.846245560210991,0.0,18.00472306358875,41.27562022016226,2.0220495977150965,0.015036147777268256,-0.2866994958722006,0.011120890403436414,-0.25102294128943115,0.09146223927411226,0.048446710063233527,-0.030581237670969607,-0.058280017839339227,3.048195777028516,6.7554672072033615,1.3808340676795048,0.8472755017842737,2.1959430380260496,1.082954148162402,0.0,6.786617065425327,4.603712465886369,5.5494058261736585,0.03372996341269165,0.026398983996089045,0.07207208053598689,0.0670419744698995,0.048344496860791134,0.18680722733493865,0.1620164464300889,0.11910779979561588,0,0,1,0,0,0,0,0,1,1,0,0,0,0,0.013047770583964668,0.14189669844179073,0.0,248.554826346846,1.957733235459948,1.95742737839549,1.9568958727239971,1.9561027067386905,1.954989705670986,1.9534660684380916,1.9513895769585865,1.9485316905456165,1.9445089577000736,1.9386375756234413,1.9295927106983732,1.9144988661276308,1.8860422993587942,1.8214476931299048,1.682695036122143,1.9491123556459664,2.028715785737972,2.0282711433925047,2.0245475815897267,2.022539103137565,0.005893876381016806,-0.1040907051562363,0.0,247.7001066178901,-0.9969037636599368,-0.9992644917498056,-1.0033653075351479,-1.009481390380234,-1.0180568546950433,-1.0297840766884203,-1.0457460987640506,-1.0676812041594983,-1.0985034567300014,-1.1434100619021326,-1.2124923197678903,-1.3277924561994388,-1.5461923044142596,-2.0502677740560395,-3.1914493956343786,-1.107463344973597,-0.4178752238740975,-0.41278278704882254,-0.4432869865837232,-0.4604627436993601,0.04853987331266864,0.25829767949352145,1.5,-49.463370958100434,-0.8051943016580685,-0.8050954611358501,-0.8049238490948687,-0.8046680947801312,-0.8043098751571063,-0.8038206837946262,-0.8031560474588777,-0.8022448206828252,-0.8009682231006467,-0.7991155367404195,-0.7962807136599234,-0.7915881259254964,-0.7828391861852656,-0.7635217350488891,-0.7296675307057474,-0.8265065846137292,-0.8413568439624671,-0.8366113828451349,-0.8334307444875733,-0.8320141298450742,0.03171298463728392,0.2057043166132428,1.6,-23.670504198255085,-0.3196036456796385,-0.3196227437087877,-0.3196551213040215,-0.3197015497115463,-0.3197629558961617,-0.3198401049516768,-0.3199328059398772,-0.3200379140748598,-0.3201441281608318,-0.3202175355029673,-0.3201571464163247,-0.3196353441134998,-0.3173724801804709,-0.3063717873518874,-0.23261473350624665,-0.19891784714919591,-0.2637227678231577,-0.2842768251983747,-0.29209985395465204,-0.2950146926875332,0.0015145506880235202,0.04226828994514136,1.5,-56.26473550749469,-0.09953551928975556,-0.09913763536274177,-0.09844752236414413,-0.09742072170512904,-0.09598591285442426,-0.0940328353344264,-0.09139092332337563,-0.08779035500628174,-0.08278724711748953,-0.07560942126713432,-0.06480778817251709,-0.04737047756156554,-0.016138025325477482,0.04795457385238056,0.12877062491595925,-0.2359408861427015,-0.2595703498663952,-0.23475674838565674,-0.22042557866640888,-0.21419852081570906,0.005659717914787143,0.028351791934957443,0.0,12.23104624776836,-0.03623958781374848,-0.036354269122050635,-0.036551869461960866,-0.036842806643249126,-0.03724322794925949,-0.03777687245490125,-0.038477921646220985,-0.03939513500267322,-0.04059712819498063,-0.04217591454273695,-0.04423160608459914,-0.046742275742998524,-0.048687957944554,-0.04065965352052192,0.07766356108130545,0.19818958802209066,0.0875155111464114,0.04814021146221992,0.03256951136855382,0.02664396917154857,0.00014085794483511036,0.012399051306939884,0.0,1329.8263955640734,0.9283447207718608,0.9292598654754158,0.9308445736925536,0.9331964003900168,0.9364707481278174,0.9409054989710909,0.9468637415521569,0.9549096515982,0.965949190396138,0.9815064012214236,1.0043043161346643,1.0395706258383832,1.0979175447420957,1.1949899439885598,1.1117186388815767,0.2386095778028121,0.40785216923407575,0.5272085858926978,0.5825400752850118,0.6049880293270604,7.239457869834765e-05,-0.008701531353844615,0.0,1229.393771680017,-0.6342682797571229,-0.6346343345667833,-0.635266061195793,-0.6361985490283928,-0.6374867344867283,-0.6392126214293512,-0.6414970096060131,-0.6445183913174191,-0.6485430398181329,-0.6539700601579561,-0.6613796150032911,-0.6714463208783988,-0.6835474544500997,-0.6805659653143792,-0.42456566735932455,-0.0473362851333583,-0.29966545809709544,-0.3988960970325337,-0.4395630312683228,-0.4552840172653667,0.000737321381667738,0.020404094469674814,1.7,-257.18530489806443,-0.3231979194902621,-0.3244466971144284,-0.3266121627219967,-0.3298329762948491,-0.3343314087931404,-0.34045074221669397,-0.3487213437985055,-0.3599809515919734,-0.3756053431651818,-0.397983262568328,-0.4315886514703875,-0.4857027880594806,-0.5823421839559382,-0.7797074899120116,-1.0160586298156111,0.1430322051828039,0.20353947232457606,0.11902982405464435,0.07080205858651922,0.04990808006016767,0
2022-06-08 16:34:13.225446500,3.0328157181925497,7.0244483942189815,0.026473920228447904,-0.07107176823504184,-1.168945203544184,0.38163332111064535,0,0,1,0,0,0.0,31.088940014786445,30.984768362127753,-5.952261000585643,0.00038502963061934033,-0.2290370732431125,0.13754015785595347,-0.33456358396097713,0.15698336158095832,-0.15178981575064282,0.0763940205555091,-0.11891280234099648,1.0225952760542725,1.6021051941681723,-0.14662749203391015,-0.6363153228986268,-0.2404406081267397,-0.8170395207251953,0.0,18.318013607950693,41.020190672330365,1.7606644763039867,0.0150201759870658,-0.2850066884053877,0.014836301757403818,-0.2533271091841471,0.0933906162879084,0.04320214000358005,-0.026750069862153503,-0.06474968172807398,3.0655171104960663,6.3338854684920705,1.372147459616766,0.8473631347236841,2.1873424100889207,1.0972352533393566,0.0,7.0220227043059955,4.840438391703549,5.61659447177658,0.033736757708573616,0.027553917225850426,0.07390303764947277,0.06804182822709161,0.049351003490560326,0.18868298765511893,0.16306262116953354,0.11473474878996785,0,0,1,0,0,0,0,0,1,1,0,0,0,0,0.019242404553779038,0.16995114300243325,0.0,204.5106360202121,1.99096675471516,1.9909573074867453,1.990940503118367,1.9909145182140264,1.9908762419272747,1.9908204602397996,1.9907382613660156,1.9906137623676368,1.9904168919668992,1.9900859129947903,1.9894795748301943,1.9882226222359252,1.9850767880160247,1.9743740100438345,1.9233441120130443,1.928812307730058,1.970003483849211,1.9801070538731924,1.9834396567977042,1.9845955629127845,0.002575703257588679,-0.07457607538662711,0.0,262.1935202515785,-0.7419565445415728,-0.7420484830028151,-0.7422114828496547,-0.7424623038877058,-0.7428294005836378,-0.7433601800338163,-0.7441351213371235,-0.7452966108449433,-0.747112187657315,-0.7501269239268105,-0.7555785896487066,-0.7667323812352422,-0.7942957762725121,-0.8870291818698872,-1.3249496700881735,-1.2715068798724865,-0.9178315743815926,-0.8314713917744765,-0.8031167507825856,-0.7933191258270805,0.10833163624798063,0.3554387643971013,1.5,-31.516289958427773,-0.8126144766255159,-0.8126033108218671,-0.8125837880889653,-0.8125543742447651,-0.8125125384187206,-0.8124542158199309,-0.8123728000151125,-0.8122571668620363,-0.8120875257384887,-0.8118258761551718,-0.8113912517634697,-0.8105842380490865,-0.8087987037813321,-0.8035184568316294,-0.7826431468185969,-0.7918794936146604,-0.8079190511803213,-0.8112274845167134,-0.8121892825020424,-0.8124965219389158,0.07228985450055188,0.3009604907739564,1.6,-16.31549587373161,-0.335355626771924,-0.3353914371303146,-0.3354534371919924,-0.33554542432978784,-0.3356734422750831,-0.3358467303343261,-0.3360793642514034,-0.33639315528706504,-0.3368229829430128,-0.3374271290474262,-0.338308476904068,-0.33965960730211303,-0.3418447897762245,-0.3451600366782453,-0.3383835002998609,-0.3028802556633818,-0.3129055197206087,-0.3185885228932968,-0.32110043417933865,-0.3220982965127807,0.0011943325753654673,0.04079717349030025,1.5,-53.314463978360955,-0.12035939569908027,-0.12030041051233994,-0.12019768611954973,-0.12004386604864957,-0.11982696247848112,-0.11952803555694612,-0.11911693500434463,-0.11854416645886667,-0.11772433037639995,-0.11649935689522906,-0.11454702447038345,-0.11111568261843363,-0.10407442584892056,-0.08542402028962304,-0.02536764945984316,-0.07797380037114432,-0.1207647275755428,-0.1271890629562198,-0.12849868052694624,-0.12879070770186732,0.004311340293809693,-0.08345063185867513,0.0,13.430148435137482,-0.058538509319083776,-0.05861371770626511,-0.05874403519042759,-0.058937631004957636,-0.0592075559419536,-0.05957386868494763,-0.06006735431531163,-0.06073619966993182,-0.06165854782306913,-0.06296762716010851,-0.06490603470448603,-0.0679531660985166,-0.07313566007821015,-0.0823430219108861,-0.08004556594786155,-0.006360404195979885,-0.01756997624581952,-0.026883157492651216,-0.031246172953643125,-0.03301548866406194,0.00016015918700613914,0.01469709816520494,0.0,1310.0097723316162,0.943357050955683,0.9436111360190579,0.9440518886597288,0.9447077995793762,0.9456246051285716,0.9468730837394048,0.9485628775954495,0.9508677628378236,0.9540743584902884,0.958683004001614,0.9656369439162836,0.9769075203685204,0.9972032131463032,1.0389974046312318,1.0890245320132692,0.8449651734725592,0.8346710398882919,0.8533007881025689,0.8636111789323557,0.8680146828363657,9.438368140028223e-05,-0.011212768342482462,0.0,1244.0894813750795,-0.688634415403726,-0.688836608227561,-0.6891867996773442,-0.6897066613267384,-0.6904307424017873,-0.6914119859053898,-0.6927313135898459,-0.6945146820058383,-0.6969647706853515,-0.7004232943904043,-0.7055018895398604,-0.7133737957351762,-0.7263909764061579,-0.7476280236158672,-0.7224563786855641,-0.5228851372411434,-0.5688365917152964,-0.5980631996268748,-0.6112321336163369,-0.6164990918960136,0.0004043091596267386,0.024183308106815196,1.9,-252.36185122315982,-0.2690663609712587,-0.2692613212898891,-0.2696005072557384,-0.270107604623373,-0.2708210746686888,-0.2718013914517581,-0.27314422656749393,-0.2750054100389097,-0.2776512142617316,-0.2815685602300393,-0.28773497789837155,-0.2983860364889939,-0.3196889192004724,-0.3737973956698699,-0.5318412896972013,-0.3550885852519832,-0.24720575151767046,-0.234834451034998,-0.2335540820541029,-0.2336711300092762,0
2022-06-08 16:34:15.975446500,1.9615838505702312,7.372787499574231,0.4641312754468414,0.10895603831232537,-1.0977113706580273,0.41132968944570336,0,0,1,0,0,0.0,30.605288019720675,31.339554274180934,-5.8315919285775175,0.00045444882035656153,-0.22965171133386544,0.13338703803404245,-0.3200235915221013,0.14549746674194694,-0.17751154388063567,0.025984653137465515,-0.10407838854963744,1.0643711209795044,1.87752348112392,-0.15558737598530664,-0.6328821821483697,-0.26097779276493244,-0.8090496522113514,0.0,18.57690021743263,40.804054994279646,1.5550566851219911,0.01500573513891686,-0.28370957896663995,0.017803185713965664,-0.25524474266884595,0.09486913877041196,0.04079062047921893,-0.025262902742961432,-0.06779007217626667,3.0588417467172957,6.2501375700631865,1.3596283591361953,0.8496872789327021,2.190357371600381,1.1039306770797843,0.0,7.193259648601769,5.027673005813134,5.6915957675237445,0.033742776889213816,0.028660723992702662,0.07547722921662707,0.06820987168841612,0.04984390587848887,0.1905633355718456,0.16313080602134047,0.11382520167040801,0,0,1,0,0,0,0,0,1,1,0,0,0,0,0.03025508681417329,0.2090982407500479,0.0,160.4451799667781,2.0028568994592657,2.002906198752284,2.0029915996028858,2.003118415564824,2.0032951251674547,2.003534737474091,2.0038571715964566,2.004293507402954,2.004893925748132,2.0057434460679504,2.0069953994629417,2.0089477883100657,2.01221576734173,2.017747873205338,2.0134171540864,1.964700161224392,1.9744618144362092,1.981234326554172,1.9843276419801832,1.985570463435169,0.0015771079349698033,-0.05559636453311894,0.0,276.51638003396056,-0.6582155278994399,-0.6580346821941774,-0.6577217066228123,-0.6572576638041419,-0.6566124751824276,-0.6557402934383756,-0.6545715584076799,-0.6529990996627122,-0.650852939918666,-0.6478525572962175,-0.6435127790887725,-0.6369607752188573,-0.6267189362520638,-0.6131458169557185,-0.6655028896392485,-0.8473097478295513,-0.7810411576442409,-0.7480946178756334,-0.7339596199794816,-0.7284121874888303,0.4478199783326133,0.5721278044152063,1.5,-13.56607801639652,-0.8168762575521678,-0.8168687797225549,-0.8168557069537581,-0.8168360150537015,-0.8168080151640972,-0.8167689963581855,-0.8167145557552178,-0.8166372861522483,-0.8165240237277855,-0.8163495251033689,-0.8160600899650117,-0.8155237125802045,-0.8143400888097738,-0.8108520843034113,-0.7971268941034729,-0.8032937066753908,-0.8138280900739173,-0.8159963918608929,-0.8166261595561615,-0.8168271640001635,0.2084431276319546,0.4504984844715395,1.7,-8.94560222159099,-0.33620832060941663,-0.33621798753704746,-0.33623477109967714,-0.3362597821881073,-0.3362948106435433,-0.3363426405114839,-0.3364076142569324,-0.3364966772077862,-0.33662142355526115,-0.3368024256069196,-0.3370793667581261,-0.33753810075859225,-0.3383962179824137,-0.3403177237310898,-0.34401292296265995,-0.33485083575600194,-0.3329675874857809,-0.33328487210633223,-0.3335436821707287,-0.3336641030679318,0.0016869767848103016,0.049775722828661946,1.6,-50.356019650059245,-0.13292283486126344,-0.13293478068838205,-0.13295532603336555,-0.1329854863615143,-0.1330268139076507,-0.13308154123030969,-0.1331527726490469,-0.13324468202993245,-0.13336250737598832,-0.13351145873685175,-0.13369074654023816,-0.13386440263137445,-0.1337989677856284,-0.1318391722946597,-0.11287550493808253,-0.09954938310234064,-0.11687842050054742,-0.12249953872404128,-0.12461809439067162,-0.12540454139442764,0.003943522340473986,-0.09191019968972564,0.0,14.651629696088294,-0.05845270655794455,-0.058470868791812514,-0.05850241159468528,-0.058549440139098026,-0.05861535047115796,-0.05870543424470121,-0.05882796434523185,-0.05899621248025123,-0.059232421451186464,-0.059576265152563264,-0.06010482306889536,-0.06098659008048717,-0.06265579666591248,-0.06648498653884499,-0.07461118583209253,-0.05748618766204605,-0.05296252392343714,-0.05329835338529243,-0.05369537988348988,-0.053890031583240815,0.00015788386699387875,0.014751975009262432,0.0,1290.1683818029333,0.933672182519132,0.9334787505958388,0.9331425720903468,0.9326407855359378,0.9319364088770924,0.9309715963424878,0.9296554549386258,0.9278412158974659,0.9252808259783372,0.921526973732334,0.9156978139222608,0.9058256568461543,0.8866757351909875,0.8406338273138091,0.7256116146335856,0.9054422699221476,0.9773802050822128,0.98016217954698,0.9781348452525602,0.9768448979515378,9.396047767314236e-05,-0.011387973567861066,0.0,1258.8320529076484,-0.6960966070231791,-0.6960053014857692,-0.6958462533516467,-0.6956080073493779,-0.6952718813044498,-0.6948083261873705,-0.6941702357293593,-0.693280141198791,-0.6920040730411188,-0.6900933577214232,-0.6870392479693912,-0.6816493566733257,-0.6705211911084312,-0.6407521268244132,-0.5428608946538702,-0.6240279783464686,-0.6943920767126279,-0.7053951511705527,-0.7077738199414405,-0.7083479411774807,0.00028119752846059046,0.020375578047425614,1.5,-247.55918099058982,-0.2359465666998517,-0.235785598769084,-0.23550638252855194,-0.23509088540092904,-0.2345101630531481,-0.2337194306346717,-0.2326493272244221,-0.2311899497187753,-0.2291600899621873,-0.2262435560594387,-0.22184460069355086,-0.2147191955088914,-0.20190085330555,-0.17557178046926225,-0.14481790411289808,-0.2999542327515776,-0.3056003961126885,-0.2934886384800377,-0.2868339289866766,-0.2839981608711347,0
2022-06-08 16:34:18.725446500,0.9043080245587872,7.7362045057880096,0.9097828601093711,0.289808210444657,-1.02647214058174,0.4419618655130188,0,0,1,0,0,0.0,29.982152265086032,31.789456098735947,-5.629442024796852,0.0005238680100937826,-0.2307348294285577,0.12797867475344205,-0.30452434287161184,0.13338477247744662,-0.2030332593133592,-0.023828004457957932,-0.08906766821829311,1.0846757923947736,2.0689672232882312,-0.13700611318249484,-0.6295653416091226,-0.27396996518097433,-0.8057352220242636,0.0,18.87350833558927,40.55556369721424,1.3116649713075474,0.014594982849870791,-0.2822658468803066,0.02123811823063399,-0.2573747596919099,0.0963544903876006,0.038794913051828736,-0.02520426506985801,-0.06989542685543444,3.0436827959441035,6.255001159024174,1.3580266906508829,0.8482329501991228,2.18897951135696,1.097150772800231,0.0,7.348929984423917,5.1916898250498305,5.737967244069597,0.03315870541223575,0.02968227948023064,0.07666404139089943,0.06760361667116284,0.049892196796289284,0.19147354131627467,0.163049941932323,0.11290997398469195,0,0,1,0,0,0,0,0,1,1,0,0,0,0,0.053802284035351686,0.2678165239250795,0.0,116.37928268058164,2.014297705609673,2.014380791326001,2.0145245400883667,2.0147375766832556,2.0150335805384416,2.015433359742734,2.0159683938517023,2.016686987803165,2.0176653128576603,2.019027979618259,2.020987377807355,2.0239145984443536,2.028383081752027,2.0337113674445946,2.004769241111414,1.9208721532268245,1.9553797102746218,1.971591991899729,1.9784561919130936,1.981136251925646,0.0013021721401987687,-0.049335716773138125,0.0,290.7735034955865,-0.6402918350743718,-0.6400866577931907,-0.6397307887053572,-0.6392013032561827,-0.638461419561029,-0.6374542577819433,-0.6360917913779058,-0.6342346818793985,-0.6316534984578919,-0.6279486476784929,-0.6223692492210597,-0.6133538265445857,-0.597206867460665,-0.5643858241030948,-0.5291925605677985,-0.7272533793235567,-0.7311072845132625,-0.7147842195642706,-0.7059984568839415,-0.7022764799381005,1.9005590951505693,1.4412770373971655,0.0,4.390266412971603,-0.8149868081714862,-0.8149256841097858,-0.8148196707834943,-0.8146619444780921,-0.8144415580942636,-0.8141415859541932,-0.8137358403969297,-0.81318288193969,-0.8124145070318974,-0.8113119983685876,-0.8096524657129576,-0.8069730312231838,-0.8021809426302633,-0.7924739132295815,-0.7823756081221788,-0.8414128988636047,-0.8422372766123996,-0.8372886228371968,-0.8346418998850496,-0.8335227219612454,2.120390336053121,0.8523589509562424,1.2,-1.5734074317200726,-0.33476464261194305,-0.33476271974959626,-0.3347594262902276,-0.3347546237720417,-0.33474810847330705,-0.3347396055147511,-0.3347287734270254,-0.33471524876921266,-0.33469882426367553,-0.3346800753053425,-0.33466261524859303,-0.3346621743947325,-0.33475148933255344,-0.3353703185032823,-0.34007026446207944,-0.3423559882713942,-0.3381901185192246,-0.3369191217701898,-0.3364521586841664,-0.3362809251691069,0.002053252967820725,0.05579521060728486,1.6,-47.38938763145213,-0.13727159777330655,-0.13727185441194667,-0.13727219134056678,-0.1372724387791977,-0.1372722764116765,-0.13727110454499858,-0.13726777699514314,-0.13726001927307308,-0.13724306970060307,-0.13720620122530947,-0.13712267494399888,-0.13691552922358086,-0.13631031739395216,-0.1339434744342305,-0.12091426738340227,-0.11955251416246605,-0.1304692776381432,-0.1333950524979708,-0.13440539363628526,-0.1347642959582931,0.003170444499200177,-0.08226419133436945,0.0,15.875185708762373,-0.056302705654257774,-0.05629606156171608,-0.05628456369035662,-0.05626751729278934,-0.05624381914441523,-0.05621178821087236,-0.05616887518769742,-0.05611115493862262,-0.056032407781610234,-0.05592238339624889,-0.05576339440855327,-0.055523765824877384,-0.0551506028333198,-0.054664006059316206,-0.05665434918253104,-0.06334190664698787,-0.060850707050354114,-0.05962487813659206,-0.05910022102133239,-0.058894512419041624,0.00016894548913600656,0.01566594176964901,0.0,1270.2785367012748,0.875374470010442,0.8742498149283335,0.8722997623869873,0.8693997638736874,0.8653502659909265,0.8598432952875186,0.8524035373726804,0.8422813787937002,0.8282486806493488,0.8081811678154196,0.7781264931746144,0.7299890215164062,0.6451030656259213,0.4783906799782756,0.3463730270197161,1.4173828935070605,1.3938208034484951,1.2952790030060832,1.2443907631485531,1.2230529646184234,9.62042105497165e-05,-0.011806945385801541,0.0,1273.6147506760374,-0.6632957248544642,-0.6624924739599152,-0.6610992846864576,-0.659026425844317,-0.6561299398405396,-0.6521872428260735,-0.6468539446707808,-0.6395850872642654,-0.6294837922039243,-0.614989056753501,-0.5931702175726663,-0.557938610080086,-0.4948832384603854,-0.36652233692981184,-0.2222586563085116,-0.9834483850747232,-1.0081220581808132,-0.9487349426161416,-0.9161752971784658,-0.90227992569546,0.00034640234014497923,0.02169037572153931,1.5,-242.745827333472,-0.19210539727134449,-0.19147289105489665,-0.19037657403507424,-0.18874711813560907,-0.186473613460711,-0.1833852561096041,-0.17921919023981658,-0.17356244802157406,-0.16574188444610272,-0.15460131756102855,-0.13801130760612512,-0.11167997279857024,-0.0660161067327305,0.019896221953800364,0.05104572399306306,-0.5586038490241849,-0.5088872802367321,-0.44306274534642576,-0.4106849154550778,-0.3973207581728501,0
2022-06-08 16:34:21.475446500,-0.13245387539102396,8.164077392247059,1.3849417347505697,0.4710819872156266,-0.9477163691769758,0.4762588891978258,0,0,1,0,0,0.0,28.676646965380183,32.74208153881056,-5.09585685331459,0.0005932871998310037,-0.23418699587842176,0.11684558424918655,-0.2841917838916356,0.11739735657560425,-0.2273695728205415,-0.07257580765419044,-0.07313909628584439,1.1220659508448303,1.9812212340823705,-0.12139878702314805,-0.6007298070679803,-0.2194948787891874,-0.7860316384003586,0.0,19.197896011070227,40.3163124473491,0.9963658221207048,0.014592477864394347,-0.2809372419550394,0.025258052539507383,-0.259715741379639,0.0966098921026034,0.03623099773716909,-0.02274701794034085,-0.06572257964784275,3.0156396590975394,6.102982296072774,1.3681615384996582,0.859851209334025,2.1265770480572392,1.1075394072032465,0.0,7.495717153540558,5.336168893837773,5.717985734711582,0.033159754614265465,0.030636100524060208,0.07732114977875047,0.06682855884754922,0.04987277443939839,0.19345248741364107,0.16152808441302965,0.10787897459675752,0,0,1,0,0,0,0,0,1,1,0,0,0,0,0.12376655858517213,0.37048182885294495,0.0,72.3319740972796,2.0442826959778704,2.044263065952797,2.044227385948636,2.0441704695266445,2.0440832767462487,2.043950265299197,2.0437441213432663,2.0434147456395437,2.042864529140692,2.0418874134303744,2.0399991274761637,2.035879161650924,2.025052617800132,1.98638537765914,1.790810109578458,1.792193741046603,1.9529076129474958,1.9943407347089688,2.0084098791491884,2.013363845750352,0.0012143143306820564,-0.048844841539641234,0.0,305.05393618188936,-0.5990158055429262,-0.5986550409263387,-0.5980309681974063,-0.5971063135061243,-0.5958220045711862,-0.5940882861268406,-0.5917695821660711,-0.5886582921947721,-0.5844279970291257,-0.5785468223042338,-0.5701133084172652,-0.5575653608644826,-0.5385243606213788,-0.5159824656471956,-0.6374594537806164,-0.9918804555033462,-0.8495359526973916,-0.7821967527460361,-0.7534648587696555,-0.7421842770615299,0.19861100052887176,-2.8980083873554183,0.0,22.365304861401334,-0.7943909479342874,-0.7942384577113786,-0.7939747807979827,-0.7935843638868659,-0.7930426106742254,-0.7923122659839295,-0.7913373047941469,-0.7900324800501766,-0.7882649982067901,-0.7858216313609532,-0.7823502023598111,-0.7772740895521609,-0.7698917757720297,-0.7630276518289139,-0.8296882994591083,-0.9817719989637594,-0.90836461491394,-0.8762829931682276,-0.862898257625429,-0.8576944584551008,0.4219017139509437,7.798086170114135,0.0,5.799257267628852,-0.33285768887740075,-0.3328644828359695,-0.33287636516215924,-0.3328942757201919,-0.3329197660959236,-0.332955330615444,-0.33300502783415986,-0.3330757004428141,-0.33317953904098824,-0.3333399852098232,-0.3336070577494167,-0.3341041213649216,-0.3352066769209393,-0.3384768184211651,-0.35148089911579045,-0.3459338098510261,-0.33592285041176884,-0.3338316870914747,-0.33321610107256705,-0.3330177092845521,0.002365677484369939,0.061241034705724964,1.5,-44.41733896558858,-0.1361855376109391,-0.1361184827920825,-0.13600210640571087,-0.13582878181818536,-0.13558623980232953,-0.13525543636221427,-0.13480675135159004,-0.13419298653263945,-0.13333573697804546,-0.13209679504395444,-0.13021198203643092,-0.1271174010235926,-0.12141556462154303,-0.10905050419833318,-0.08862099774241061,-0.15254824878386564,-0.16128319049718753,-0.1579419666730464,-0.15575647261448095,-0.1547830895130625,0.002683344404442393,-0.07617468957456065,0.0,17.099690935581275,-0.053206565184731325,-0.053184544045332016,-0.053146438033125916,-0.053089948997960816,-0.05301142875691034,-0.052905320969377945,-0.05276320482366348,-0.052572126549874976,-0.05231158626051796,-0.05194786429043785,-0.051422959680022966,-0.05063364097242101,-0.04941065323563165,-0.04784934971456206,-0.0547091324766158,-0.07687543509013034,-0.06840789103385075,-0.0642913846468392,-0.06253407111609352,-0.0618456957588145,0.0003288065845970363,0.02107376079849525,0.0,1249.9786412574772,0.4068096570341595,0.4040994767987911,0.3994323732247835,0.3925662296168753,0.3831250946762879,0.37055399432368574,0.3540468364796041,0.3324326189111417,0.3039979105317556,0.26622397455717106,0.21548829988370602,0.14735954020569866,0.06293023074541892,0.043119357779421115,1.38932121261945,4.005168864863221,2.7417049560315943,2.1669185224055383,1.911315979560534,1.808142059738268,0.00017691764700783854,-0.015402671737921534,0.0,1288.6909807974955,-0.3367309955949338,-0.3345136817655998,-0.3306905669493432,-0.3250549711133601,-0.31728377940410724,-0.3068952536943783,-0.2931797263690825,-0.27508522652161105,-0.2510256557632893,-0.2185551788617488,-0.1738322087842974,-0.11096705853523757,-0.023789860178006,0.051812964602802936,-0.7722306703308845,-2.882557474529719,-2.0608330230630147,-1.6519107013869387,-1.4666420781009195,-1.3913776501316573,0.0014077673920104255,0.035398609710785095,1.3,-237.72306020385938,0.06112079450788599,0.06213430207870374,0.06387831124210308,0.06644094895052177,0.06995833970647958,0.07462981755477928,0.08074138926492758,0.08870062968909309,0.09908494206659846,0.11269225742278445,0.13050858430469692,0.15306554195549715,0.17544244826903288,0.13964869521711346,-0.6989667635933143,-1.9158501790503542,-1.1152687660668483,-0.7815044772820388,-0.6384431708431655,-0.5819383982056483,0
2022-06-08 16:34:24.225446500,-1.24792218880278,8.78753886987214,1.930493837731552,0.6452006589487441,-0.8329379539371906,0.5169840764268379,0,0,1,0,0,0.0,14.107918560460071,43.719968985930585,-1.9719375384820208,0.0006627063895682249,-0.27838043914453137,0.025903283050567168,-0.1725378371939162,0.0005436099277189215,-0.2212223617602476,-0.11223247902235234,-0.04711075102828443,1.1403632564087731,1.905604285003461,-0.0919343694503666,-0.5645532092927789,-0.16258226924604874,-0.7631684552585151,0.0,19.35562836018085,40.197631690781826,0.6870544352014842,0.014589445792491218,-0.2800211286373288,0.028491612353567657,-0.2606492100242745,0.09524735880852282,0.03304567615696428,-0.02099954602283326,-0.0609139852895114,3.0019232189842557,6.0015790754649885,1.3908379482072872,0.874894973706162,2.07306044754215,1.123178655721123,0.0,7.563232600772067,5.399182287884844,5.7116137905342494,0.033161027522492906,0.031118963006987587,0.07745423423673113,0.06663256721140785,0.05076597681866781,0.1965935434259636,0.1603122142432543,0.10306960478271214,0,0,1,0,0,0,0,0,1,1,0,0,0,0,0.5837423785694965,0.6167644071888021,0.0,28.279334112415306,2.0686009543217967,2.0674529651243203,2.0654603211360367,2.06249200990866,2.0583372470590082,2.052668829618627,2.0449778083290866,2.0344531407308546,2.0197472234474243,1.9984824109682604,1.9660996675397668,1.9127705858731447,1.8133669855263583,1.58661309640798,1.0570156956926913,1.961824554336288,2.312183070902464,2.3324200297325817,2.3254168052164985,2.319982773479199,0.001420733249111172,-0.05351502261277272,0.0,319.49858457059963,-0.3938035605342094,-0.3941453843006357,-0.3947522181536805,-0.3956873856224945,-0.3970573975840921,-0.3990372168635545,-0.40191784928940777,-0.4061995382494317,-0.4127854981797654,-0.4234181544325377,-0.4417718623048384,-0.4766296386265197,-0.5534609458865916,-0.775176633036974,-1.7194722164165306,-1.7697013172956488,-1.0293078727763465,-0.8022575194203565,-0.7109927703631551,-0.6757320520141499,0.0735233730613148,-0.7601994912174451,0.0,40.40302578321492,-0.7112371503892172,-0.7113754483848114,-0.7116208454975594,-0.7119987928157889,-0.7125522004340037,-0.7133518103173566,-0.7145159043167948,-0.7162493356186452,-0.7189258581859755,-0.7232769897838778,-0.7308762711536438,-0.7455872437215522,-0.7789958461189588,-0.8793207522427002,-1.3134810458388615,-1.2971230031340764,-0.9565618255464582,-0.8607040411241762,-0.8243542852249595,-0.8106985728628875,0.10689606152881287,-1.0822937840058842,0.0,13.169490496620574,-0.3334007986944003,-0.33347318364124323,-0.3335988278980833,-0.3337859952186233,-0.3340479854389137,-0.3344054539565425,-0.3348905501852243,-0.3355545475697098,-0.3364827126961357,-0.3378255578290754,-0.3398713623873305,-0.3432376929138148,-0.349468173303121,-0.363171967210769,-0.3882317762290928,-0.3216144497304352,-0.3090459081774031,-0.3115033199686412,-0.3134190080483999,-0.31430765961441903,0.00307742473571011,0.07323585190648847,1.4,-41.424985144769614,-0.11476805591581485,-0.11455353527487765,-0.11418218998697682,-0.11363138840478193,-0.1128651388308084,-0.1118284792779498,-0.11043780080352894,-0.1085638011150838,-0.10600025132159496,-0.10240379517950493,-0.09717143696351692,-0.08918365027474863,-0.0763591246740567,-0.05729073815783803,-0.10057501312943297,-0.3122881408755289,-0.2507868405115554,-0.2164076454003145,-0.20119962410518946,-0.195150743160132,0.002520007769837288,-0.07476864559025788,0.0,18.329342129105946,-0.04497517425220154,-0.04497064045211418,-0.04496319672166571,-0.04495310617542248,-0.044940975504477836,-0.044928144241759393,-0.04491752255399428,-0.04491547848548516,-0.04493637550686763,-0.045014475436975336,-0.0452390392085304,-0.04587601236438177,-0.04790074387130011,-0.056289279833346084,-0.1048589234027063,-0.1138910584709074,-0.07278279377254188,-0.0613512609974799,-0.05731231936631795,-0.05585983033856776,0.042009704054904284,0.13405435775577088,0.0,1158.4905421655847,-57.75391246759905,-25.146072590944385,8.221609239431174,25.565652221559358,21.965527600266785,5.915875906425987,-8.286990052706216,-11.163793928007651,-3.7907255350937636,5.018819512871758,7.0703960650155535,1.6868740647931515,-4.1798487103167465,-2.0470213538689097,13.06176597655898,19.21215134917444,15.744390260805284,14.582260589457054,14.046755221527796,13.823375357166949,0.01993146245041653,-0.0932395185430696,0.0,1358.4106123974111,44.63100235450889,20.285171499813032,-5.145897032664563,-19.31293179178232,-18.149590446816248,-7.190874476652354,3.5609949818408424,7.0392769192444415,3.3223013915839914,-2.0034146837679216,-3.403186885222695,-0.16085444954875072,3.3363815689169627,1.5224623744101535,-9.337776674796338,-14.766812390036144,-12.19186931077356,-11.24823530572657,-10.804907087245192,-10.618749918347367,0.11770302073960925,0.14548423986802073,1.1,-232.68228654844185,0.24164005315055806,0.023752677086040563,-0.21822826794999628,-0.4207531013949506,-0.5486707654962526,-0.4521384074716224,0.2514375862414866,2.0484001891819474,5.100254921249833,8.76828630609149,11.523847897143051,11.517479951917744,7.613789322580915,0.14530278407186792,-10.201943248325415,-11.58538150522152,-8.405845432446544,-7.096164906167664,-6.4493446190095085,-6.172306930683089,0
2022-06-08 16:34:26.975446500,1.677852919809211,0.4555356825823992,0.5779923193754039,0.7614737930419041,-0.6182904378323746,0.5402174901624065,0,0,1,0,0,0.0,17.02520418217715,40.82816726027101,-11.897071181902847,0.001018794360570613,-0.25413070878689165,0.126308458528398,-0.2274537894111659,-0.021743171973848292,-0.16983875472402268,0.05244094952475049,-0.0018817564331162129,1.1595127057632522,1.7946596229854848,-0.07326011201336992,-0.5236180191523867,-0.1213030468034458,-0.7356541705642251,0.0,19.376824523218517,40.176004905995356,0.3708870435860853,0.014592617964265387,-0.27940066689898235,0.03121071027807801,-0.2605580455778587,0.09260964959042384,0.02925009897493708,-0.01870948491135812,-0.05624441732987676,2.9997451971159417,5.9697627431559885,1.4097257191579269,0.8932210827186138,2.0408886069104275,1.13941776348268,0.0,7.599786099969692,5.4226930674342455,5.785499313916852,0.033160019601798534,0.031330687408345895,0.07767073317731713,0.06700067005651722,0.05299247842433215,0.19959895257216792,0.15982352154659235,0.10010264652599243,0,0,1,0,0,0,0,0,1,1,0,0,0,0,1.6721287454347993,0.16722279347951585,0.1,0.1581787588666057,16.37084186709685,11.99154728864275,6.394630095003365,1.3904297227460602,-1.6287384124183613,-2.196094227665883,-0.8587542135319965,1.1618501516050064,2.556915624637814,2.489987561686437,0.8929710012900887,-1.5974698448953562,-3.994063791635456,-5.423739767615023,-4.716439065907126,1.0010134723643105,1.894562029453293,2.043452656811698,2.0876003957652496,2.100722057420744,0.2947887010406648,0.23020326581528325,0.0,282.2288007245588,-45.11145369850079,-27.677193383113643,-6.939307562283942,9.01467020027512,15.245588048668075,12.07665196740478,4.3884381806064665,-1.4111013713809637,-1.017181474788413,5.530535285038794,14.159092759722528,19.345797157474077,17.440456108406554,8.784394504683387,-2.4368675620818787,-2.8971290402359777,-1.8566633179275376,-1.4696682435016069,-1.2476118331112842,-1.1455685760970793,0.5198259667196541,-0.007845992676333971,0.0,46.10965979675735,-11.132749890333798,-6.47256239976573,-1.0204979959760632,2.9806244586921684,4.1794285141333125,2.7101123880583633,-0.003872431379328578,-2.1019052671236147,-2.314096665164043,-0.6074010202311815,1.8808533220604284,3.551763434802435,3.2723213968828118,0.9680477635861972,-2.352979762690735,-1.4826547985295082,-0.7833089245460587,-0.5764503571838123,-0.4760458858231462,-0.4331518847456028,0.05091527624777716,-0.4681764679863832,0.0,20.507709245400672,-0.3659997193332889,-0.3662633838561571,-0.3667180493450497,-0.36738840472569656,-0.36831311901490427,-0.3695500200452042,-0.3711847201097591,-0.3733451792029099,-0.376227110236553,-0.3801403857610627,-0.38559855792354303,-0.3934985798228289,-0.4054207407747853,-0.4221133136313352,-0.3753603729997513,-0.13116407972052024,-0.18084817303024012,-0.2169160039402469,-0.23506806865805585,-0.2427782606513719,0.00799229381494392,0.10459831071318264,0.1,-38.350428704669106,-0.01129384600975758,-0.011378899967231515,-0.011530251774611422,-0.011764342259910965,-0.012109011410016636,-0.012610417120884064,-0.013346281592077736,-0.01445239663759734,-0.016179331981382883,-0.01902524807056993,-0.024087580478128312,-0.03417206262012895,-0.0583516896005235,-0.1402661361912504,-0.5977379866263048,-0.7773806164781747,-0.3735742599130229,-0.2376789704978393,-0.18331571421879744,-0.1625828998372334,0.004358554436094717,-0.06422757798292293,0.0,19.559264509677448,-0.03655892791209947,-0.03683589738153637,-0.03731654576592525,-0.03803229814485354,-0.03903369960043679,-0.040399191360579456,-0.042250771481515466,-0.044782897466680405,-0.048318968750482534,-0.05343080107200626,-0.06121965162850524,-0.07408017712806025,-0.09824123937294604,-0.1546354569750233,-0.29849388963339984,-0.08931454958194668,0.012179278044113895,0.022635376969734944,0.022966707137363932,0.0223675299885151,0.06560499556877585,0.12903655934167355,0.0,1006.9491078762984,-28.837792365185976,21.065413395164498,-38.09694181451225,14.009699876179313,-0.9483900654204548,39.165862346368435,13.529558298248489,2.326894080081118,34.08107529432687,13.715995200823775,17.478011380834566,17.20653916874862,20.115067718830236,-29.752789184584433,-8.717909148108857,6.410649887741919,6.010220852138173,6.603319443312457,6.954252214285319,7.113944949076263,0.020112478478264143,-0.0734647202477971,0.0,1472.3949119786596,18.746638693630192,-23.933209007077394,24.348363737060513,-12.381744544764869,3.323240039090976,-23.58472649627197,-10.428965921995433,3.6968578990014582,-19.10498914901564,-10.239879626572801,-14.669645757204961,-18.204871370658168,-16.182774719780994,25.341388044907287,9.253141278517973,-5.320913337291646,-4.839637166691394,-5.156003387373501,-5.348933918156974,-5.437287101861874,0.2907736487404328,-0.20227940643620487,1.4,-243.33343622723754,-10.6204139714513,-2.0233531534642277,0.4358692308836645,-1.797284137478286,-0.9675954086463144,-2.7698410552109363,-7.313938017154343,-3.2447907945820686,-7.096184643245117,-11.221341470276789,-2.6519755955362987,-20.560337387184468,-0.5094266043801152,51.468591532224075,16.9444917115709,2.0996893908068976,1.4266725615679707,0.8139864114644686,0.4881287513594037,0.34519036423530336,0
2022-06-08 16:34:29.725446500,5.837045780877588,-7.291700194678931,0.7721359438151512,0.3530134177555664,1.8506042268281688,0.6719495785208033,0,0,1,0,0,0.0,6.042395419718652,43.96377717144746,-4.82420674870101,1.7099654747291002e-05,-0.27800604244598154,0.033510324328191635,-0.1755674073971879,-0.03583321003715298,-0.00938470387180528,0.26529360912320143,0.14138710050964162,1.2099142411551975,1.6372762188047,-0.06318622778041742,-0.4909565021089639,-0.08249849362670661,-0.7124553281003542,0.0,19.210962503042367,40.212704675103296,0.09057967290875324,0.014579385281374653,-0.2789534222724567,0.033060975236249665,-0.2593781502394887,0.08932488572664686,0.0272430531256268,-0.014882572477329315,-0.05192003818961178,3.037920673982656,6.022796320754465,1.4200042084218785,0.9029177983244092,2.0337254736381465,1.1496332798224655,0.0,7.767706208709173,5.4521198129238,5.846138749186737,0.03316562973852485,0.031297516070116264,0.0775072355989409,0.06866646673395295,0.05660356259313734,0.20099529753488,0.1619188541177322,0.09949608916486354,0,0,1,0,0,0,0,0,1,1,0,0,0,0,2.2388723014583687,-4.2165277715389236,0.1,2.5839800432267976,21.217070452109706,-9.310121704425573,5.470337672761492,-0.7721060319077777,1.5877432626110768,3.750519191896239,-2.0712836707274462,4.740867944869729,3.6374862313637,4.984481418653827,9.977414641575722,14.446109081314034,20.22654519837941,-5.165898602200873,-24.54207820107713,-10.821090511495562,-8.546593129849832,-7.38169199999596,-6.775020921871687,-6.510567031967477,0.94904719540045,0.5722585650211461,0.0,188.0741858479219,-33.45453391246448,30.12028595751051,-18.941245228321566,14.18556436190077,1.190764172260856,2.1906608388845754,9.525775932565942,-6.189632610819843,6.1273760499441465,-6.587997608023361,-2.021969819539402,-28.866807847133156,-40.34783768146581,28.505370416330504,27.76408085326425,21.22828163245288,17.412100608990173,15.619655327391994,14.696525448090995,14.294670438403204,0.790602006102708,0.07076391587630043,0.0,40.55109529406389,-5.4289918478618855,8.157568918754812,-4.586076182334407,2.88716809528918,-2.2405083507009893,1.020321616176853,3.479813502148319,-0.9233153490507896,5.011426897830684,-2.1327187714106293,-4.371456456425706,-5.421918211554319,-4.960327246187717,7.311158925593366,0.3853008182554549,0.931475707833997,0.6494533972309419,0.5460913491815963,0.4975431229660783,0.4766976439900187,0.5796060579102892,0.031596650741724866,0.0,21.53542091890241,-5.386200465161295,-2.2682435988721705,0.732948472065603,2.04726557497532,1.5025248966311295,0.2400505039332135,-0.3564789931158681,0.2068037269686128,1.2431571859746398,1.5908297822433193,0.6585608416645177,-1.0616556876597558,-2.3889643901856736,-2.3758890573651787,-0.8390926547640294,0.5060655526288539,0.5749762011087096,0.5985075696123383,0.6075796524602244,0.6109571305976279,1.040285303209403,0.7510091424622968,1.2,-28.876656112861205,4.895216257694703,1.4235507300767325,-1.206340223734193,-1.370261933958303,0.1372688595746605,1.1749563170840989,0.5653557509238969,-0.7071844256319906,-0.5947427351274398,1.75635043123458,4.869974173457743,6.076812140701135,3.8408464703606624,-0.9585784777907479,-6.093615228192199,-5.531040266109141,-4.14064088423621,-3.582425650117984,-3.30639057777834,-3.188209090680745,0.6655710056320743,-0.025586482973175884,0.0,16.4436585668173,-3.4254316037581414,-1.173024512768603,1.0413267467551024,2.0823097638147723,1.7627802815347557,0.8291141741160348,0.2696584531372853,0.5372870406303056,1.2819366644184822,1.7295377577852782,1.3336641548237669,0.17233819602846712,-1.1665471094170423,-2.0508083153183683,-2.0558353153717155,-0.4805246188637836,-0.0647139508758871,0.07918493376353619,0.14853531500588554,0.1778520444650768,0.10377266588715102,0.2446167960516084,0.0,771.3534928202803,27.50520564752757,11.238375315972867,-5.898034923696834,20.49489838148638,24.696922468873577,-27.0888091583604,23.720649684479927,13.643917629761148,-12.087418579615226,15.735611187886336,11.48259090645409,4.565574626900002,20.047296587276424,62.65366550418879,2.6843397269508635,7.028531508813058,7.687220671329743,7.879839112854349,7.96209442125771,7.993599631553093,0.017686002918922094,-0.08898457870093651,0.0,1611.9021239758144,-47.530259692058564,-0.13584660184284306,4.321926869942473,-13.98731634881355,-14.660897016689761,17.337106928858233,-17.965352638397263,-6.0099909395497795,-0.3610084791545276,-7.8238050612368895,-10.496729994633554,-4.699812646610681,-6.817157043281839,-37.684484950050546,8.951658406264379,-2.5425772607265387,-3.4553934603432945,-3.8397249477989353,-4.0194702002021225,-4.093480972053804,0.2679656455399608,0.021118359243723937,1.5,-249.320565538904,4.0022204098397145,6.592382536667143,11.196190130640769,6.606557739842207,0.7296496930436369,6.029612315211357,0.8341347465259972,-2.0646746572945998,-6.058667937871245,-5.92611972217554,-1.352866272420559,-9.221394240219368,-27.453669742323896,-31.502028971509066,23.946734022967053,8.457510171866227,6.270641850455197,5.294629243329711,4.801902944115907,4.590477791934834,0
2022-06-08 16:34:32.475446500,-6.167213583925879,9.404596060157406,1.4372385477349516,0.42866433018390615,-1.5218332395363885,-0.7128975296183039,0,0,1,0,0,0.0,7.645982555295467,45.01947704762745,7.577345244783195,9.86656861413933e-06,-0.2918400894188894,-0.07532065383281643,-0.08834852740124073,0.01639824136935265,-0.1476874412157141,-0.3563691641627665,-0.08786918663670297,1.2451901157093934,1.5598377326642043,-0.046122253863823584,-0.4665261834300856,-0.058921341665141014,-0.6958097798633885,0.0,19.054102418119978,40.24488689335859,-0.04419627493345051,0.014562320830050147,-0.2787082374301351,0.0337282877186914,-0.2581020065666429,0.0871754247685255,0.025514022043136058,-0.012394126058416078,-0.049026151518414614,3.119461791556559,6.129435242565881,1.426838704402914,0.9048976928292896,2.0449591767290944,1.1571024653153676,0.0,7.908415719636184,5.473869778234171,5.842203684037927,0.03317283673244032,0.031220221556063337,0.07748175593938735,0.07043880536291874,0.05811428000635735,0.20222763729156484,0.16603323153648258,0.10008053917292888,0,0,1,0,0,0,0,0,1,1,0,0,0,0,1.041132237431801,-5.0998991520446975,1.4,13.310107746526795,-16.333192528456323,3.858187672060724,-9.813937337029657,-8.823397755167148,-2.149537418983646,-5.605416323932028,-8.411236741775896,-1.357570141642113,-9.197389272541995,-11.9781962792006,-4.314986790468416,-11.584756198067565,-11.980672021350598,68.12907382783379,2.7634908661484987,4.679615470856987,1.5491711913810295,0.4562897647112316,-0.06828151386996728,-0.29052348115648297,1.695206454222064,0.05392425704947042,0.0,97.72079527718165,63.2943582080947,-15.295245325069509,3.6513958526944537,26.51306136685952,3.771681667611562,4.68730806927037,21.559015830657053,7.519087793765948,8.445521846235241,21.54097567044712,20.822099056977912,13.334724397284988,50.90958268876084,-92.17190702917172,-17.031921007305833,-3.61216556828388,-1.7176051582826837,-0.5590757892875189,0.06618997565411178,0.3454750478959669,1.2548844000365598,0.025706950043315517,0.0,31.205454385918273,11.235799023472996,-6.6423437207838845,0.8344995660699971,3.4811677276298454,0.04012556133087164,-1.5965919462957896,5.862527541667522,-0.1664087638464924,-4.671617896836199,10.492311468729568,1.3257502737901283,1.653327531421268,5.06287359980954,-7.7103802321216035,-2.973632694044314,-0.7963809246658977,-0.6776263756859026,-0.43784998754770543,-0.3222245056236211,-0.2730863018485529,0.9856672503401894,0.07181462536604169,0.0,16.265201254249288,-2.906846598682696,2.4125350988716807,-1.8123624960407616,1.7630845232273669,-1.0764283992020227,0.9862137751453214,-0.34942030248151723,1.207107675717346,0.8478937306270661,0.8259956437383553,1.2686163674952933,0.2241703507303977,6.428278682198057,-0.4366719706662193,-3.6451563628267096,-0.9897768798780856,-0.6577778762564221,-0.5151671896677777,-0.4433558435162264,-0.4121773537320661,1.3378479834685446,-0.0619976635218649,1.4,-19.132861739155352,-0.9586965534666918,-2.500879981393229,-0.2842430496176074,-2.255994542076205,-0.2953031595591593,-2.0166953501370166,-0.37040779621024345,-2.9477328012253285,-0.18603419458570716,-4.296701248098694,-0.8997259883400688,-9.693156350057473,-4.841000603019632,19.67798201782772,3.396797445597482,-0.21903038314992165,-0.15518743604999286,-0.19994784804469967,-0.2355679042980664,-0.25374280702450136,1.5461054516060275,0.7517115040877368,1.3,7.894149089745582,-2.393733752616507,1.3579857635688983,-1.6509639712400817,0.9752813402848236,-1.6568488574769653,0.054266568547374,-0.4802551009566414,-0.07140868737281802,-0.3653126926125816,-0.4190831036106254,0.7732365550001232,0.4434232949989072,7.920012512797741,5.903825855019735,-2.0966756636257853,-0.5516107373412074,-0.5410995594796633,-0.4992525947658243,-0.4721844777452127,-0.4596705150734045,0.2866608936634867,0.36074531377365415,0.0,546.4941937966433,48.37326202117365,-6.840766336150942,50.16639711918695,31.393585677935036,3.487446520476944,33.778904429229144,31.104377320702792,29.607434278906922,22.5232936895627,-1.7586358579056791,11.832002290160368,13.437492482805615,-9.90553351070357,60.24798052775546,15.334417085800538,8.398277694554892,10.677292561746484,11.086771248270951,11.249257350846195,11.312783719780526,0.019601844376146756,-0.1403899393276854,0.0,1746.271422113154,-24.87330255284309,-1.9606199092221173,-33.18992442796299,-17.447822138666368,-6.530198115637888,-24.96977894836432,-22.790837252947,-21.189295347323718,-6.89276800178348,-4.528396235897709,-11.30550992814343,0.07390349765765336,-3.6888135113934126,-50.636874651456345,4.3002187094791315,-2.2242020654414962,-5.058126105418972,-5.791892229330884,-6.102947640669483,-6.227071551309964,0.8501237478946785,0.6334277760144458,0.1,-198.20733648017062,52.432479048089455,1.9673992181257949,-1.1992344728007571,3.0181487930432134,-2.97494882121946,-4.300866930896476,9.911986144400524,-4.039367449911817,6.8686860787369595,9.046248248391203,2.705024159453359,13.558946118417216,22.38185763672599,-107.64441149237018,-5.381452307270184,-7.80503634468905,-7.0644910973724775,-6.505415045958429,-6.19246013597723,-6.051697499310378,0
2022-06-08 16:34:35.225446500,3.6537549599817485,-6.418178202077264,0.7818340618382857,-0.8872102772660271,-0.6578025793389095,-1.5559659471450942,0,0,1,0,0,0.0,-7.535715921547808,45.52408260105089,3.6588575362893248,0.00038691399618670286,-0.2835069547291389,-0.07136034461121624,-0.0752148620429091,-0.01306999365562198,0.21524871493703945,0.08287052289755911,-0.0495202105699605,1.3013828278895077,1.5173606608165573,-0.029680172521440062,-0.4423008072073156,-0.04997720353356423,-0.6745780955742186,0.0,18.76595996085223,40.30961149127407,-0.07431000332416103,0.014541855686891175,-0.2786072227039387,0.03314115353155174,-0.2557257972380982,0.08500275310992915,0.02338683642347308,-0.008858838265103558,-0.04684737253318752,3.2296127906480723,6.206457281935772,1.4309601924371818,0.9089912622383876,2.046303415657326,1.1652378436420572,0.0,8.28866667973323,5.523351261163275,5.850563264150701,0.033181444413219345,0.031187106882773544,0.07818347313273108,0.07354287536208128,0.05982537347487717,0.20311368793816506,0.1711119556873207,0.10033100368577544,0,0,1,0,0,0,0,0,1,1,0,0,0,0,1.3634507080287543,6.24555171321496,0.0,49.793187189213846,-7.677494898184433,-3.975419592730612,-5.015244291716097,-0.676294266192663,-2.5049854721158376,-3.203426368407432,0.6562994501216324,5.623147499971624,5.097432400965826,2.599951937118681,2.8416213963211834,-8.938161126302182,-28.35990987682,-36.7572348612611,6.3217422074451655,5.3216246562759055,3.1321633169230383,2.5686881511785824,2.346092429603144,2.260951274216397,2.3310483701531552,0.8444912813895263,1.4,-10.522035697103034,22.558522622394904,20.719114265312253,18.52735432031661,20.49381357693104,11.592037392512774,13.707112413305405,13.123009588422732,6.2412139161554965,0.3108246593464559,-8.871627319812783,-12.816779746870925,-13.65154994410285,-29.71603511414901,46.534028318808645,1.8894957155608372,12.324855662790268,10.290207356544958,9.217741409682287,8.704745784946809,8.485551284105725,2.0667407629612797,0.10835738375709998,0.0,14.399357798094636,-1.6132982458477514,4.280441497276969,4.815716139901138,3.5895426631559526,5.619098422135459,5.084222622579445,5.084229979999553,0.5396598095249547,5.879366923216513,-4.963831661666757,3.4638274313484136,3.7607384890524562,0.019754169929197433,0.3528799787777213,-2.9626509151832368,-2.4916251000131964,-1.5995132650359256,-1.357538904133046,-1.2380017932928828,-1.1867347985069707,1.848654892480648,0.7914212641939918,1.4,8.555176383376361,4.932094865212985,-1.8199257964011908,-1.4115510105908826,1.5528903919147703,1.0788966286859782,-0.3854415996611215,0.061773801924072114,1.9185215555354551,-0.8349136316833032,-2.541170597776246,-2.5154006972890164,-2.1367574122178605,-6.853294417831588,10.855382370019472,0.1848871155615144,2.1526046163362405,1.7653001155743744,1.56451084663062,1.4655167420919917,1.4227545483110124,2.0012608774204033,0.2752121058087673,1.3,-8.853931863665068,-6.739990417099255,-0.39376565694482624,0.7429776700291233,-1.5485309055293572,-2.6869861666410686,-1.716174068804052,-0.4889550109078729,-2.278017033476396,-2.6489861136049533,1.1028676571455591,1.8359208472951205,-0.12208645196060508,5.9590348467002245,-5.601817512490048,4.174735605850712,-0.8416290168102359,-0.8651481389806972,-0.8333373677582823,-0.8239428758804102,-0.8206920289695697,1.6479679157376397,1.8964672398749463,1.4,-0.7427079333657516,3.7282867408787146,-1.369824504331204,-0.829790231457844,1.4822918199590482,0.8347781004301305,-1.0509945694472609,-0.8908678250338342,-0.2474348563998635,-0.8003134683843989,-2.3865240669666545,-1.0118927067831878,0.4954860209173526,-10.575779868740508,9.319353427816152,3.6215203729908896,3.0485512356089948,2.084971019626237,1.7601082987374383,1.602993981553808,1.5360404985138676,0.2905670180809381,0.3697938639784179,0.0,374.3302956434999,6.8518625881504605,9.07919759968991,1.3925200471158234,21.314911483825068,24.39449751117837,24.675004709304076,7.5887957345093975,3.504282662118088,3.832689067249525,17.66747767936528,9.801105108675637,13.73476660028661,42.20498205995347,-39.24111131130812,20.546471455972398,8.443241523712633,10.256429343987172,10.816551572985759,11.060833819581921,11.159765500412247,0.007643583932144156,0.004716537246444399,0.0,1807.9436883226444,-10.587049525520484,-24.229643218542837,-12.794746020304927,-8.658482547540018,-7.384563990482023,-3.691598464189852,0.3902024721186166,-4.405119699593612,-7.992566522646798,-10.462751654249686,-10.488594556733931,-5.050398729923046,-16.833528380269215,21.10829105923427,13.480219503191064,8.347063481913544,4.687905185491871,3.415091020481931,2.8153597614802637,2.5631102610682213,1.0756650908008123,0.12518113578927584,1.4,-107.98725828686196,9.871441266211892,-5.781856654520688,-13.878562385681644,-1.805013650607576,-2.7099180153153224,-10.736429460895675,1.0809755579202522,-13.330619929381307,-13.718184722231006,-11.690211998568115,-16.59193834700983,-14.685414387977767,-19.35997837447368,60.63265762297248,4.499840752834687,1.8139096164463329,0.1362720983235306,-0.7733822741914302,-1.2480847730543538,-1.455801456021451,4
2022-06-08 16:34:37.975446500,7.8363480922036866,-12.082341404358802,-1.1197932547395706,-2.904054856698357,1.3697709581505932,-3.040799876358196,0,0,1,0,0,0.0,-6.935419125631952,46.28052278191634,0.5492453215777869,2.522935752291779e-06,-0.29654476531983115,-0.04205828467860439,-0.16807681953314882,0.021292335521725103,0.602698621372272,0.2468930335408907,-0.07021143773699838,1.4781228823622456,1.3075520223152337,-0.043400530881077495,-0.4773985007910864,-0.0294423313024685,-0.7083575834086342,0.0,18.298684112515897,40.38865433390734,-0.14181088221460147,0.014513407903444025,-0.2786211167626638,0.03256288639480556,-0.2543456873229864,0.08363529262820586,0.032698473311229576,-0.001506946722344446,-0.04727533734681318,3.427495847758556,6.556532247577665,1.4487848285975256,0.987182102372692,2.0568076854488595,1.2300410573339997,0.0,8.981503223145275,5.58853333024686,5.84182795710853,0.03319338344663174,0.031223425813543374,0.07865289489677668,0.07497705203813383,0.06075848710645116,0.22265241870863134,0.17694825547527393,0.10048501886885172,0,0,1,0,0,0,0,0,1,1,0,0,0,0,1.3081504610725423,-9.314074744638404,0.0,131.2844153288465,43.21968419883761,-9.711313877699789,-24.81074333538565,-8.343676692699338,6.169749787299137,3.2607611831548486,-14.840234700125148,-10.139290100778881,1.9623628511935003,12.83343806260926,-6.697952645730702,-23.424724009106907,37.44205414175136,-92.81207354404094,0.8366183373501492,-5.125209429005887,-5.5947902485767935,-5.658432122865943,-5.658180256674249,-5.6512618691698036,1.5265173533882566,5.4378829997082745,1.4,-151.44954541520192,-76.90364250073152,4.317929630316034,43.7339190729294,28.80576462844485,-4.302719608969511,-9.147536988615274,17.62118907533596,19.45703806383598,4.375644686767914,-2.9871318358817054,-16.749663656741298,27.751092138408968,32.81833501981235,76.0765945962209,-0.7261840701397766,15.540419929722425,13.198404179728422,12.709999055957791,12.457298505354485,12.346081316324089,2.1019938852417632,10.094228461488726,1.4,-4.605528720768026,-9.560377086198082,2.966645740211692,3.1420310830027764,-0.019155886741501597,-4.741623564356483,-0.152875567078967,3.2742156324148817,-3.681110645135449,-7.673038494455035,-2.8786066325535096,7.617101391698737,-2.279239604342549,-4.5258553488194915,14.622319229620993,3.044420599461917,1.5087962914472128,1.794343477606295,1.6750265300447056,1.5970997747333702,1.5606870327034867,1.5446281634046215,6.295620128184679,1.3,-29.902921680486628,-18.01272028473839,1.6721564780064568,10.781501220590567,6.454256766783963,-0.7171332373595635,-0.41200347246025215,4.423267457804067,5.884606246348343,2.1783405351295078,1.7315716516280542,-0.8967972311197889,8.085310865633321,11.315676937510569,-3.522364741669306,-1.0125974626092034,2.158812471328801,1.90248481123969,1.9274216629385128,1.9455647881447604,1.9541294284408908,1.6175222858030565,3.2508600855130925,0.0,14.577325997809954,8.987139602184216,-0.3724573575995522,-4.252163559223013,-2.5953745955521392,0.5278137571192986,0.8568351069456125,-2.2106894606312664,-1.1161084705692166,0.9074106330382306,-1.3730703057782316,0.9182083421148516,6.062548682270383,-10.759565663719123,-21.36519379124452,4.9601285574028156,-1.528408283552664,-1.5478763846055077,-1.6226932564946808,-1.6471252233942926,-1.6547705849538312,1.456406626900576,-5.3474671778410885,1.3,-38.0263001777772,-17.393325634148287,1.359829604477918,11.035342526424492,6.938891814333798,-1.8497057195614235,-0.2419983959915425,4.087144621333303,5.955604103970357,1.8876937331920072,-0.2803671883382011,0.4189524531172468,6.9832665088332915,13.545594393616998,-13.886443014290542,2.903028476096462,2.045905142312386,1.777086617047036,1.7466125541761983,1.7403092173187358,1.7391207210066042,1.1289591991619177,0.6237192653069833,0.0,156.69557672901155,-56.01657184219729,27.413774470183128,-29.38322208770535,14.914687120270177,16.241149140115798,-10.786384431800244,11.220165419915519,2.9307320950828486,16.4297999344004,2.568021947552248,-15.171417992080805,4.284631619937805,-11.919300651466846,-20.413757036443453,33.59707925623364,13.856955770930524,12.018846278560927,11.199928157877583,10.766780586157479,10.577258878233627,0.0010781296478084466,0.011622324163388644,0.0,1859.545400521352,-0.1669303969987368,4.782445848660019,0.004635614108991604,0.9311659189874036,3.8753690738841016,2.2625566090570293,-0.5765801848558851,0.19017979278399366,1.404430761823349,0.5731070086452519,-0.2606289245934903,5.373752585007772,12.468628883139449,7.668840124910978,-3.623646194647897,-1.6068542536082404,-1.4486762883333029,-1.296608054631033,-1.1940463312597205,-1.144981990343874,1.3615613531184199,-0.5483762014453596,1.4,-29.139934578040442,-70.07472594097443,1.588088907102838,6.957958482436215,5.971782515313755,-9.0456250357316,8.854911334133973,8.381627192487791,-1.8810639607567372,-4.109462882476902,-6.640865060154589,3.3354753295431583,13.983803501033476,-4.620048786923499,63.73616486416681,-16.47104540087064,-6.0978591585993005,-5.027165793275417,-4.484290494443195,-4.194388700485809,-4.0674598482649404,4
2022-06-08 16:34:40.725446500,3.2860782190832007,-6.2989178359794105,0.12114016199056668,-1.8671695875557743,1.2837766433061832,-1.461464162887173,0,0,1,0,0,0.0,-12.485049363598664,44.96643365000862,4.058663488395102,5.9913589675262944e-06,-0.2782885775308539,-0.08774791273554527,-0.03868671681183305,-0.02502372870003265,0.3342410805748991,0.09210690485791984,-0.032911449502778925,1.5888605357693586,1.217945552458645,-0.030589692370306894,-0.5041200491825549,-0.024678752059122133,-0.7220352910402623,0.0,17.742301233351807,40.42959122718067,-0.1571608734788532,0.014482661750616225,-0.27823564129188155,0.03135357555570161,-0.25102719872386586,0.08187790263153524,0.03832020875239454,0.0031600879164778465,-0.048424289036804506,3.47631044116297,6.675463962644199,1.4438785247009742,1.0231766791639485,2.0596340231741865,1.2448133953451466,0.0,9.899280232598084,5.619104598876596,5.821081950451558,0.03320621111797521,0.031010021149374543,0.07962395652927713,0.07858740411601661,0.06218743751932409,0.2304596089879599,0.1785719039715603,0.10018087040199024,0,0,1,0,0,0,0,0,1,1,0,0,0,0,0.8507457772001329,0.3096612558104453,0.0,174.61514445951022,-38.92603191095763,1.4462946861647799,-6.121366356873582,-0.33658519716390245,-3.352904954977017,-1.783305494244889,-7.417821650393418,-2.6589493280758294,-3.933789328851736,-7.5707451437322835,-9.41390556081454,-8.61320742929292,-56.88783530640706,45.61065773271413,25.9181131435536,9.391414091075996,7.492153820175092,6.262353758729248,5.614557308322346,5.331380169862125,0.7396420615664668,0.4423491341333244,1.2,-244.3175658835381,47.445026457959955,7.739091450444911,4.592459109173412,11.05732678051951,0.014832844082771857,12.822386282475277,1.0473295160239564,8.059715814672316,4.652431272407542,21.564656285211687,-10.385349182973446,61.427092238503064,4.480980303420326,-50.630477009322576,-36.40266067923235,-14.220151227835304,-10.678711963474415,-8.78527283212758,-7.814869714472445,-7.394404584206573,1.9160761612107933,-0.056406422366432625,0.1,-13.447694722192864,13.526483452100582,-1.8497227424384388,3.262769828419663,0.41242785874026733,2.6275227514196047,-1.4321750376674114,4.071396917477348,-2.038034001357919,4.424576023438436,-0.04701920798551118,7.232152252816987,-2.7208207276675287,7.464596123725129,-9.867694144464812,-1.981503057373128,-0.6606800990352144,-0.7424483345813413,-0.6437491502641237,-0.5852788346317329,-0.558278556835751,0.31468512166930457,0.0147887684060216,0.1,-57.34873234914896,8.975469495800194,0.9912749952263749,0.5264413558195074,1.4407441547524409,-0.6347936042623212,0.9610632481243352,-0.4155397205404914,0.8070725537975996,0.4690165825225294,2.3082815666492014,-3.711462522564985,6.608352359015575,-5.559062823986812,-4.003944746293474,-0.9671548894156291,0.6195452768731311,0.492235730571485,0.4824708687505133,0.4798293896303623,0.4789524371317112,1.08350595883124,0.8041763062134485,0.0,29.186091138251246,-2.5201316102007025,-1.0046195280010024,-0.8732313376798486,-1.553564874294107,-0.4024491898898535,-1.35421230572615,-1.8430363976109418,-0.6977858607185052,-3.3924676991283302,-2.285182280370964,-3.179867013290239,-8.612404533026666,2.5207603345499647,1.7279692869448513,11.828221903643206,4.446838093257302,3.1731034644135567,2.5798805425841107,2.2861895991092225,2.1607172370995387,0.3805960642332256,0.10468219562414914,0.1,-61.55188414535678,11.739100427934199,1.204911973483906,-0.4966131355931065,1.3084457756912098,-0.8617336223650254,-0.1080752928318276,-0.8622535725096783,1.495702297162964,-1.4964995444737883,1.9443880303819592,-4.066345050517528,0.9331295221063258,-9.639866200517382,-4.587694082605389,4.459435564210642,1.0585819685753246,0.9117309308325444,0.7618581519296364,0.6845803578121501,0.6512169095550248,2.5571617319359303,1.3535073213974274,0.1,-46.00398303274356,34.26980230964874,-21.649609716944767,8.882951758326369,29.856796284980284,-7.842563745717162,20.495809421174666,18.584197646803016,15.125680811153874,3.809179769200356,19.926733565944765,-0.7094775190512951,32.297224705711365,8.087939739918049,22.643951434198648,29.960693407848826,15.362890278058783,14.434034722575035,13.952427132498254,13.738894792468956,13.652932650376721,0.0015021437391140565,-0.024781791310068132,0.0,1875.3956214152674,-18.854593023303327,-4.145372237845265,-1.7638543481832585,-1.394571852308644,-1.528900794811193,0.4439698577576507,-3.8237664822085975,-2.0756569391949853,-1.1281757687905838,1.6251623328089906,-3.4873161587320713,-3.6289411770785915,-3.0497545484357285,-1.6181846667040318,-4.1183904871844135,-2.5259686851073795,-1.8362568373497865,-1.682957792732367,-1.6116371372103622,-1.5817652633315349,1.7847969633822407,2.141183801402868,0.0,54.11486902781557,2.2623208885388686,-15.696818849901373,-4.4786677050395545,-4.3976757831748765,3.5003612243134343,-9.65072606734722,-1.1299651192549027,-9.037658971070668,-1.2133466699883515,-2.5006691622395065,1.4367029962341764,-1.052474006341808,24.00203860150939,-40.915071947295324,-27.95634405856739,-13.076097171546984,-11.450090724872894,-10.301244056842704,-9.712143717512015,-9.458541866606305,4
2022-06-08 16:34:43.475446500,-1.1131762630840782,-0.211888274054312,1.2391299275121652,-0.7397474848395944,1.0876576653468952,0.15961635677199085,0,0,1,0,0,0.0,-18.870202029836825,42.0698509543434,9.442233777339935,9.459782182760807e-06,-0.2531634952730453,-0.14684906232291464,0.10501855164825173,-0.05541370679967104,0.05496563126979885,-0.051787114993032166,0.003086762686071394,1.5944828596279919,1.2410471265944736,-0.0009891845084476609,-0.5043838947312574,-0.04221776530796671,-0.6949590846043475,0.0,17.013174214692125,40.45627498975561,-0.1425888626641204,0.014458964634591781,-0.2773238015779805,0.02938098712106445,-0.24432898178438114,0.07844300357649918,0.036948945430273966,0.004609749745891169,-0.04942048941149112,3.4735962355783503,6.601961288864535,1.4423788948682366,1.0245327406344271,2.045740089662893,1.2369889568848689,0.0,11.047845157350114,5.632929128071059,5.7964885697321655,0.03321611976045045,0.030702001616285206,0.08165015761593918,0.08901245568547707,0.06525330069840153,0.22972279830118825,0.17808878080760612,0.09950451387908933,0,0,1,0,0,0,0,0,1,1,0,0,0,0,0.9693347837945352,0.633301887196578,0.0,173.7925678031759,-71.83902519517255,-11.898303541886653,21.959215020851254,13.420028160921705,-5.35933750071818,-3.4461616234442207,11.697814749133506,14.604461937912006,2.5299502201200728,-2.086110752813294,14.25015660358715,36.541649727897855,41.09083033494446,23.91961429465395,0.2078461901380164,-3.343431003145396,-0.4923307878575578,0.5298715180131257,1.0164510456092586,1.2222616150371954,0.790426109297598,0.09304579166949592,0.1,-274.41784478367083,122.7286373891576,14.864865830136877,-35.59229998502943,-10.949832732530146,17.072051937547837,2.5012358132736634,-22.12203302816259,-16.978890779922107,-1.2739592634848318,-12.544621320779946,-37.544441772066385,-32.37112253151919,3.6275051619221093,23.41432038673702,5.200921364872625,5.583342794108829,6.020207155506139,5.174149509618856,4.647292714469357,4.402183973735636,1.7849913950681242,2.1156010237016982,0.1,-10.081764507755203,16.749561842371115,5.097669191114754,-3.1960206392999972,-3.0956298306879724,1.5415235445794115,3.1970997187406187,-0.3716468004040203,-4.056164076579758,-2.7281606042388864,1.5048556176429595,1.9500539821871372,-3.3610179644610563,-8.389397545255694,-6.621539277255131,1.0786024244732049,1.7108770106624145,0.46139781505179905,0.11677503287347313,-0.028489122532397108,-0.0864349858980788,0.6315571921275258,-0.6993812527704008,0.1,-70.75533738619279,28.402841540640093,4.452320526134737,-6.944936367384994,-1.5830462414634168,4.966987901316762,2.2800988983498005,-3.052560522739181,-2.2987902374390217,1.0729737590950583,-0.5151736290170774,-4.559981473873427,-2.7003353543678332,4.400888720806578,7.053808801132611,1.8554938606406264,1.2021642141383513,1.3133795764447758,1.220392351706356,1.1635817110922997,1.1372532216751128,0.4430934327516925,-0.23149208055114195,0.0,42.59614945274462,-11.440838918332766,-1.6935990581476172,2.845902308100018,0.42588102785941373,-2.5317711095749136,-1.5219101911159305,1.0923837622465595,1.7117162020839611,0.9848881666387888,0.9760322183941472,0.6391385835752306,-1.8177929537391762,-4.126046997522332,-2.163772051889754,2.9032961517670466,0.5052035383026872,-0.28254857757031915,-0.417843262252789,-0.4637866038953487,-0.4794142169123643,0.7975298364926463,-2.1452317624489687,0.1,-64.27464033556006,31.30825382207444,4.762981467307863,-7.8529024715217615,-1.7330484787800309,5.836665824348829,3.0410348291450338,-2.8014272104684714,-1.5336757802389505,3.1092346379508213,1.7765245877080686,-3.734962684993962,-3.3998857770284063,4.165842133008457,8.895925420609403,4.174116919665482,0.8172609501517559,0.8932193583719394,0.8243035559756557,0.7812920249616062,0.761570087462657,0.5538464587544909,4.32018291118424,0.3,-306.83555602972456,25.451384770508536,31.581088080928076,37.47774863708119,35.946218210717966,25.047004646740376,13.562221158268152,11.522742436100495,16.267876801700627,15.547329170629785,5.953471614282878,-0.03818353505666039,9.079718905793893,26.256282556368127,33.756561514400175,25.942009541659747,18.243136785992764,16.07959761378251,15.148538445928528,14.699539700072767,14.508296753139806,0.0008154272188418303,0.006948707267528902,0.0,1869.057277891045,-13.640468346183413,-4.2163409175523165,1.2664444914751414,0.07401706794712481,-3.0395415248402173,-3.0874112074839672,-0.5595016501980155,0.9590044779212691,0.2407043483254085,-0.7583409801589696,-0.3880496639790394,0.7806093907431729,1.5932572228589024,1.9581367969942605,2.263339853335232,1.690957918866104,1.1633585498497254,0.9395046095758132,0.8319872617884556,0.7868105316579159,0.9936709734201934,-8.409206237655455,0.0,106.54429079888928,38.18907368906271,6.226574157309281,-13.699306915310814,-10.561006453744492,1.5505020236325675,4.419640944377,-3.09603559532894,-8.613973636960907,-5.692653295974716,-2.0516919900740667,-7.503435222571817,-19.652004374072725,-26.207402372223644,-19.72424548483815,-6.221600311606041,-4.484000057082873,-3.62106167464998,-2.9923185921176763,-2.6809141462201254,-2.5482677423027407,4
2022-06-08 16:34:46.225446500,-6.631199057139205,3.8386621433281856,2.4515342439565195,0.4117108616547678,0.8377233404772126,1.773666652657819,0,0,1,0,0,0.0,-13.328195199237902,42.68768249905216,0.8558813366586533,1.2928205397995325e-05,-0.2389519886947098,-0.07008360177202985,0.1279477101438435,-0.14204516193376593,-0.2514038093314862,-0.2554523296027737,0.04129835205643127,1.5022278056129557,1.3194387080446377,0.04391069894870768,-0.49703296055496604,-0.036350254731824266,-0.6561693435011302,0.0,16.3500305438556,40.495455115694334,-0.14988687229754402,0.014441668559772981,-0.27645739298780925,0.027591007132312783,-0.23722896032073634,0.07433850215729769,0.03331663745051473,0.002066336582293852,-0.04913690692584819,3.5477319122573223,6.509322170406644,1.4676851249085878,1.0201623522818568,2.030883091335998,1.2517492639986272,0.0,11.813529152265936,5.645033826484292,5.805676432700008,0.033223415125000495,0.030856265596593192,0.08262724441460498,0.09993362697466207,0.07124638247930377,0.2290048485409094,0.17877403500681222,0.09861637740553326,0,0,1,0,0,0,0,0,1,1,0,0,0,0,0.6457525269003677,0.6509607285346608,0.0,100.36254450133859,7.478186429269402,7.475817341482233,7.471713273479978,7.4656182695191164,7.457122747234416,7.445595248291722,7.4300612553518945,7.408980304690423,7.379810134605943,7.338076446526536,7.27512900656871,7.171689108583692,6.973839199313152,6.467406606012768,4.792164643873923,7.125412084188186,9.047590874282236,9.509654606891516,9.651410137672391,9.69400095636884,0.5396211917348884,0.593385738059086,2.0,-217.661485585627,-14.455520599830043,-14.464544342042027,-14.480168310078001,-14.50335167523811,-14.53562380787867,-14.579329859686105,-14.638060528406196,-14.717426221458291,-14.826526246603029,-14.980949503899353,-15.20954539286016,-15.571962025789444,-16.213958623006516,-17.590270962162734,-20.611903355698853,-14.770998006095926,-12.178344221042426,-11.682350846707136,-11.506897137512047,-11.441521161459018,1.218085980255302,1.7011382453358297,0.0,14.499461384530818,-2.0191424978467167,-2.0171654657257765,-2.013736114165795,-2.0086328181140383,-2.0014993304251667,-1.99178309713058,-1.9786249008454504,-1.9606542276833652,-1.9355860462501049,-1.89935575723403,-1.84403474193622,-1.7519201986637378,-1.5743013827180588,-1.1246931936009241,0.4325822024189064,-0.4298136639731216,-1.6473738319847469,-1.900696071116256,-1.9679881265364318,-1.9860292151055237,0.243408345332234,0.4979997741541908,0.1,-68.48105923545246,-2.4954541197449447,-2.4970764227279516,-2.499883989962425,-2.504046886398025,-2.5098358559846803,-2.517665212951792,-2.528167735013965,-2.542329283647468,-2.5617438956622287,-2.5891348970672845,-2.6295360353621358,-2.6933993774790683,-2.8069110954893777,-3.0621658274434527,-3.9117687892123767,-3.8338566593167913,-3.1952630950685847,-2.9864679966890493,-2.894928327533796,-2.8576085885975924,0.06748433904621348,0.316329943726823,0.0,51.51548902970196,0.7338327580430963,0.7351434629379563,0.7374143114557858,0.7407872781226388,0.7454893648453744,0.7518700208457987,0.7604671301920187,0.7721270999441971,0.7882358939196914,0.8111998481815348,0.8455606949934978,0.9010127606423096,1.0027246344774108,1.242086635885378,2.04618682212154,1.7864047520588802,1.154912638797092,0.9752186339790044,0.9043118608982456,0.8770783393192851,0.643505559693177,0.6627556723655411,0.1,-47.2884900257499,-3.294764893626585,-3.2952478998873196,-3.2960847121971284,-3.2973276425918536,-3.2990603825904548,-3.3014118968186272,-3.304581015037422,-3.3088814358975256,-3.314829034006634,-3.3233259322724713,-3.336096810047558,-3.3569211900438605,-3.396301330264897,-3.501390432482663,-4.0910116018299005,-4.732364409871789,-4.269557012315548,-4.058538546083701,-3.9567691676177534,-3.9136781439341495,0.1757240444900747,-0.2876899500243478,0.1,-437.67366052199895,67.32728979093648,1.8206581628074898,-7.115856389331911,13.744142421419035,7.881840103167093,-6.784285924486947,2.5952632674540865,10.930885921662616,-2.507098652659705,-5.831139163947192,13.799135606268234,17.369247765093288,-6.598972710284834,-15.744558998885806,7.428415681789984,9.002581292593279,6.572355776449284,6.029478392484716,5.781422694760536,5.677718245506639,0.0011317304981942038,0.02422754514974656,0.0,1844.6261402937653,6.9805887900179195,4.499757246995756,0.9762698779886988,1.2897381888751909,2.214802133941717,0.06771440163412024,0.1656568839053989,2.668710190452444,1.1344176690440264,-0.034875679659819525,4.1618203372608775,3.206647004733121,-5.6318975426871125,-5.587561260835797,6.069675475184084,5.451998891527707,4.199727173189352,3.7931585614328434,3.5960641525850434,3.5124491395461788,1.5424253732550617,-0.5991279875085395,0.0,88.7518500169262,-52.92020500851057,8.610041010530452,11.697157032545569,-14.928268830575073,-11.498552797316199,4.093494100917346,-4.24543326518942,-11.85105200122356,2.795735881759532,5.087036690158569,-16.591360381664867,-14.387226546798622,23.692932296432765,40.677859871114116,7.508332185559287,-8.961479412047597,-7.389404357584852,-7.105626527685269,-6.9752822314266565,-6.919132979324447,4
2022-06-08 16:34:48.975446500,3.249187209648482,8.139329640525231,-5.248820310148378,0.045003789979710974,-0.8469559625478859,-0.43632369572999774,0,0,1,0,0,0.0,-6.634879528058008,44.67029404258546,-6.667592983510898,0.000261453551700805,-0.2524241921111431,0.019285340010038333,-0.058442547216055525,-0.08340670839860645,0.03786339047400971,0.200857793571212,-0.14639418313795266,1.4964901899003165,1.363369002782724,0.02931965638450801,-0.480648677949758,-0.025606276094511708,-0.6032537832566648,0.0,15.707970596445188,40.511956538313385,-0.02577194406195816,0.014705372368429843,-0.27574438377719057,0.02486988087985089,-0.2305576309604801,0.07130552678728093,0.02908771189573102,0.004871303316581945,-0.0479452277089717,3.5475268707991177,6.454209081790468,1.5309542829939031,1.0310704040218657,2.0210172537480067,1.3124937770550775,0.0,12.649027669421198,5.646015108746389,5.855188137541481,0.033626203971655194,0.031119691595417363,0.08446066865450896,0.1102569336333054,0.07583257679465125,0.23087991954599,0.17994770052242778,0.09877098473318187,0,0,1,0,0,0,0,0,1,1,0,0,0,0,1.2182329676372663,0.31055127815274425,0.1,20.350435433632246,71.91663448166241,6.725487716022383,-11.347088750999248,9.489109053680293,14.30084446310245,-2.1217439098475026,-3.6656694188999577,10.450743427523511,8.545013047417036,-7.515911881367824,-4.979459576370856,15.722737890613198,19.325835604384945,-1.2226845731298193,-13.024188538145467,-2.3479307345934752,0.08170791919391629,0.9652739109350938,1.3589655022903853,1.5175318362681347,1.714106506294639,0.7782849845075199,1.1,-63.62225560939021,-70.95854430388194,-4.458940417211245,11.951237736293587,-7.187396835737019,-9.385270701208071,3.8607274470645416,4.162200927525698,-3.912579291781848,-2.1062814156736662,7.326388414106157,14.054862288834903,10.588174083976892,-10.062782012837971,-36.228015475018815,-35.636833512752254,-14.56300582772563,-11.642748632534564,-10.340131247884766,-9.68135751081478,-9.39649719452981,2.0759620789138316,-111.61370577018593,0.0,23.489203864847823,-25.51802504068431,-0.30402766235758083,2.8971857544498647,-6.804793207377663,-6.61897910709621,-0.6085645174153038,-2.2095802809445857,-5.9166537436161795,-3.792254109165702,-3.913134960248544,-11.000919397419029,-12.653427588538339,-0.9719618372142144,13.063934003999892,17.141855381976413,8.172111584267277,4.9919737107689,3.852016166930276,3.3107804272640027,3.082736472728255,0.8188216783546068,0.4902477786757853,1.1,-25.23990516884653,-5.017818258566901,-4.735521207769512,-4.291971347048106,-3.725017145103137,-3.0827548387071864,-2.4191907822532146,-1.7894003057861307,-1.244645308161564,-0.8279325400552425,-0.5704949479239626,-0.4897153093711407,-0.5893150849866002,-0.8644699350916689,-1.327614853033282,-2.097712118427311,-1.8866979268390185,-1.5958249854632045,-1.5329492384734151,-1.510598968689906,-1.502344482653522,0.1341902658129955,0.4477737070480879,0.0,41.44144419013721,-0.8995711781608708,-0.8755928970736626,-0.8340949788175291,-0.7730235035316748,-0.6899708454304148,-0.5825836502538326,-0.4490072608518629,-0.2883144713557864,-0.10085939373806517,0.11151916926925808,0.3455857509982643,0.5975460643665715,0.8671337065705933,1.1880689805982256,1.9806981965957988,2.6448782680851446,2.125858393197844,1.8947390142476601,1.7844212907134984,1.7378681474692128,1.979066817027593,0.6841087764450445,0.0,12.121979441218006,-9.346949149480572,-8.827298813875451,-8.005929311781216,-6.945766485698612,-5.727008324413023,-4.4401075557916085,-3.1779162443866746,-2.0277175729144723,-1.0638830866894122,-0.3418425879590423,0.10605426010718212,0.2723713353224652,0.17404807960395985,-0.14934647002508306,-0.6388036600846072,-1.0373821122070492,-1.2028429939259924,-1.2806225023797726,-1.3175751428569764,-1.3329310958555514,0.102595653524469,-0.023198988627933667,0.4,-524.5483740261624,8.099966765790652,18.620743781016152,7.131486318266994,32.47878142230884,3.3764127858488,18.410012765968727,1.7623665075977542,11.679956002642648,7.202586887281103,2.6314584315154,19.636334427296184,1.3106805194398072,-3.520951420789209,-37.433940600825615,-12.624496485836671,-1.1907236140021826,0.6866503891414997,1.6462607096083437,2.1149002413306954,2.3134186214201997,0.0019080701345114864,0.011051537684619087,0.0,1809.6473777429003,8.307041198182958,1.2792776469632088,5.324504782478159,4.687112367019523,2.6809305285528358,3.729082747972569,-0.14359125561558986,4.559860030256664,2.774415140597412,1.3890335301943395,5.434030634874816,-0.613704895000911,4.513368979259006,-17.24660415770342,-1.2142508564300982,1.7497861133407753,2.115999404884022,2.2710758397568327,2.3444640625860695,2.374834278645607,1.2136216802647262,0.6379695219285322,0.0,123.34273100382885,0.3618276098011024,-35.536880214495525,3.0042095061744267,-25.72248490197065,1.0639527511451679,-16.314167137260497,2.916732182278208,-1.9653085361118432,-2.7683468144305063,2.255226684555558,-16.412989346712372,2.636639653171746,-39.324913408101104,30.187098086581322,41.697950240984845,8.400612928166254,6.345839399632009,4.890270044852908,4.154126317178688,3.8386624401862894,4
2022-06-08 16:34:51.725446500,5.667077947247738,-2.9156270885395323,-0.4385257637303181,0.8148458807748249,1.1279816993707252,0.01807244915583824,0,0,1,0,0,0.0,-13.644574004880061,43.58767274938379,-0.5663978483874985,4.269884849521981e-06,-0.2549344382294322,-0.04653678500303684,0.0013301444376524075,-0.08985769039280944,0.0319761774198794,0.27614268622766464,0.092677533698612,1.516984728634516,1.2197562458747735,0.02528272001302008,-0.4751487074583873,0.002592107185591225,-0.5943039735870344,0.0,15.062837003102722,40.498031804984436,0.05265567228500837,0.014660566065479415,-0.275013709516756,0.022676171637827168,-0.22488571237510094,0.06875946500944105,0.03064982850451545,0.007415159322504028,-0.0457068031513096,3.5727155560703463,6.380070214711053,1.5659405511203652,1.0351282890155928,2.0080383508146435,1.3182701808289867,0.0,13.41980976450832,5.645290518789164,5.859847358310795,0.033643097512596996,0.03157816284513111,0.08525548140133635,0.11808852789353068,0.07912346117111625,0.23123289492825336,0.180417897372922,0.09808309370322324,0,0,1,0,0,0,0,0,1,1,0,0,0,0,2.3878249478617706,-0.9791837827850024,1.2,-7.144656690277532,24.371007919041674,9.873651217683117,-9.097095882504174,10.780018972612377,-7.891509478346528,13.048642427140354,-7.672992356792145,10.450396762891554,-5.5785443083903274,15.714025695443725,-0.5775087233743008,33.235972860578265,3.9066746633260876,24.85744877793921,-29.88839444537177,-13.947417698346774,-10.545175648272373,-8.853239747843032,-8.001129118981417,-7.6341768107868555,1.8662951548834104,0.4151825223253317,1.4,10.050469719782065,-37.120481882085,-16.418295671742012,5.066484444852779,-13.27981454767564,4.195134776031118,-11.229163900337431,3.0967440859383224,-8.792217331134415,1.5070225671249438,-11.343794878380034,-2.0869729684456333,-40.811143247034884,10.352949752493476,43.506747982716796,-21.890854458297596,2.653120251429574,0.8782641940517198,0.3253077244517987,0.04004350823336622,-0.08582415456752074,1.768698108334381,0.37903956455661536,0.0,26.67656507909697,-0.8829157622866539,-4.934632282127465,7.019702290728635,-4.424873854410874,4.567166274140654,-4.047980843583005,2.7434440932354285,-0.6455057540631949,-0.3882853964602493,-2.7229286111632662,-6.893346121306558,12.581319312066492,-7.8446998438169,-29.563276545733967,16.681436992550502,5.081403933277415,3.6320949912250007,3.1638319315501833,2.9454195253335884,2.854684746487206,1.1398634552084463,0.7582998247826518,0.2,-2.2043913315853234,-14.217263676556831,2.2887919148261613,0.5186527745174191,-1.7907199760513643,1.7646755149608488,0.5332107716736547,-1.1681706818417696,0.2805464163875334,-0.4318031402263447,-0.6156937477394949,-0.07101800881708377,-3.5539750290345262,-5.446698984942917,-3.2507855470015534,-2.7125128625220274,-0.41350475286086463,-0.16318821156846108,-0.11440978471919327,-0.09681617650045604,-0.0906839391114974,0.8365854641302014,0.11417978024491073,0.0,26.719134243863873,-2.366837592899672,3.2778442446953653,1.6359220807451482,-0.02117635783467087,2.1505794523364896,1.7324904845641438,-0.4409374467214713,1.298985916184013,3.3106122025844207,2.718482661844116,4.266957224644951,5.187043582543395,-1.0568989469820282,-6.914109130082637,-3.3260458745488632,-0.2890624903645224,-0.10303410287440597,0.04835120177523333,0.13094555747766626,0.16764659276945829,1.1527892232238337,7.063308047328,0.0,31.252980802711438,-27.603047304784432,6.270650157535616,1.0540113857741424,-5.350550638648249,2.574320525912709,0.8172872794343159,-3.01693907306133,1.1510597631734705,0.5333400088962668,-1.2247950111998145,1.256549429566074,-3.0917917951063343,-8.673173258068601,-4.43101879419552,0.6207178096367891,1.7596069344308654,1.3172255952734475,1.13327664881671,1.0463506301328822,1.0094513846987003,0.16479706011230075,-0.014969467737440841,1.3,-554.1589706867951,-17.643509563799476,-15.641226764989796,-6.910325883910276,21.900956988176407,-1.3292195615570677,-3.173223041587089,-5.962243227729495,-5.342405941424851,1.9791618315198711,9.231086293181374,7.266573785795881,-17.116562113964328,51.356816793765404,51.324994076567236,-24.261906583516346,-14.062794951115837,-9.673335972693927,-8.29736473851585,-7.645882530165802,-7.373363210000575,0.0020774971932526233,0.011326876135440284,0.0,1776.8748313361555,-1.5211008075973782,2.7479424945036333,2.958172036388902,3.809169754847659,0.4218126859095861,1.9791007788645767,-0.5658744089577397,3.044506207835198,1.9713846633106729,4.127467254547717,5.155152763387606,2.9695528404095586,12.527721981056715,13.480996539102405,-9.310982649358301,-4.4557692236212105,-2.7070537204488545,-2.0717047704600158,-1.7672553914843758,-1.6389321329364712,1.441846930526992,0.3962909795490217,0.0,80.69675174167342,-9.671634330738316,36.84269534001204,4.021175952835886,-13.258597819636046,6.444233563807924,8.837317715176368,8.936436783403908,13.353218792575555,-4.230503312271562,-8.414174084250508,-2.255529375858467,10.028660689414929,2.6163376016288455,-108.01848621721905,42.09487255584376,16.023432646109914,12.854752661798873,11.67715385322839,11.10048371894865,10.8566785444927,4
2022-06-08 16:34:54.475446500,-7.663899670936037,3.3044288116023983,0.3169046382367397,1.3068706222575934,0.15117945110139974,0.918079197432871,0,0,1,0,0,0.0,-18.08174851174251,40.439487188516026,2.7544693460751652,7.013798008751236e-08,-0.2228783038972458,-0.0898947428629476,0.18299534850723692,-0.14520155055858466,-0.24171439231436845,-0.2785943035195881,0.05013246853333707,1.5331321856411582,1.0064116640771812,-0.0076328444872896285,-0.4650633548593041,0.06059876093628148,-0.5708754521880899,0.0,14.354312262568044,40.50326210620964,0.12615609653895912,0.014592389449575926,-0.27431962398883325,0.02027153108331984,-0.21851377650083104,0.06539693428640418,0.03185518255028976,0.011206679044180823,-0.04155414468269409,3.695420587943423,6.268989958723061,1.5762389665650185,1.0566386799609349,1.9690349500383406,1.3382141737694302,0.0,14.095841193499696,5.652271268299417,5.8857089074251165,0.03366950554891732,0.032136257560997285,0.0858649253585079,0.1261602314655606,0.08310635564162022,0.23431291131887816,0.18342241781093346,0.09593404066615296,0,0,1,0,0,0,0,0,1,1,0,0,0,0,1.3772357357345917,-0.4434068003283875,1.4,0.7403428568430916,-45.96451557790273,-8.407641821100501,3.8898358766440335,2.422388237875718,-4.263717196012293,-14.117537495814798,-14.500423141265044,-7.1505335670596955,3.7853171552587126,-6.594394044497068,-24.162958852571002,-31.630925305375467,-3.1619145166760565,74.14475019160956,3.5949069810241414,4.492832377246437,2.7326694470641133,1.8170402250767017,1.3219974643333368,1.1015117299030952,1.9361994325426188,-0.29723648288407584,0.0,28.55617769303297,27.01561955779315,3.7726991036916453,-7.428838799427958,-4.559673430106511,-0.5644421039343486,3.8995909540856775,9.343179309500977,5.062226442658174,-4.997485240898968,4.791784828640592,16.305100979055787,12.541021003163776,-7.267536943400575,12.948599959283928,-33.38083242514314,-1.95838017235488,-2.6197447105674434,-2.3892420450141048,-2.1892798854019837,-2.0889141285084447,1.8363275300426851,0.4952827333500273,1.2,7.198538458744003,11.19959107630974,7.657732314801064,1.17777786558883,-5.318294852159513,-1.423450800679405,5.9702261101769105,3.864564604225418,1.1935938704509863,0.20085985352111455,1.3875440645100356,-5.302290953850246,16.78039506352146,12.070399099323527,-26.141377837917485,10.902944566948598,-1.280793497829375,0.1801275690471078,0.5678476841857549,0.7359459999306701,0.8034385633047334,1.8392340620522707,6.149026230053601,1.3,8.887192273189829,-1.8483016774537897,-5.717580069394282,2.1442167878240177,-0.8986583862900167,-0.3188805945874328,0.8483456185882621,0.1930341644444488,0.8739155277589032,-0.39069403479852893,0.1274312335528227,2.11933600547678,1.89504192670752,12.060809551633422,-1.92505193720576,-8.243073518456956,-3.1486464262255365,-2.6865698908996465,-2.3928352412582177,-2.2351470637673234,-2.1654811589155885,1.5629170001025865,0.3406954323123759,0.0,13.420086165579605,4.868221637943054,-1.3355970813212812,2.276115639520613,0.027529656446419914,1.38294173505095,0.7261133370755796,-1.8348061787756624,1.638363530992318,0.04187435493367729,1.1573752999692244,2.6227261453860535,-4.4866080394171615,4.131780048503165,6.431344049004633,-3.174584945654302,-0.4596714949572429,-0.19185430821971275,-0.058877558584523565,0.00296297247069683,0.028605884845355062,1.2809749966649615,-0.09583933888635132,0.0,32.66840032951108,1.0780027909702126,-11.082908636452382,6.687742640504372,-3.26011240056686,0.917701815045736,0.7896156621738113,-1.6974138820266391,3.9811599213664217,-0.8652795928051691,-0.2987310632207305,3.99545231572788,2.7340891168519628,16.923286954024185,-7.232990801647423,-5.3283540464292285,-1.8691274304264835,-1.86930022788486,-1.6609830528304546,-1.5353435269751212,-1.4778672329343152,0.23364539566336565,-0.0919062883780187,1.4,-543.7103019445326,19.774624365976354,10.562908226173178,-17.40475474219376,9.174887402010269,3.1095064516523934,-6.44242994011649,3.873550222217247,0.2808704903057002,5.631998726320973,0.9236713809727046,-1.339362156664606,-0.5032542234209814,-66.93433442402751,95.13958485792763,-1.8992531508538235,-1.4069047167213142,-0.5311898545672165,-0.3799811299743716,-0.3373603675079693,-0.32311796555408456,0.006167635105731906,0.027400081020600882,0.0,1754.638097220961,2.380347534526152,0.6790802221555907,-1.4352553254902318,3.047139368107452,1.2953427920912048,-2.5480871798655897,0.36932625934620944,3.4515826001470344,4.782605734646921,2.494073903585381,0.9245903381006072,0.3212448520796229,-13.721919148009839,43.54216590071679,-3.1243142933577843,-0.9689190221479222,-0.15141013226961064,0.1027094746698971,0.21151743911561385,0.25531030706748403,1.1231312929331403,0.13384677519865365,1.3,7.1226316371395075,-11.907998589378115,-30.413531266927517,-0.9929128380852248,-1.8691951697851732,2.3471427632862056,10.512466620517511,-5.014879740149008,-1.8442661448866149,2.750789346974498,-1.2608456366615304,5.4420134891596135,4.156572000155322,27.399650046375555,-74.39742237235535,14.505548687673947,5.156932634153844,3.9415849986832896,3.7427873687003057,3.672185655854935,3.6447691182424022,4
2022-06-08 16:34:57.225446500,1.4033312781367218,-4.087182746738321,0.8684371105701818,-0.7761121611975144,-0.2725143318968852,-0.9276872556512232,0,0,1,0,0,0.0,-19.909940097125727,39.604763555306896,2.069806675496724,0.0006535849925469366,-0.2288885846851233,-0.07575033715317636,0.07666444764941052,-0.06151702891446487,0.16005232044186748,0.026150241660354675,-0.056187440386742636,1.5917911756019023,0.7879463907154781,-0.05180549548090544,-0.4601282567899366,0.130505361190391,-0.5452641069593921,0.0,13.618496543498367,40.492978760474465,0.1843952949325704,0.014550270614387113,-0.273525964034113,0.017994772527610215,-0.21226614609638944,0.06212113071351666,0.034052574547639124,0.017166202133072985,-0.037298004520486885,3.717099125277244,6.191200781287535,1.6006820643857351,1.0735121114579085,1.908619648650518,1.348834280723454,0.0,14.768644302587335,5.6530322115799825,5.910641015827942,0.03368610067420277,0.0326850117860398,0.08645314700231209,0.1326638940709593,0.08655902328812051,0.235726117743516,0.18317973099801207,0.09290598741806087,0,0,1,0,0,0,0,0,1,1,0,0,0,0,0.7808341261289765,2.536422661948233,0.0,46.23105264049597,0.8819945864032963,-7.611867101341401,3.4099807393557677,-5.6373762136542025,0.9590927884379874,-2.1029594163733214,0.19030637248521295,-2.197604774106707,-4.006327111832638,-3.2623796589164287,0.5182175865578698,0.14427907240458993,-6.015436864810842,-67.34052195942823,0.4474886469778836,1.256419635137612,0.8303292130787749,0.46262100588137395,0.286579965284381,0.21557705621232026,1.8103297934539413,1.1962421830135357,0.2,-11.729271041123429,-5.751165623070892,7.406028477510903,-3.810512714339553,3.7819426382400136,-3.652053092766571,5.27703687177309,-0.7166181040244459,1.1199244227392482,5.303949073256518,3.0335434940583395,2.4239202771097013,3.577353853210204,-9.536021510546004,-21.514854871321816,-20.86513715588337,2.5640567764034343,0.5307904120814196,0.16406072129539373,0.0411221789245122,-0.0031477897984010647,0.7983916683031094,3.6616890521758254,1.4,-15.272160058316226,-0.1422972932329909,-3.432585766429499,-1.9319518818591412,-2.5163842528126628,2.1143320959942784,-2.040571082957764,-0.35434704186683275,-1.0084949515262478,1.024976903138279,0.5581078684355312,-5.6305059990786255,1.8412625411608388,3.0558585990216933,42.538575798560096,7.675263017802057,-5.491434345991066,-2.9586299681917176,-2.2670076311669143,-1.9788584468610824,-1.8648810873423367,1.2821674636700957,0.6348236681362932,1.4,6.797582393190264,4.254717643634526,4.300457710003974,0.3768369921653236,0.06444313738940477,-1.999147725398836,-2.1681062562224214,0.6505129699409951,-0.7000729877302567,0.8603735254748632,0.4196499323281717,-0.5038903964291057,-2.2883192272975057,-15.486769754585874,18.432955954096176,-0.7380288097843315,1.8306598993150216,1.1124594798015046,0.9433301788774096,0.8740402034688115,0.8461953582037685,1.2571763664098252,0.6637054158141318,1.4,2.657932618901268,4.492740871274012,2.6644991377275744,1.4218152509053168,0.7226350834890702,-1.7393940361366909,-0.4386893373819225,-0.5543651820390894,3.051342685008384,0.3907474644031613,-1.0096543521731325,1.6234733366425618,-4.158463896069523,-1.0879092821265617,12.889685759670394,-1.441895013486188,-0.3230222518936805,-0.04192648153926304,-0.0006575800257353492,0.017401345185226347,0.024767619667407315,1.733416291228441,0.5571277038793515,1.4,15.872548413791197,13.908443893370569,10.26051252776324,2.2259159199430454,-1.5801639732405919,-3.6815624217132914,-1.5545810632885655,-0.7473379071330919,1.8906344841113945,1.9208290880229857,2.3646362352604733,1.9823958298796451,-0.7612031968812802,-18.874807767969674,21.29695340292044,3.289373126952486,2.264431660783292,1.5345715277000205,1.3663256733621707,1.2924764021589972,1.262044843025221,0.14968750412737175,-0.060489267124464716,1.3,-582.3164662593476,-22.25710377129195,-11.708271424029071,9.139612705678516,11.535116910489855,5.5428352990143415,8.47463690828858,0.55083407425969,0.378806208978272,-3.057998090144164,5.7631138330435725,-4.035528906263751,3.7210133608866176,57.651210894865464,-66.56081020173917,5.177538964049103,4.587237132467905,3.4966448393918266,3.134175472867323,2.9507698905116326,2.8720037217880283,0.0016264355197832872,0.010966770516001558,0.0,1728.258853758826,1.7473230526427983,2.8027382484257264,0.7935786839033483,1.8484376497027029,-1.8921570295391632,1.5684438550829896,-1.181953394467186,2.058604417198524,-2.1330796884851253,2.9747255593172066,0.5381316820512936,-1.024413857106353,18.29808766911038,-8.603465949638327,-0.1390333933745893,0.5104489067085467,0.5397955479970662,0.5284866772724257,0.5183613595116263,0.513096528584434,0.8977242331214744,1.1107128642195108,1.4,-28.66837584690395,44.132478277562114,35.35821469706351,-12.03823936879826,2.0003941872546145,0.440052532871194,-4.689353732278247,1.6643686941538922,-2.4965026744411727,4.968110574789698,3.1261543883085903,9.995540001899787,14.492780763641104,-18.258501867419888,129.13338200591892,-0.06696896698760213,-0.6647738737736919,-0.13296133346456607,0.2813149144791396,0.5116831555602692,0.6132748187840539,4
2022-06-08 16:34:59.975446500,4.416028602927953,0.3104005276230524,-1.7980355457804709,-1.2772742482153008,-0.7449389410153067,-1.5564002104087409,0,0,1,0,0,0.0,-9.67738119013725,42.75044506686408,-8.523987753373008,1.8141000958030748e-05,-0.242816113982766,0.03414564831675099,-0.06998108296249897,-0.06416284499769563,0.25083209981346777,0.15515367194813595,-0.16314266621831275,1.6731162413947431,0.6065963423602247,-0.10489915546922886,-0.4588904679486333,0.212721949286126,-0.5149027260794343,0.0,12.889670719408903,40.49566909648135,0.2076052638121581,0.014528980004362172,-0.27276602566647035,0.015998917222536282,-0.2063115058171134,0.05868218180318952,0.03654430513852161,0.024397313119196386,-0.033060313916430065,3.708352959417991,6.133977012617166,1.624884097342765,1.0786581671443891,1.8240367972992144,1.351095788088678,0.0,15.357485761872013,5.65833676813544,5.969059549186719,0.03369474194875386,0.03322803446231404,0.08710215950673933,0.1386261630989736,0.08968260544789403,0.23583787947749224,0.18027170742492446,0.0900599386840683,0,0,1,0,0,0,0,0,1,1,0,0,0,0,0.8538978510567089,7.438938280510921,0.0,45.96578809820834,9.73414643294664,10.070657967283122,5.0957248301029585,-3.348849981902549,-0.15336470402193614,3.215451539327582,3.2223443081805487,3.5049065418064065,7.11815350964522,4.7628090626120185,1.9529010924411905,-7.104057042532692,-22.121374376394407,-97.71269859091456,-0.38606621775491945,5.775128641502239,4.479357430452929,3.759524090938864,3.4557400717839624,3.336217615869088,1.7007839911990423,0.06574002364920514,1.3,-15.919678312038133,-0.3077782170452501,-14.497166006766081,-5.6021455424110975,1.0991509746512476,1.888120193379825,-9.474713990573902,-9.2367943481242,-7.214396243425622,-7.843291195051672,-4.210011360965194,-1.7846273071225385,-1.3083996419647141,32.04050068698509,-10.649474226525946,-3.6525234625476877,3.27234440384602,1.403282332346334,0.8895241804238017,0.6195595867645414,0.5004615829569321,1.0093003733104953,2.115071580227249,1.4,-16.091607471602043,5.017334996912201,4.7638526161495145,-2.9970344939901663,-0.3014779873447793,-0.20551915023075684,0.442567936001696,1.166314009023616,3.1459088805392006,1.7352878851917648,0.6674221671756273,-1.7020997647048592,-8.181437038754469,-5.358258654971841,40.894949133636885,4.698959808888129,-6.372464770012185,-3.8958634617928745,-3.1055139645917564,-2.7572320353976165,-2.6152665306573235,0.4891319829885515,1.8483823926959095,1.3,0.7634986816193533,-0.9673133917116762,-1.4215850945682744,-0.7453491874246196,0.10593067872765327,0.5653187456377011,0.6838146675390542,-0.7227658904738568,-2.631596105191476,-1.5934175348406003,-0.6996738411644798,-2.1642606601227534,-1.1034860993666689,17.880707394989688,-1.6705509048732003,1.919070727399398,1.1238419982761183,0.44054927849769304,0.3087336867023316,0.2514074818990089,0.2279075386812809,1.6431860733674768,-0.18161568039144804,0.8,-1.985207638042795,0.09376336811986444,0.6622211265269262,0.02567357851684973,0.34636219294394965,-0.2148618491640503,-0.03550031024212452,0.9802929496765612,2.5265682335494333,1.2154854577479537,1.8787851285364272,1.129201272401008,2.2418815391623874,-2.6001498289863987,-5.844734551912923,-0.2492775922781152,0.13264781379340826,0.20334296268201008,0.2303515876442241,0.2449355981343925,0.25146745076346555,0.4721480793402765,1.5547792634635125,1.3,0.21144866451114885,-0.2860542363996021,-1.7253064811302383,-0.7083155086938004,-0.4045207186591997,-0.11216485365940264,-1.1906907310991524,-0.5801455522634809,-0.2742128469637524,0.4129038669496223,0.004556584196710123,0.6499010386430002,-1.5513233491960174,19.66551758798819,2.6495930426140677,5.615903130254482,0.017685829613122372,0.035624815167216266,0.014804962541048685,0.001018810972461259,-0.005643941930374763,0.20604852730304,0.2783560817125697,0.9,-586.7628937546905,3.900693554550074,1.410812092906113,1.275016580165044,3.4011679582396965,-1.2679650850965487,-0.7710237331850109,-6.4063457841909575,-1.9891515660481751,4.263603813915996,-0.41047254996172455,-3.648766281613108,3.309932928117384,-53.11914592927996,-114.17956010617176,2.446853970858994,4.129134869225147,2.662516410964651,2.063193807176372,1.8063322743800576,1.704390462167919,0.007668624742411896,-0.042986783866948784,0.0,1711.7664312707238,4.420973186952494,-3.4663884747993734,3.502312631098248,3.1898728901019098,2.7827104963391345,-0.9862600865803728,-3.2145391371245893,2.0390998394207567,4.344121867311478,-1.686634374767408,0.8640319163844126,0.4983030457401938,-21.329887641774505,-44.673921728370345,1.7854230337967818,1.7387898655562848,1.1711979270453339,0.97923562331615,0.8976656963275964,0.8656507459416662,0.9536186159331382,2.628572748165173,1.4,-74.76394001586078,6.982109248193722,-12.760962931474536,13.265774041622572,9.059574849525042,-4.684098980640325,-5.162076524344389,4.52433833068807,2.4422166380955868,-0.7895100213752944,-0.9338790514647536,0.4488820667311657,-0.7717546940445548,31.868971973923326,112.34080466310688,-2.1041577542269696,-3.267155903601198,-2.2271751053766087,-1.6645519610603436,-1.4078334872920957,-1.304129172763818,4
2022-06-08 16:35:02.725446500,7.082378197836082,-11.482127923053437,3.9994699107766194,-2.0416145863501978,0.994942280716512,-1.8741607157217564,0,0,1,0,0,0.0,-12.670455104280007,43.86766788537496,-0.8768288518862055,2.0671252259532865e-05,-0.2689232000329961,-0.03997090372166977,-0.07825475445619091,-0.02453649247053109,0.4036976627599089,0.17560146704260102,-0.011944183398168669,1.8250041000772577,0.28718524862320016,-0.0903404669227226,-0.4859768009662312,0.3198268593713399,-0.5043515133798699,0.0,12.074917710800133,40.54120822682692,0.1577150816013553,0.014515864633324738,-0.2722165179778857,0.014352649406769037,-0.2010245706360506,0.054993042351650916,0.04423557244062279,0.0329500515987101,-0.02839615274603478,3.723918836751405,6.239327144779126,1.6867937977523948,1.0941336006480509,1.7025584811287124,1.3581038396081468,0.0,15.833721695113184,5.660339273577981,5.953571397716512,0.033700267231967465,0.03337930259808993,0.08768336075898661,0.14255374574715013,0.09102952094500597,0.2390542731662788,0.17527562433179808,0.08634633496639804,0,0,1,0,0,0,0,0,1,1,0,0,0,0,1.779084016001684,0.6491939281468074,0.0,73.86428333418388,26.084746313116565,10.407331254147213,2.8105405259434244,-11.702146753886867,-10.30807383283034,-8.015598997747704,-0.4142374800355873,6.25487034434407,-4.500717857029052,-8.609534002523075,-24.496598656000682,-37.49066053816448,22.865999764776173,44.89695086602548,1.0568213174777434,14.540196998843902,9.163033185017092,7.395177843449638,6.548809858417673,6.189951367037878,1.5776153048684862,-0.4952193345137552,0.4,-94.11958682299209,-61.38999569518614,-16.28491070463251,9.41281041956076,28.287623523522896,13.251075098924039,4.7597310091580995,-7.555920849300529,3.081596729162852,13.483031757450677,9.233855510522881,23.332603736072198,27.937210038168878,-47.98431833746758,6.0020776688444295,3.042047013751815,-3.1886547246003207,-0.13909178963074176,0.6470192382795048,1.0069149180781911,1.1583288601060904,1.9693468794026352,2.6259519406851752,0.1,18.82765320315948,26.98242144547545,3.4295319161110314,-8.461395776280801,-11.204170784210994,-7.511364097520293,2.6734326288675425,0.9470782079240828,-1.2931798666864625,-8.778212418052735,-2.3849809459408937,-0.4758469957545124,-8.384500460117476,12.117528695020251,-29.10409753146202,1.9411135600290381,-6.2205522798290565,-5.094105542009413,-4.712750101148519,-4.530389961854827,-4.4538337345878265,1.7666373830061248,0.6182912001007108,1.2,-12.895459679156128,-10.542309530632908,-4.241516461865796,1.2123053872331095,3.495855168752541,2.00619499419348,0.029869046143250918,-1.4040270177512577,-1.6429941319315549,1.1363548613533374,-0.070742475219078,0.13567514350331095,8.093611177871406,-15.956168541294101,-17.166946028519313,5.9140735170751215,0.1031386567994518,0.15521250169313902,0.10830073536714413,0.08326533603614547,0.07299691553359214,1.682687781230635,3.2134144486378555,1.3,4.022946079079274,5.051938425801064,1.70759664398157,-1.385506754688935,-3.467407203349936,-1.183551288784419,-1.541424415768286,0.9654817931259896,0.9584063779788026,-0.7634272009830148,-1.8632487871053969,-4.415467239341519,0.944226204272649,5.984379458190557,-11.925656209941671,1.786644884247039,0.9308299607811751,0.4187595827706414,0.26075318382652724,0.1827429699426668,0.14925954927990664,1.7016778478668753,0.7534225836100958,1.5,-12.651906686447651,-11.00617738066967,-3.3373243901570846,1.409606158531527,2.469500560600209,0.8993044618236985,-0.6823996002712416,-0.8045645870332117,-0.14153662063709538,-0.836949056287326,-0.4875535256274918,3.4547532694172096,5.645613640936668,-16.707950598626407,-19.922460804351804,8.267981361444344,-1.5561307097393864,-0.8760548326716504,-0.7553926636166158,-0.7077424471176335,-0.6884120403972821,0.0921807516943412,-0.3139070095072558,1.4,-591.1869103823813,21.373726320090608,8.63102449355192,-8.027566664461856,-1.7551407067627238,2.9157356095403486,-1.1710571049489822,-5.801881862324034,3.720904578714343,5.6229474427127,-0.3153765970153337,-10.358531998243595,-20.681357902226452,28.42054900363931,47.13315116288949,5.16085820746407,10.98475082550997,8.248123562386567,7.174371205198263,6.658721791577816,6.440222089315688,0.0027804639784438567,0.017827907496048342,0.0,1718.1141275148361,13.744593102784476,6.573800185185688,-5.8359850213861915,-3.0873863006351314,-2.656750099704709,0.09767580202377246,-4.296078561137777,1.8261069893728603,-0.9898861304868164,-0.5605585076043127,-5.40452611620875,-9.151256713317457,15.608655224658689,0.7738548968308407,4.693582084655027,4.297907952312535,2.920266259135147,2.3778978133759665,2.116321848136792,2.0051433919967625,0.9987370978633044,1.0887903667186576,1.2,-61.52749114277878,-3.2707716629561467,-0.2486045575672322,12.537038172883227,4.107187135846696,-3.723592531246967,4.78425294514458,-0.4112609912139621,2.4678974181431736,-7.471248356727616,-3.1160527939414795,4.610710072602865,17.729702806184804,-6.281626953549487,-94.86201608863756,-1.728326260619598,-10.775319281956024,-8.744828522149351,-7.896284082986723,-7.475443169446166,-7.293982207396147,4
2022-06-08 16:35:05.475446500,6.744985807960168,-7.879370580029881,1.753878454022047,-1.5960183576686158,0.7686691239016913,-1.2947372085745403,0,0,1,0,0,0.0,-13.03911533003428,43.66515634765648,-0.5268614135130885,1.7141593525744673e-05,-0.26394178042971955,-0.043800423670625116,-0.05736675784407622,-0.034635842740603905,0.3166306657599782,0.21951377360189026,-0.028549158776626542,1.946360755217888,0.12310959434648285,-0.0202947734857301,-0.5277708073002377,0.4207223308867257,-0.5051622659032253,0.0,11.300667646990206,40.60836665848504,0.12059826045772876,0.014502122820637562,-0.27183144492914657,0.012627411214506388,-0.19610478422004007,0.051743034360874685,0.05262230985215753,0.038335755809094325,-0.02559838155397828,3.759779414772391,6.294959913120162,1.7366430863253466,1.1034918389625967,1.562893327827598,1.3557647061620737,0.0,16.209576109887927,5.664418475627687,5.917902372922088,0.03370599320913814,0.03332156454202525,0.08779219291906586,0.14356907896032006,0.09149325567108348,0.2421690881404503,0.17454547409302862,0.08317321364708709,0,0,1,0,0,0,0,0,1,1,0,0,0,0,1.1128612159445517,-0.1612362538258322,0.0,136.51235134034192,12.890281707357655,-9.269273774346374,16.399898273190427,-7.180005216979947,4.1999427605348485,-0.3016026792789237,1.6039277399943916,11.75430716599272,-3.8099702088358742,9.377528315537829,-5.014914754171682,39.90506275462329,-30.211758983795672,46.42018372359917,-36.043418988469625,-6.84155090887814,-7.321645801352585,-6.579455966977445,-6.141668003878691,-5.942380783197921,0.8180390749737867,-4.253994373435839,1.3,-188.95185369341095,0.3855429578179801,26.363964128945643,-22.122149778740663,25.632649364198684,-9.003344992816354,15.028152501316265,-9.226458318162992,5.623993467670694,1.170099670976855,1.4683071461499688,10.870672081934721,-31.17270247982254,53.826820607005395,25.10649062771593,20.063801331541306,3.854808585636588,6.927142794441041,7.120533354193191,7.110478384010883,7.087706127581838,1.407179615014584,3.2563849383551595,0.0,55.507594299612464,-12.09418545308326,-10.739043538916317,7.305830171425137,-9.926398965391428,6.4741200132473695,-9.450070214363066,1.8635760269994888,-6.061563852619258,3.0048608032912747,-6.283831922261236,0.5940810665956548,3.087969247475886,-19.410133914617152,-32.580370810997,8.727905671825777,1.1882344094178494,-0.4491167678985084,-0.905997388054371,-1.1016323320990464,-1.179571293695771,1.023841461835835,7.884771417792027,1.5,-31.29915540334343,-1.4061933844136665,4.8021416231503515,-2.7777378272355238,3.93899463365474,-1.9499020960241489,1.6536381408201022,0.3536650278397421,1.0067388673234932,-0.4701186873204577,-0.1755010691933041,-0.8220549409480524,-1.1890081261678072,9.280175308626449,-0.7363145767347439,12.381114812423538,3.024356074167976,3.120843657069636,2.86722801646447,2.7252086117750562,2.661911377118888,1.4294711178848305,-1.878875027035884,0.0,13.791387476188545,0.5996996378789666,-3.5333962003340544,1.8409869961942398,-3.3297003068899107,0.4807072988612976,-0.8892670261619675,-0.314597290086958,-0.8748615032393106,-1.2721791261197224,-0.17587112756159118,-4.036383048889812,4.438020427020917,-8.635972904750826,1.612421152561205,2.2507567960728254,0.7022944245935345,0.33502328141645443,0.18020431082864866,0.10654194773516867,0.07559429003650832,1.2473367367144104,3.7441673656875984,1.5,-26.75123179126162,0.3925557812890084,4.137760610764247,-1.9680631766616417,3.372487822124337,-0.6183160308848044,2.730437751758032,-0.6349975232918281,0.05405847087522564,1.6749629217597353,0.11257760906776326,1.5958191324572502,-3.9315402702537687,8.758045027472258,-2.613144215367335,14.957291131132836,2.9405782784469845,2.9300840567792896,2.694696066749177,2.5619872812773266,2.5027657394363376,0.11283868019155285,-0.08883399746203922,1.4,-586.8618042133817,2.0413486461561234,-6.043460767183795,2.2932711288125844,-0.470620241576249,2.5852862136478905,3.7025807574261655,-1.6528320115544377,11.728644706490236,-5.711921102614777,8.489462854568618,-3.833175241777687,0.5885278125304474,-15.981054432326665,77.69986055863808,-21.836717474835023,-3.001221250328687,-2.442179459638801,-1.8411261426240169,-1.5447794498216538,-1.4190571309054696,0.00366078557173379,0.000809678825002988,0.0,1739.8387634453186,3.023936781619682,-5.051966631282936,-2.4031117928355457,-2.3281509429450296,1.5037030240626592,-1.922957050659562,-2.543324835684317,3.6121327334720514,-2.0857178198969137,2.4495629789861364,-4.255609676399216,3.2939863584657125,-16.23660134143057,26.5827844521318,-3.8741704642929378,-0.637820261565949,-0.8406123675607375,-0.8224801282544759,-0.8111926738130109,-0.8058609286182321,1.2364478900045013,0.7024212995450532,1.5,-32.62244219306479,-0.8823664160136238,4.164960601605591,-14.57959034287716,-7.9579830527237885,1.583482580419424,-7.271833759397258,-7.326749861790804,-7.672467053682582,-1.239753695595624,-10.135805947721495,-7.056934574775884,-9.696127318768118,-14.144046756757795,-80.6173912698018,34.037627282908026,6.813390891587472,4.429422196739133,2.9866800499492108,2.279848914370397,1.9801521234451542,4
2022-06-08 16:35:08.225446500,7.004825349637832,-4.59724538052264,-0.6100548483882641,-1.238343578601775,0.5990858166572783,-0.8215840355724099,0,0,1,0,0,0.0,-13.053171060111284,43.61880419362259,-0.5217972614566625,1.3611934791956482e-05,-0.26060622311867443,-0.043632644166826336,-0.04792814196113795,-0.04121952216366796,0.2528903681526401,0.2869332062705951,-0.047438566123336696,2.081866139883942,-0.00021885946787505067,-0.017178861275378134,-0.5597327707377544,0.437343116409436,-0.5283226570657122,0.0,10.678451924461859,40.607200987532885,0.06088631094324073,0.014492606478001166,-0.2711277736365625,0.011768852236204013,-0.1925682045272223,0.049915864748299,0.06026503840328633,0.04409998063620346,-0.026618406380155647,3.787183865813608,6.219004854684515,1.7350996551138251,1.1050134866811094,1.5409411777992383,1.3468882474780826,0.0,16.603096069914734,5.662087882082528,5.870210148046169,0.03370997079118861,0.03319852091945963,0.08785228111913626,0.14488410477653785,0.09246454989819304,0.24274072582987186,0.17489104854336635,0.08128821623031886,0,0,1,0,0,0,0,0,1,1,0,0,0,0,0.49107463337704704,-0.2940006840434965,0.0,200.3532557584515,-26.761185060742502,8.871061127086698,3.0983038536769527,-10.923796895538402,-1.6018551192117163,2.2125677494698657,-9.391265527981826,-5.143261042001608,7.289495276818264,-3.814508931667355,-11.874531824670296,17.345489467637652,38.064846460818565,3.862908170244532,-31.18900888322704,-8.463069575045225,-5.6920336210607525,-4.8496057430575785,-4.452529316482816,-4.288603894361945,0.607562692018547,0.33428319484103763,0.1,-252.59344157653248,93.43950530911286,-11.145678389642676,-19.19807412768948,18.360011505906023,9.900761697538199,-11.024113196778801,4.108958841373655,15.714532998994859,1.1060197789148931,1.8555580940057808,16.826998439015437,0.3558738505426433,-28.844685066493067,-19.826544698706147,0.15587096715452553,-8.536694594187729,-5.943129950167004,-4.8537136071213025,-4.338128091447622,-4.119901249818716,1.1967563324758317,1.1641174440292237,0.0,67.62128580574338,-48.000153345505794,0.9735053754024268,9.53362251919002,-6.8979792642409485,-6.379081143267483,4.6153759298694625,1.3557459400635716,-6.672926433774543,-2.530091673147413,3.137786852056815,-1.1048392059936405,-4.147251793108726,2.8198327589857484,11.597257291863789,16.051385932206887,9.828296486920546,6.737597988236072,5.694769397417384,5.2065504940450875,5.0021968525610925,0.6140758253974995,-0.979520549305978,0.1,-46.321558717351046,15.005901392117766,-1.5687373545923116,-2.6522750646418243,3.249241043517646,1.9539032094080184,-0.8315000820859368,1.6516536559792354,2.741922023824385,0.027785310036080316,-0.2307238099354423,0.182307394300846,-3.5943731133258936,-4.128388623837932,3.92621561694062,7.081847245363559,0.7498262763310437,0.8149309880357334,0.8129088415507728,0.8038123751449606,0.7990285715862676,0.977688605826336,0.5688544577441702,0.0,22.822374883243995,-7.410435067996229,1.9271407373663592,1.6343681199278441,-1.9973454116317944,-0.4969520766518496,1.0464459328473703,-1.4759201503272494,-1.9962774190247143,0.7613247311365879,-0.07242117366398326,-3.224566347709692,-0.32662950415916603,6.278427033292759,6.602051898904243,1.0827824705651303,0.16095366843297276,0.27575674891215474,0.2686201810026789,0.26033236658774983,0.255920625025455,0.8064864885646278,-1.1294104360540889,0.1,-38.503268308868435,14.613202516704655,-0.8889503691584428,-2.3770693004923755,2.4806718712448923,1.1434267526924042,-1.3306978817023447,0.4273212579343513,0.9353434821119316,-0.3033276536651952,1.4382820164457768,1.2877928174742344,-4.7617671057429085,-5.602076731237753,4.3714790703898325,8.476197305608205,0.9228844596210226,0.7046624548332703,0.6480300548451302,0.6204700281099493,0.6091029896958557,0.09289817426930892,0.11913865441971425,1.2,-561.7472786783119,-7.3470763715045635,4.356325321492072,3.4146689524137632,-0.01690249056373716,1.2648573954980051,0.04071391824673043,0.4374049861848341,9.075297998419412,10.793557569122164,0.28472621127381004,5.212808570364366,29.42022936685532,27.54448841021812,-13.795928778302109,-37.16836916210948,-15.156848473423915,-10.862165536489963,-9.069351623420863,-8.177575788772586,-7.796533253504744,0.0028194911498802344,-0.002131226711284644,0.0,1763.1284583353586,-15.053306155084215,0.2457103815876849,2.6005880363098868,-1.1041507036777034,-0.2329442093366225,0.7372645898729502,-0.3915715951514471,2.0020886026480227,4.078569705562232,-0.0959642620308756,-0.18242707050384865,10.860497650919205,15.758712354058057,2.231277507306885,-10.5170288027699,-4.854191632100871,-3.423593216428955,-2.853804990906056,-2.573765140257933,-2.4548548567504,2.15937477659812,-7.015207440954563,1.5,-27.865876860520984,-16.781052484542087,-11.228361901560366,-5.075311381934891,-4.395420308384077,-5.449911585591743,-2.4603955871888794,-1.8387916288710413,-6.326809973411986,-4.082536757163645,2.5841768259068063,-7.915489663178552,-27.880804812365447,-16.938557538537797,25.41777155213377,42.33701623810494,15.985828601804835,11.182604707253015,9.207247580990392,8.234933534311219,7.821601462116081,4
2022-06-08 16:35:10.975446500,7.4242799830785025,-1.4209580855874824,-2.9878815947165442,-0.9227448790082484,0.4345945578773605,-0.3945217661958921,0,0,1,0,0,0.0,-12.93503105739216,43.62142083962003,-0.6566120918463422,1.0082276058168293e-05,-0.2577725219838954,-0.04189901798769915,-0.04238128451744517,-0.04653178353554414,0.19787227142237188,0.359465842974344,-0.06839338847019598,2.262978093890963,0.07315815048862016,-0.1204886687855148,-0.5768287221693417,0.44628794620387696,-0.5466859255259414,0.0,10.028522374196227,40.62038988746069,-0.03030877542346857,0.014478693407220081,-0.27031949214755585,0.011137852221786471,-0.18895317943035664,0.047786265679378166,0.06680096610061341,0.053731365033710385,-0.02904740646346347,3.8245333494251668,6.0084654614911015,1.6868455012446593,1.105599036088441,1.5296043162834572,1.3336476086385385,0.0,16.938678272327383,5.6598081424598075,5.803271102880263,0.03371579229669346,0.03301909428207068,0.0877058411434934,0.1461919962968371,0.09344354680471643,0.2426081378716293,0.1777439852801651,0.07921705948797822,0,0,1,0,0,0,0,0,1,1,0,0,0,0,0.35703518834460235,52.305970027749204,0.0,258.6051249552856,-14.222612481771494,-14.23050992614547,-14.244178408903306,-14.264447708055089,-14.292638930974247,-14.330773817748671,-14.38193993177542,-14.450946229531553,-14.545562556673662,-14.679042235239866,-14.87580035837736,-15.186126207867547,-15.73263801711177,-16.888191841893356,-18.783608298881127,-10.170613959190637,-7.502639855853449,-7.02110470923509,-6.861800183992737,-6.806790403259765,0.17524507347194676,-1.7604858298251778,1.5,-276.9971567838806,10.330971918853537,10.335609247516643,10.343629693421768,10.355510258758619,10.372007868025786,10.394275374900714,10.424061892343193,10.464067396375,10.518600462498446,10.594881602752432,10.705865579979768,10.87713010467779,11.16644949968381,11.717021268977652,11.903984864638744,5.429833225365912,4.1541568416324415,3.8785465674658495,3.742770197373603,3.682845351005328,0.09482271207263666,0.38603536186329707,0.0,50.19076970856929,0.6915807492508401,0.6928047235434915,0.6949310220710485,0.6981025991153764,0.7025503220670388,0.7086344982404005,0.7169196977611705,0.7283145721202491,0.7443494751872632,0.7677760100026325,0.8040176761016427,0.8652804889543491,0.9852174304111015,1.2925858858627706,2.4232027255150568,2.329292732152345,1.6478055340977538,1.5388489975698998,1.5273484601062646,1.5304289728650713,0.22132482358322067,-2.283144009717662,1.4,-57.57198127645242,2.5215328164329267,2.523026150706883,2.5256084422877105,2.5294324188710298,2.5347402557657803,2.5419004322191974,2.5514712743978043,2.5643132076736395,2.5817964620111185,2.606211366956603,2.6416524295172072,2.6961502611084907,2.787451547544715,2.9537026837980385,2.860508954292805,0.5405024581187734,0.3642719821756475,0.4184913516505197,0.4535980577584768,0.4697118557461564,0.4589902012836428,5.859523248546253,0.0,28.323681396695093,-1.713517962693218,-1.7140015273227558,-1.7148382982004786,-1.7160788188630152,-1.7178035546893042,-1.7201356575949889,-1.7232633032913278,-1.7274799974180644,-1.7332614744757138,-1.7414247445087598,-1.753497095223003,-1.772732965047782,-1.807808512870532,-1.8934353809752733,-2.218217484207494,-2.0152638255893773,-1.6011686783086818,-1.4376503569249846,-1.3596512312005222,-1.3267454673100691,0.31274940777338683,-5.069407364290949,1.4,-44.139208830369206,2.402158345089976,2.4034568372952463,2.405704742329412,2.4090394636824883,2.4136799518894767,2.419961658413062,2.428397605915965,2.4397881618843287,2.4554287546346245,2.477532286602381,2.5101751320448606,2.561703582272476,2.6518233709934,2.8293888242515717,2.788202202803878,0.2351010029329581,-0.03168556924312471,0.015332877075409982,0.053275418314123364,0.07180301120629196,0.027918067743391853,0.15880053955533602,1.8,-545.9921385517201,-7.280524790086923,-7.283563254098545,-7.288822938692725,-7.296624645487476,-7.307479420441631,-7.322169946707497,-7.341892747808285,-7.368513933550662,-7.405054034770659,-7.456678861153119,-7.532945553466746,-7.653685816082884,-7.867667369784735,-8.31519077129663,-8.537581929806345,-2.4530763588937248,-1.293640395803877,-1.2228634677397885,-1.2484441976453216,-1.2713013748271125,0.001059529847714214,-0.03811810246970178,0.0,1784.9472504228945,-3.816332287516275,-3.817687063947204,-3.820030670726737,-3.8235033469600235,-3.8283279333950446,-3.834844543187998,-3.8435708214212103,-3.8553096623538186,-3.8713520866299618,-3.8938893713039207,-3.9269444974327135,-3.978830836359677,-4.0703020226163185,-4.2685458379422485,-4.584332209975607,-2.5992198006122464,-1.8993142637140463,-1.7339520764430283,-1.673086426231862,-1.6512370957819489,2.594000395753614,0.9491897283354741,1.5,-12.060523662231915,5.003203380207328,5.007374213918952,5.01458826135085,5.025275407962546,5.040118266411252,5.060157615269602,5.086975180167522,5.1230191064265584,5.172213333462926,5.2411834307444565,5.341977999999721,5.498990410402008,5.769928893388567,6.309652686638273,6.5505703885649025,0.15967126365306086,-0.7498249081717454,-0.6563031746240262,-0.5441196335539652,-0.4835544364985322,4
2022-06-08 16:35:13.725446500,7.795310091751772,1.7925169991244878,-5.364238428757623,-0.6209004935845812,0.2642238229955373,0.01803458456021452,0,0,1,0,0,0.0,-12.440268721529375,43.75806276800082,-1.1725584450003201,6.552617324380099e-06,-0.2555131724805041,-0.03642842507296277,-0.04084470323053497,-0.053024946828846384,0.1437275493237565,0.4287546336473772,-0.09096845427580363,2.41785160450229,0.10790334285816268,-0.2299720157452093,-0.573065209047627,0.4528855226878526,-0.5359251613418256,0.0,9.38755385488842,40.627012043170645,-0.12483013122832702,0.014456993666163369,-0.2693792834327426,0.010511833896879734,-0.18457262124978815,0.04495347407217814,0.0691710489278298,0.06358213631744218,-0.0299338289726932,3.8793652841901833,5.955072201935316,1.7700941902473084,1.1045689865876211,1.5282644612352063,1.3320220035935195,0.0,17.237563138302793,5.648749774082515,5.745712110170713,0.03372462904214811,0.03275142192282793,0.08754627786166645,0.14734782638835595,0.09428746914990016,0.2429511761410473,0.18341200271788166,0.07907052117793542,0,0,1,0,0,0,0,0,1,1,0,0,0,0,0.005952755920428514,-0.11778502962203227,0.0,289.8345308849357,-1.1777816839102897,-1.1791485888812758,-1.1815292610000476,-1.1850944215048569,-1.190122166264981,-1.1970515747999002,-1.2065808386442978,-1.219854025842494,-1.2388394724101266,-1.2671640884910769,-1.3121704499416218,-1.390812926868687,-1.5504935359850354,-1.9665081213782332,-3.2867029789137314,-2.149861801921631,-1.2054606130972907,-1.0529022032939537,-1.0172766812661287,-1.0079341512971896,0.17358425908821212,0.4223541466091036,1.5,-163.8240892562281,-5.629150233882535,-5.627653040004015,-5.625050787874629,-5.62116625609516,-5.615712834955586,-5.6082424385111915,-5.598051594667604,-5.584006047041964,-5.564193495479492,-5.535179383597689,-5.49023678107748,-5.414510792695017,-5.2691027031339255,-4.925966767225189,-4.094272347532335,-5.417187539956101,-5.935351056807269,-5.960223989356322,-5.949055776434751,-5.941270567865053,1.0000316071127076,2.042455088038674,1.6,-43.26703189237804,4.443909418433469,4.4435214861453085,4.442850488652447,4.441856480218158,4.440476199099776,4.4386136284842355,4.436123969162013,4.432786043975521,4.42825344509654,4.421965473294853,4.412983775326818,4.399729593557319,4.3800608628173725,4.359587940544906,4.51452952244341,4.899121371495447,4.723819603243942,4.6456367350521575,4.612944978502804,4.60023067385009,0.019116502510178282,0.16317940815652318,1.5,-48.07352110167929,-0.4884657395177063,-0.4880247210013562,-0.4872579934266446,-0.4861129872165679,-0.4845045981139746,-0.4822995847676749,-0.4792883670316837,-0.4751321757426521,-0.4692579551250429,-0.4606317845718311,-0.4472154241881263,-0.42446284582000615,-0.3802665095922083,-0.2733649176621629,0.007892846654014463,-0.3736542201335729,-0.5589905207705447,-0.5755106266182597,-0.5753555638253552,-0.5741512802783599,0.02871361364595812,0.193618646439958,0.0,23.470678372763054,0.30182926938094834,0.301904811014575,0.3020349864197933,0.3022266869282704,0.30249060970206143,0.3028425199652767,0.30330521125997145,0.3039114323911052,0.3047079002649461,0.3057591858761833,0.30714269406933703,0.308882096439659,0.3104590184301825,0.3064796428966041,0.23545260500317897,0.15356566678585892,0.2209401346498069,0.2460074473956144,0.2561294341370144,0.2600162097196526,0.07938130633046746,0.3074450784701204,1.5,-30.192061768569644,-0.6831997830778125,-0.6827630668417042,-0.6820036093243251,-0.6808689710300366,-0.6792741755748462,-0.6770860044150901,-0.6740945498528499,-0.6699597645669201,-0.6641048198924292,-0.6554852322256833,-0.6420320010793306,-0.6190986147430724,-0.5741723674412534,-0.463665297566255,-0.1572357783342273,-0.5275037084534999,-0.7358460001873215,-0.7595476713216678,-0.7620358113549546,-0.7617927597284584,0.0007739675164159838,0.03365520082208652,1.4,-532.5308068512463,-0.5219034041948518,-0.5195959048735617,-0.51560354068436,-0.509686572920117,-0.5014646343744431,-0.4903587847692066,-0.4754921789509972,-0.4555164037385193,-0.4282960512114702,-0.39030619149775697,-0.3354137859572024,-0.25230220145877696,-0.119573665577704,0.08486191481526717,-0.21671236517661185,-2.262457688095964,-1.8202941934451784,-1.5336297589113563,-1.400449071083658,-1.3460302089590943,9.822587060616643e-06,-0.0028436072566421205,0.0,1789.1081245716705,-0.08122395575026076,-0.08033555946957449,-0.07879855847093609,-0.07652077872899099,-0.07335598536457155,-0.06908161358663277,-0.06336059551684059,-0.05567463845596876,-0.04520314096515676,-0.030592478553906236,-0.009492778053775908,0.02239835302639648,0.07295291491362832,0.14717629905977248,-0.02128065740944152,-0.8635389855866151,-0.6356340277391865,-0.5030329488919278,-0.442958161465512,-0.4187339113680419,0.20306997828087764,-2.1799227229272167,1.6,-24.03585593141086,0.5757718389359567,0.5735531240401515,0.5697153798832124,0.5640299496247687,0.5561345492997201,0.5454788644450121,0.5312317358452917,0.5121199762581888,0.4861383664026028,0.4500033083498437,0.3980718329003705,0.3201490986357132,0.19783045555994785,0.01829348127082353,0.3650949274533721,2.279042764604542,1.8241205030923628,1.5481381298258472,1.421050732099955,1.3691864130640825,4
2022-06-08 16:35:16.475446500,7.937009887960337,5.223718900434083,-7.7719530540947535,-0.3290063166744136,0.07773684443477147,0.4106357532393716,0,0,1,0,0,0.0,-19.04420150850516,42.0478861330006,3.9643631935917814,3.0229585905919096e-06,-0.24323182110758826,-0.09089256817719676,0.03558166030103038,-0.04746489410871981,0.10212250728689087,0.4961942733328996,-0.11384833035336335,2.605027395975502,0.2317059393157023,-0.38787269500479216,-0.5827349533375882,0.4569652665522233,-0.5291105581442912,0.0,8.633944205608174,40.667274838267566,-0.2304275960439409,0.014434065389796696,-0.2684537423685494,0.009660476136579192,-0.1797455594480132,0.04181779877374185,0.07334315739378214,0.0754190723136882,-0.03268869487970802,3.8863178702769625,5.9218050562889895,1.9644317306373844,1.1007415345563394,1.5262404258310172,1.3313047434073133,0.0,17.482375636777608,5.636592936723964,5.720559701961262,0.03373334010245397,0.032655907544942284,0.08758589214654061,0.14863324964911032,0.09502423094329154,0.24170709950892516,0.18948110014733666,0.07915821970215174,0,0,1,0,0,0,0,0,1,1,0,0,0,0,0.0025248707651633552,-0.06190129450477394,0.0,308.10578075426787,-1.0929132504228036,-1.0932608450452823,-1.0938571153819012,-1.0947288446103158,-1.0959162909122888,-1.0974758852848367,-1.0994830360929662,-1.1020326343253988,-1.1052287494730484,-1.1091331897740793,-1.1135559452133332,-1.1171633236920082,-1.1129025353520676,-1.0545248952931834,-0.5161561086094615,-0.07530393193342723,-0.5617729265728455,-0.7341674433665055,-0.8034658840298756,-0.8300232925360225,1.7188701837912193,0.8215104374815348,1.4,-34.69922073626426,-5.636668227156996,-5.6358650434368185,-5.634478752417629,-5.632432010141335,-5.629603570431311,-5.625812068926049,-5.620789419244644,-5.6141371830040985,-5.605254657598118,-5.593222167160058,-5.576633158809301,-5.5535261827074285,-5.5230736916830505,-5.50885986176862,-5.917801330233898,-6.6958468695075775,-6.288634808623336,-6.112757242775741,-6.037511526512003,-6.007779526280012,0.153471663275837,-1.7825221425129094,1.6,-140.52336019850526,4.398224975208564,4.397796783447525,4.397055062272569,4.395953721179412,4.394419231221491,4.392338799307522,4.3895397523084805,4.385752657586952,4.3805421917637455,4.373169004048584,4.362290277409853,4.345243236932678,4.316163773328324,4.262166119807901,4.236681506055917,4.610294240528884,4.593752911579501,4.5585253526917,4.540341661426226,4.5326423610678654,0.04167527660916656,0.2329263858195076,1.6,-35.63424565382421,-0.5574641094037909,-0.5575125242404173,-0.5575953949869654,-0.5577161101423824,-0.5578796205470895,-0.5580925248462902,-0.5583628281184241,-0.5586985543916616,-0.55910267624987,-0.5595559415506826,-0.5599564077449968,-0.5598798460075407,-0.5574100737253187,-0.5411444220712471,-0.4200481960652349,-0.362523985860302,-0.4692659252660545,-0.5018279085041804,-0.5138330980441781,-0.5182461880683761,0.06358604846539248,0.29358240647348466,0.0,16.604584259059592,0.3038710153491928,0.30385079746114263,0.3038161205049459,0.30376544033113395,0.3036964510844766,0.30360596050015043,0.30348980765290257,0.3033430467729331,0.3031611474076096,0.30294483428888064,0.3027186479330687,0.3026083803942557,0.30323297608494304,0.3084649674895347,0.3506298715362693,0.3740469191314198,0.33645414799861256,0.3246988111725447,0.3203176549945242,0.31869884108706553,0.3949599936223547,0.5351533448206727,1.6,-13.239535084048535,-0.7630881364387476,-0.7632393534907953,-0.763500484690975,-0.7638863229452583,-0.7644200973151973,-0.765136628806437,-0.7660875088669277,-0.7673495654666659,-0.7690386464672064,-0.7713311116920805,-0.7744900139683923,-0.7788421311917121,-0.7842163388508343,-0.7835035261451659,-0.6757541295748926,-0.5193889227633751,-0.6274770718925626,-0.6689990816441411,-0.6856707100313102,-0.6920437231244436,0.05546599864344422,-0.07714692175227303,1.3,-532.4899243481776,-7.605489231926518,-8.709870478022184,-10.076343082676466,-11.115364271659017,-11.217311424086773,-9.909680818016016,-6.989760764911858,-2.602279953066152,2.7570335428272177,8.315309768275316,13.160276819674051,16.413444387673742,17.396455047375635,15.65732467640509,8.40066377070518,-4.265052145497155,-3.918101452683008,-3.4790870202247426,-3.246485009869609,-3.1436101412958712,0.0012864415272629331,0.007619628724044277,0.0,1782.2291300631027,-7.086827920922644,-6.215710015487731,-4.8585610063715885,-3.146108598423922,-1.2402459532609953,0.6836985384381933,2.455499451846009,3.9271089281705405,4.986306018614698,5.565503734568821,5.644923025235003,5.2496916083254925,4.4383237482755575,3.2414219323677003,0.6731390275251031,-3.1035626895586645,-2.4964141072747097,-2.1080839872405903,-1.9060546758679922,-1.8174813596024852,2.2056911380876225,1.067075127058691,0.6,-32.67547995374068,0.4129402934625261,2.9496695405536157,6.426732064242972,9.895864401413832,12.3461051614131,12.937094356234784,11.199954907786749,7.1618003771613825,1.365801736288578,-5.219247841112873,-11.382272711476256,-15.907730344141338,-17.812062293860215,-16.434772820422687,-8.95063130657033,4.2116446760713515,4.231160306154541,3.9780715637919046,3.836017055175304,3.771009695212386,4
2022-06-08 16:35:19.225446500,-5.8891674306378965,2.026102849271977,1.7985338864821614,-0.04787679498689607,-0.13013875812124318,0.7430556192116224,0,0,1,0,0,0.0,-22.372968384146233,38.992864026137646,6.2289679470911254,5.353721703616277e-07,-0.21832058637056373,-0.12438387484718262,0.1978966228327988,-0.10504350428493504,-0.1199322659981564,-0.2429962189364037,-0.02644258145373516,2.7341147190507074,0.3726576695267169,-0.5408329987741868,-0.5857405701969524,0.45602259333909495,-0.5071434589990458,0.0,7.8041148899664705,40.68264318547232,-0.2392315417665921,0.013980024189110886,-0.2673627140554008,0.007804257164893216,-0.17330423147903054,0.038545441813915365,0.07511840021126126,0.08530151350491487,-0.035160473977776885,3.924765917690536,5.957243843134919,2.251258300597014,1.0962481915241646,1.5248392607138788,1.3363689298565162,0.0,17.803269221559116,5.624550416650841,5.7682585220379,0.03306866750280167,0.032876761301070416,0.08811725649427274,0.15141297879858884,0.09609793733675544,0.24068539619910026,0.1976166926864185,0.07978447668827228,0,0,1,0,0,0,0,0,1,1,0,0,0,0,0.1819571171112515,0.3505132803305169,0.0,307.0469615674137,-19.964763277543668,-18.865388783886345,-17.10249975281284,-14.77440758056094,-12.007680341195796,-8.947221936885178,-5.7450181260505415,-2.5484357974493594,0.5111222363120369,3.3287390019559178,5.836158908412756,8.015269222335501,9.933782276898034,11.931832326785381,15.4879844719552,12.034321248633704,8.040386989319106,6.529344829610097,5.812399860342394,5.510770261474729,0.8954603864942187,2.2875996844165387,0.0,79.50013223903328,-20.065108775591646,-18.595058433316236,-16.2871276296394,-13.34097827543233,-10.010313122282918,-6.5799939601439705,-3.3405363059610496,-0.5624541189547281,1.526937291763219,2.761578002225172,3.0465135443041107,2.35427671004191,0.6902201186132426,-2.082696474402074,-7.124187662840838,-6.80806880534271,-4.541870299345637,-3.818854668370824,-3.4938685143612314,-3.3595043686732233,0.2612216599072233,0.06843392098975704,0.1,-218.19149576201812,23.440419893280353,21.976278738169846,19.656988169501034,16.652889521599413,13.181355038008105,9.488024095365684,5.8257806985864855,2.4333993401417944,-0.4841791417700749,-2.7721121333036183,-4.336889830057844,-5.151239343447596,-5.251195045289103,-4.7169673383642134,-3.4753596246313654,-2.0388921638129367,-1.7142496852276643,-1.525546616834566,-1.4207424774565058,-1.3737834886729543,0.09925676472319192,0.3331319447183318,1.5,-23.167002170729198,-0.5982872395122696,-0.598190927941793,-0.5980229056196005,-0.5977706566809533,-0.5974137563792377,-0.5969198965126232,-0.5962376275951762,-0.5952825911132411,-0.5939097239259941,-0.5918520606740089,-0.5885688565576632,-0.5827977835644521,-0.5708401827991214,-0.5368213250324081,-0.3853834211225637,-0.3904007950197849,-0.5224955099713666,-0.5608709422986174,-0.5748352676668019,-0.5798555552572486,0.16972892927822725,0.44264468543454827,0.0,9.700516537342569,0.2680141205338865,0.2681275691863406,0.2683261218008297,0.2686256980093962,0.26905256402009703,0.26964889322317176,0.2704831479258505,0.2716703046542062,0.27341395512708777,0.2761021465306103,0.2805532453098475,0.2887594526860336,0.306737967983991,0.3599796303312634,0.5860507652206915,0.5391078115827179,0.3555780658670972,0.30918243352724306,0.2934039402109563,0.2878807427461845,2.0698431039328677,1.3072976478468137,0.0,3.7186488476152793,-0.8371224512530501,-0.8372588470318953,-0.8374929216505881,-0.8378353929480298,-0.8383025062120351,-0.8389173621150244,-0.8397116214548752,-0.8407271106839758,-0.8420152188068325,-0.8436256129820462,-0.8455484549029135,-0.8474343345847086,-0.8469767384596081,-0.8264703947559005,-0.5963525288439913,-0.3586527134487665,-0.580708472107006,-0.6653236663393264,-0.6999508953888768,-0.7132567901033301,0.13014842518373096,-0.15532755601833007,1.5,-571.9472358165829,-24.530641775768476,15.855169366116051,5.378482963676568,-15.058262679827395,3.3774969744649534,3.440981441477554,-13.447624985037756,2.8910705419354312,2.080440234976937,-12.158644337857945,1.721059889955148,-20.03263574299518,-37.481789535078704,25.77523504010201,42.28862531547525,11.086526475604966,9.087976572408627,7.759121071497437,7.068723132551602,6.768233896730081,0.0037753726821891775,0.02382888056056064,0.0,1758.4547180817663,-10.084383471138977,9.250542702828712,-1.9827192014319053,-3.7757603004952784,2.9032554179624266,-2.9841133739164434,-2.6825897465758004,1.9142530006577587,-2.9344024455120348,-0.4855933415569851,1.3414025069512758,-12.6216264076146,-8.801901286674694,16.833514077390404,15.88719718365865,3.8751522182174374,3.123883857370103,2.604142571859469,2.3351530332812693,2.2185112354603174,2.0897329644859286,2.3273540333594807,1.3,-22.67589250285291,10.78365560124053,-9.589398803498424,-5.719190271434847,17.84613420263159,-0.8235081600002494,-9.635642824275036,15.575804752206215,4.87785527038912,-1.0715720805220248,13.381336400211651,-0.553595250096786,22.507663204348184,48.353045847116356,-17.88010444118061,-43.18604361997758,-13.185883907160592,-10.481817304319767,-8.752696999212592,-7.857005062057419,-7.468519629875479,4
2022-06-08 16:35:21.975446500,4.690428160000463,-3.714766983858035,-0.6551574223429151,-1.4626267685153236,-0.9158547898551308,-2.1460644812451983,0,0,1,0,0,0.0,-16.521302100132306,40.49552956669272,-4.096100133929493,7.728600019649078e-05,-0.2320063047173269,-0.012606539506110098,-0.012815226590683015,-0.04639536620804744,0.33166987300275913,0.1379091091430556,-0.15093991029726075,2.698601628229369,0.5106510905860802,-0.4851303671200815,-0.6105834508783211,0.4491769975718639,-0.5175805920805735,0.0,6.946631049582198,40.72384058017225,-0.2170964526454694,0.013979187498576209,-0.2664468507865697,0.0054256183320026685,-0.16592909916310725,0.03511220035124253,0.07841306667438837,0.08307748055310935,-0.03805655697926666,4.0142029025989245,5.860092041971178,2.2186608197145588,1.0748103638423727,1.5281617781650476,1.3377916793362925,0.0,18.059035432500032,5.619150207508521,5.788491871089938,0.03306902064932628,0.033296279778980795,0.08816885644592473,0.15530385728643653,0.09825930917315882,0.2397481828681003,0.19954037675450534,0.07782147343664321,0,0,1,0,0,0,0,0,1,1,0,0,0,0,0.5812886529270858,0.14933546720246996,0.0,251.55584458115382,-36.88981130712779,26.044232941410275,7.634831871556593,-3.4634838900386846,16.679945354728915,7.404009227186227,-1.247270245410066,15.426431503609919,8.668268587869404,-2.7253096778700505,16.54771261117157,5.056822520862763,-46.67557241362571,-45.35973866426297,9.265353465493078,13.116429215049578,10.844530183876694,10.221644752078426,9.939684561804476,9.824168865118995,1.0149912343674197,0.4653058545129962,0.0,96.9497189698038,-64.40368386388225,13.872512228595285,-1.0418797470623673,-14.213768301835888,5.276733246840949,-0.6754039570679513,-8.921780432241906,0.3777743014108825,-3.373920522655877,-8.521791679157136,-5.721784014972606,-7.655587146391173,6.530170565140183,22.805520091763807,2.4202845138038427,1.4697585685793753,2.2085970721950723,1.9366158719855904,1.7521516940006991,1.664466322708794,0.5289031738778323,0.1681883103267176,0.1,-193.48404867104125,66.70447759487911,-24.78702808691345,-5.229326165077803,13.208555755612993,-11.006308617093845,-4.710943821876358,6.5656327657563365,-8.318064887070744,-4.611321774129947,6.152832524463288,-6.060907268416706,-6.421152123557421,8.048096880422229,4.648345225286368,-2.563784366530413,-2.8594139084319323,-2.9305407703906328,-2.8288269426194264,-2.7689298728077616,-2.7423489463098494,1.2220525584716275,-0.11197347379852,1.5,-13.012707620526266,-2.726566161189256,-2.141355676589587,-1.4345215337336654,-0.895080765118251,-0.7452720183380708,-1.0461943397213278,-1.6642886666028835,-2.3135499447122743,-2.659843199932629,-2.4497883013701185,-1.6163541416427716,-0.3205240876889876,1.0902396014149076,2.207542831709687,2.7186789205626534,1.5685919952335614,0.8644164627948616,0.5673185547905697,0.4227168992113813,0.3614454649092285,2.088961651721329,1.3482872742848793,1.5,2.2031838816796228,-0.2703011590146049,-0.04158265236069808,0.21146762576783085,0.353658787535463,0.28683902451053506,-0.003693427782527792,-0.4339944488355634,-0.8448257357100625,-1.05629214326253,-0.9342796393144356,-0.4438816462236712,0.3316849265712928,1.2193376130907323,2.046534012940674,2.7285231178157057,1.4016007379607676,0.7233022676462972,0.5120696025161483,0.4186890849817013,0.3806261252720093,1.91231037511036,7.746553406243838,0.0,13.838384906836527,-7.081867903043673,-5.300978700362787,-2.9946129699216466,-0.9076995751086288,0.32051964497641805,0.3797377391024137,-0.6074859611740566,-2.13751441057168,-3.51331860982106,-4.099410304642653,-3.551536216313082,-1.938050356567696,0.2933473556551883,2.523077028089572,4.4528722689295686,3.765278185990573,2.6019103480479417,2.102127283759774,1.8567835397118464,1.7522721317497345,0.15608081913424576,-0.08487697600993177,1.3,-613.1772403775127,11.908801147392467,-19.62149404470962,22.368155803233527,-8.081059932283772,7.2685803857707105,3.4994387566917027,-3.5059336385934614,17.76616951415733,-4.809274755365284,3.7367937484244553,10.794845696442113,-4.836364414830727,32.346513393979286,-77.75963282103531,31.226325851315103,4.429387805488496,5.098063535846518,5.054661434371216,5.005646513439445,4.980326759071994,0.004586213482413776,0.01963656716002458,0.0,1732.9443361470624,7.870725653482282,-10.819507871653288,8.620082671941589,1.0433032188139464,-2.1810727729416755,3.3184523172726297,-0.9925618864162972,5.589685193682648,2.4305173121278045,-2.629267379833152,7.189108306204545,-1.0314312419515126,4.338583708430137,-25.037614029488054,15.701919720584206,3.798364432681346,3.257149129050114,2.9677464372032247,2.839633475386692,2.787536863945993,1.2070788415582463,-0.5027057088454627,1.4,-33.161937501614425,-16.140496920302223,11.757598927589836,-15.779193379769096,14.101773654608028,-14.83069204108688,-1.497228968290413,0.18586676980073055,-9.356339141154296,5.468299581719894,-6.1097774970226775,-11.988403282309207,13.514654541368575,-30.01912539568141,104.48107684153587,-20.960216007532086,-4.518893644162836,-5.39226363675192,-5.233643053901592,-5.122322068108122,-5.0715716926204095,4
2022-06-08 16:35:24.725446500,2.7813203488162928,1.910501746709308,-3.3413510454441453,0.13574106635784616,-0.8353810247694596,0.6507133988103383,0,0,1,0,0,0.0,-2.6157741876190883,45.26157744201084,-6.2341834665930085,0.12507421880310496,-0.26098884448115683,0.02110067126432178,-0.07648305774548987,-0.0857994736633922,-0.06901047198118293,0.18814127798892355,-0.07708776109321905,2.7286806748573302,0.522349866934421,-0.4824703418068921,-0.6298411940668465,0.4535944117160203,-0.5095229356456062,0.0,6.097422504349053,40.7773076621559,-0.2688653896238806,0.014239857957133362,-0.2655238268161502,0.0036815131644727,-0.1590424469134834,0.03112056655260835,0.0812901658600888,0.08555588726347421,-0.0396005239825301,4.055869128155068,5.8636835665396765,2.2354185009947223,1.0679256616762098,1.5303271521916075,1.3576012514612958,0.0,18.20747957895149,5.604866316265899,5.82097294091467,0.033449256331543435,0.033483636675776175,0.08862533006862819,0.158784921549005,0.10000770105007356,0.2393507028320065,0.20078937523589768,0.0777877287757746,0,0,1,0,0,0,0,0,1,1,0,0,0,0,0.9030785080675624,0.2482650825784632,0.0,173.58657286905114,23.687153577171284,-21.31341571122088,16.197066326874527,-2.4695813334340304,6.795102377811344,14.401344830138983,-1.4727067958655518,17.072710223746107,-1.1162999198284744,0.8753975516579473,3.596626213581421,-19.660868137002932,82.51887079202497,-31.406929695544353,-14.239336399125051,-1.1150669470352756,1.191293688633472,2.108579738874644,2.553325621780388,2.7401515406005887,1.1939569543479798,0.12394792622669401,0.0,78.97793507411389,3.265318253702872,-26.436005835982552,15.408984534575968,-5.7558577336572885,5.117079852304308,8.473791622907248,0.17194221802674958,11.12689153829561,5.283224998044535,8.521376792513884,8.354246146093802,20.505160716078997,-12.318540322485713,-19.499631305174574,-9.89357419576532,0.476206992731874,0.8312280555871832,1.0770450557061213,1.215187342271288,1.2781017279012885,0.6600148060665351,0.1821533951536282,0.2,-140.85269297613152,-21.62488322611845,28.3710435893788,-21.910581266967462,9.675904719287072,-6.167259961235365,-11.227042370853134,-0.5497563078998594,-16.889320568914197,-2.7072332113566864,-12.922598149679795,-11.198590753410906,0.9493374711844642,-10.229169446026917,13.253264554249768,6.894852406541504,0.8016266918667452,-0.061958012719172124,-0.4302193589021645,-0.6342014165481614,-0.7256680652979821,1.8554719607434544,0.4387087869873694,0.9,-5.108693696374663,-3.127369683159495,-0.6537424356023152,-2.0950309750411025,-1.0182942355646802,-1.2702167295917342,0.6146983094024078,2.329374503102247,2.1670177835593982,3.6006662468089923,0.21857491416730115,0.460676965740322,2.928411189738187,-7.454417129262906,-9.126750016467891,1.376320191081688,1.2405593034706344,0.6753639447742109,0.4969719770841308,0.4265044640152381,0.3995899586997536,2.046437008483824,2.9347682037361573,1.5,-1.9584401897627448,1.872575287569775,0.108419771435859,0.02100635841974352,0.7375263875958386,-0.7786938433577981,-0.5143497141377306,-0.5549582293349035,-1.608253176274334,0.030802961254739688,0.11017369375522856,0.8695088839544716,1.0790136146652722,-5.126287480708545,-3.630005121817444,4.920282823612849,2.360845285428341,1.6222129983312863,1.3747005504124958,1.2545265538989976,1.2033900029374578,1.7748546267552914,-0.2991193528761145,0.0,17.656954786163745,-4.876878814799776,4.835080057183858,-1.7791451352152814,2.4984969150529897,2.1622191776900834,1.0053108804528397,2.5086284359542863,-2.231409660549731,-1.2996621268763466,-3.870371027596621,-3.848800267065304,5.944311088534678,-4.966992554202458,-14.072386617910832,1.046333890297027,3.2798756299041,2.4003573214313043,2.077991816683004,1.927742493308172,1.8649176880553084,0.16518063361665325,0.13858446288342324,0.1,-638.1746202272993,44.35176044468916,43.47745367789203,8.636531022582425,-13.031635584812749,-12.963256079260447,-2.6838042044128234,8.791546168769113,23.617047530619782,23.393541616687035,20.12976018996022,13.94500083164052,11.976803671188842,-32.170270848123366,-48.883319826056365,0.4826922377880507,-12.47244214624641,-8.618435587819594,-6.942628084629833,-6.159764065007679,-5.831555685756402,0.005514045935672688,-0.006062561996882653,0.0,1712.5425772311362,15.826825157144926,18.11515941710482,4.374203035602078,-2.062033036705941,-1.3758904303171846,1.2332645191759042,1.6371813300143003,5.90629709849496,3.4015923054509973,3.4653802797287057,6.8081814138135535,7.623514481290264,-3.114348495754641,-26.38487748818379,9.069210201707172,-1.3213975796088135,-2.1902226593460625,-2.1711427023663528,-2.1267386899263703,-2.1011840440640013,2.40222632657318,-2.1941091191651942,1.4,-30.877292062587546,-8.938127726604115,-30.313421394380217,-9.570639165444792,17.436227446578133,22.643800656920963,15.899371352776267,-2.233451390381698,-7.0167399210985435,-15.057895262067639,-16.327995976254627,-20.475337717018444,-16.125819118946225,11.353050502628188,35.690142861752484,11.018767954097193,5.30309927740554,3.9027898682426505,3.361189032429261,3.083461316197384,2.9610125185299734,4
2022-06-08 16:35:27.475446500,-0.09916311925116428,0.8859436868584778,0.5968902905216013,0.6931388624207648,0.7223513096240238,1.1320712859177506,0,0,1,0,0,94.02799999999999,3.303684789486533,6.00437915023498,-47.365242179088646,0.008615146721232682,0.035097677405548776,0.4993627872043479,-0.020821868735186003,-0.09894478768812258,-0.1621976772501971,0.03645553278632711,-0.01143953712173838,2.705606408070236,0.5247621808657009,-0.4677474507533514,-0.6362440367432123,0.4728129851880784,-0.5092557514513084,1.3240927083333165,5.689750699955355,40.28222725751292,-1.040973779557966,0.014123489379573691,-0.2606973725512412,0.010733805323382152,-0.15472625390086378,0.027711259188869374,0.08300093427652389,0.08520239287813458,-0.040592618597910836,4.034302373049081,5.812916539591181,2.235583502008085,1.0629448170932616,1.5345804516600057,1.3825704244335006,10.367603225338003,18.23374016966672,6.670823156368628,7.850705826311773,0.03313240823650415,0.04633780861991366,0.10369057268162744,0.15986591728562327,0.10169060476939372,0.23978670691233184,0.19883844135911494,0.0782456993992692,0,0,1,0,0,0,0,0,1,1,0,0,0,0,1.4850612476320493,0.4725890362136681,1.4,89.25010125877199,34.223926772263134,25.619456492846236,6.969847646722075,7.672952203968954,0.4542006446165683,-13.241719382359936,-6.743380119040473,6.775545161610251,17.161524684558696,17.61746464508002,-9.994637681405486,14.030470608199261,-50.41756300075082,104.86210812747558,-11.854293739628847,-2.3711899399647223,-0.05182521003716545,0.5833267978716989,0.8589813339591679,0.9709394221294816,1.903714401473716,0.3490972919038404,0.1,16.47516430342084,36.92685811764029,35.719432545569184,10.074968245251398,-2.7612107441881486,-9.017158474423226,-6.705958699070965,5.817070808660072,10.67565022092268,3.861710535698927,6.2071608332801445,6.538539001950016,-1.307102895105507,20.24263255363145,-11.387381931973323,-13.465770385839289,3.5950013860268197,1.8755785817250983,1.7714253859196107,1.786802347908228,1.8037252335557004,1.7682210536395142,0.4839452370539766,1.2,-57.92952104475896,-45.039100565657904,-31.78475405023825,-11.674965915924918,-0.047169623084042316,1.0765954983876147,7.640682764978495,-3.7655642912390057,-9.273340318154052,-7.787774180496543,-12.301030227636307,-8.143454656922522,20.909241626505263,6.6724773228190974,-23.58478458884443,0.983196473397412,-6.506312305532043,-5.863162652467463,-5.7965793663023755,-5.756782477279224,-5.737227878848118,1.8736234815774837,1.8254688137774824,1.3,-0.6825436575715392,-0.12353731881200357,0.4496768043017182,-0.3742540827305727,1.9296635819671517,4.890265857995248,-1.8599722261037568,-1.1332633327701989,0.4217771443540932,-3.2443363368692717,3.415455969918936,-0.9054320757806436,-6.5633203412043395,5.583877039657127,-7.3231862259977225,0.3353582620335445,0.8083448874548921,0.21095354068542405,0.08263978453777243,0.031195321883913833,0.011596592263789118,1.9091603422681456,-1.5657407420976106,1.1,2.7044351403835685,4.1092283505742015,-3.191837377891216,-3.7720273058820157,2.3961389830951187,4.005225126783707,0.9941161702798808,-2.9819393046340137,-2.888486495264411,1.1410968131873007,2.4611027580650964,5.228096145267362,1.936071988994177,4.44920931868637,-12.241263233970036,0.5966389237619683,-1.0172324453660733,-0.4419374331848784,-0.2584915222528641,-0.17583458532392982,-0.1415336979799271,2.3189429744896057,-0.14788954496038315,1.3,7.681460950185428,2.230920621536529,1.8221259328414476,7.712680449547008,2.704354393482008,-8.728268056721072,-3.120156930937783,7.903257202944743,1.5404041409872946,1.6377895922720431,-0.015865665346981198,-6.36578416161963,7.6985217613732555,10.627934915897388,-9.459952903047428,-6.3486167589414775,-0.3840901817871169,-0.3290935046329262,-0.16874023263390675,-0.0774791473467516,-0.03688049076876631,0.5243092566563786,0.01347335902631235,1.4,-504.56544341148543,106.32960691327213,-0.6041431777860851,-1.400097154006815,-17.578341900173378,-1.9093639990496245,-20.629519523471274,-10.915584043652801,-1.0626668842090972,-31.225422843686662,-29.980957138821587,-24.533559420002288,-27.364341841471443,43.688342927173245,122.61805698436287,-2.204864960706086,-12.664600442282385,-10.363211958500958,-10.03939578673508,-9.929031228568594,-9.892633981262431,0.1442191012589585,0.25623366198014025,0.0,1482.5091236763794,-159.62296713836196,-41.14318505067378,69.31985412552254,60.67972351489002,0.3633897066809908,-48.9695091739368,-19.68721350984326,20.06376131849913,25.355713348673703,17.133717063357395,0.2710906340470913,-6.2379012570669445,11.684032723130555,58.92671967549078,45.20196038906848,28.65654421706868,25.957374010993217,24.84106925947489,24.29082506146891,24.055404894304104,1.203946238215034,-0.6689901301244313,0.4,-373.34308311738886,-244.80302793626103,-39.48808190020469,55.740469589606654,82.15797083196608,7.443214349008538,-31.83285807722245,5.030254544734996,25.259276398919482,35.223673386402815,28.370421148582324,1.5960823633833066,26.068500836575108,37.08042852826297,-100.68440248080375,40.24671558228851,15.894705481194695,17.197021296952627,17.454684994934865,17.56652378772978,17.614745088768796,3
2022-06-08 16:35:30.225446500,-5.1993383696181885,-1.8185079676971951,-3.707738327527484,-0.9887593237014038,1.1686155018427828,0.4715764003892071,0,0,1,0,0,106.5155,2.7899207312962284,14.415472682941825,-46.46108405665093,3.5874109121286465e-05,-0.009666211440891378,0.4668025854625405,-0.026892803196556903,-0.14030273513945166,0.016783585182117887,-0.13720330010145068,-0.08205516168867771,2.6722355906419057,0.5661518075845428,-0.4810616786486408,-0.6376337653715537,0.4641540152129783,-0.5015961377971644,3.6011697916666496,5.492137826396748,39.404570901612466,-2.1528519096839926,0.014141605772837894,-0.253192325339705,0.02236351280315596,-0.15118103267756913,0.025436842278973755,0.08259893211265823,0.08485072746439419,-0.04328148843299325,4.031672696775922,5.70436624071064,2.2521015483891627,1.0613068271747788,1.5286715327097948,1.3802812251358119,17.99023415680047,18.184169068234148,8.499096742949478,10.36035397216683,0.033127623714239184,0.06366707491097758,0.12720866030508396,0.15997307818228915,0.10245019264611803,0.2389987873457055,0.19696065858899114,0.07706840712450673,0,0,1,0,0,0,0,0,1,1,0,0,0,0,1.7535720592961497,0.8855959780083672,1.4,33.755787254451306,2.15907266352525,2.8674597045409995,-1.2206415235313193,10.851641162447114,-7.4394103025386675,12.192495973998039,-3.3679212663082634,5.0255321225798655,2.436125787086296,14.996744962014489,-7.7986498108411775,36.04141526253572,35.49940511166757,51.358376869962434,-11.497517710484946,-3.4271539626691325,-1.8731664998361464,-1.2463828121053808,-0.9316836159728608,-0.7969581316716423,1.801951555246176,-0.3639962642874007,1.4,-29.274857047159628,13.512713653141168,-13.20204703264825,3.5579381052091144,-4.779925657631629,-0.676204029483988,-2.3061755664891757,-1.4100370762906593,-2.119491696354145,-2.3094873371562357,-7.722800953014582,-5.4090276198068485,-27.821388732635178,-16.047503502071102,38.537981286074206,-2.3499594715090897,8.623432195709814,4.733703568396642,3.5614653393545086,3.0244195792594413,2.8011712117090357,2.1662802858700503,-2.5463293682179606,1.5,-1.4971651091227531,-2.9059053706223628,-2.5948401797181453,1.2543991152534453,-5.727954086344679,2.3231032017426783,-6.40010461831947,-3.9050790833847087,-2.0468200457893597,-8.869715133920769,1.4132519246003106,-13.532121161299663,-5.1639674215457205,-13.419065803858585,-1.5448715852821806,20.39088855464881,9.196832037692753,6.816211750848459,5.541849764209919,4.899853967410378,4.623065253183153,2.1699667325167398,4.9929820975094525,1.4,-1.5183404354030985,-0.7727761199170036,-2.1407407356512205,0.16417585916181,2.626612522840222,-4.05749635385172,4.728654252721183,-1.4916113313989123,-0.973994971681989,2.5427224082321365,-0.919759366746188,-0.5805701695551218,-6.932647061695203,-6.757001474186809,7.919778325464272,2.1446138088910427,2.220561840888186,1.805205306919225,1.601995198841908,1.4961660369617582,1.4497459859219732,2.4902999487250117,-5.455746549564979,1.4,3.6834390117790634,-5.163008514015954,5.247088856763601,-3.741061538386517,3.1865404441145246,-0.9954694436042452,3.0606712297014425,-0.3198485050102029,1.871477513451761,1.9384794907560727,-2.265114818775274,3.7239389045539406,-4.74875553564263,-2.032091895386525,7.362537974758103,-1.7490003389800801,-2.756253023295477,-1.5785987552263352,-1.251503881854299,-1.0998776197351454,-1.036871702832916,1.3282856546151716,0.5691929549127484,1.4,-1.0111617285822925,8.289687776980351,-2.7403740105683347,7.903240357990403,-1.3144739428850691,4.115389026878872,0.4255246969436872,2.8104721934220294,-0.4729533030662625,-0.6780382100817972,5.6035118267167165,-9.244202727840534,-0.5785203329135875,-5.321483651252383,26.635652256757922,-6.261330356560463,-1.3782192919477465,-0.9625157421003552,-0.7379907655408111,-0.6347111511862136,-0.5922280205075662,0.7369363112578955,0.5147648342797588,1.4,-259.1300973047137,9.937328749178562,-10.252997833551866,9.304409744829217,-23.19503443598643,-31.764487481588265,-5.693047893805863,-19.80262603268183,-24.164729701883413,-7.07414700502741,-13.041949799920996,-19.901786703039136,22.28425742068429,-48.435615729296245,53.168183577598896,-12.762321832922789,-17.164038445509426,-17.740015949179522,-17.803753403902036,-17.797983497428923,-17.78983364133697,0.16322799900916626,0.222194181436196,0.0,1079.9429692715428,-66.55392006622296,83.31101874728056,37.49750139050505,49.10929649014506,-31.037661872247423,80.6721487852658,-30.05980393529282,39.16598554923499,13.132994512539467,20.507051929849275,-1.3200531984398296,27.073914305857826,25.88226778146895,1.4442108338895636,23.572715268708755,10.402531546962203,10.386062299076503,10.373299396290387,10.399529831982765,10.416806042255027,0.2347110835261581,-0.9935743600845224,1.5,-879.7087816449173,-44.56835242814552,58.55202217969872,-21.126798546275253,62.83319640746446,-27.70179305859721,57.09242195247755,-11.6873479607042,31.37989217208716,9.348867164267926,27.177303701763663,-1.9548932324373336,31.491264671889077,-17.868158785543233,1.889445785078113,78.57074110198832,33.05367565057495,30.536981282298303,28.687723092238002,27.74565404090809,27.339465146825184,3
2022-06-08 16:35:32.975446500,2.57251743101564,-0.9352377813933276,4.2666858562461645,1.8661911714499693,-0.8630366823451779,-0.7389983257809165,0,0,1,0,0,89.03299999999999,28.681464463837052,9.334747339671814,-41.12154813629957,0.0008113836647186027,-0.032516158682814524,0.5053518774306948,-0.27908522643202377,0.05039197202044303,-0.16981116133706906,-0.013504826854800315,0.04185383481017765,2.643402301932999,0.6565649263626047,-0.448566652225436,-0.6254962905989633,0.427908659603796,-0.4664020485714639,5.330581249999983,5.538831542033474,38.675798154022495,-3.1877902585540534,0.013850006272983585,-0.2469399416515041,0.033407852221115614,-0.14956828436888805,0.023436910342127824,0.0772171709122007,0.08432776456828621,-0.04607420293229295,4.0907856406978516,5.6555642249693,2.3269536071806454,1.075597320016797,1.5296983111616596,1.3805076290457805,21.36154492691405,18.247120923669065,9.530833603248166,12.092834068653614,0.033183073116152935,0.0718145442176567,0.1457415819721727,0.15951604248090198,0.1026176139569436,0.2397768290453872,0.1982039585875924,0.07593481401399345,0,0,1,0,0,0,0,0,1,1,0,0,0,0,0.6150523445866696,1.5461333120059937,0.0,14.277376226416775,2.1737603985921035,-2.356738605020653,-0.21733269914419706,6.197890016926789,5.909660873263053,-5.82519815575221,-3.9853872818142486,0.939031355413256,-1.7091037405807548,-11.3305686017695,-7.535926676918661,-10.667226229696896,-15.258408739389475,-85.50437542904524,-5.526714134599967,-2.982068283161872,-3.4375362086308034,-3.2130291419792094,-3.087947588052998,-3.0324791799294717,1.6550473339468683,0.7044197463728122,0.2,-34.44387442930335,-4.798182141251587,15.932762617187354,10.276333712503405,-0.2361099313264111,2.560060406218224,5.242243217560081,0.3707327972722949,-2.3891472592878062,3.728410801582727,9.363340275137944,7.693981507791637,8.378981908175376,-3.2841138269817165,-20.16332085986247,-9.074287537804912,-0.484644302913194,-0.3962756813860797,-0.22069545127927803,-0.09705386590270848,-0.03663660579649837,1.2468972528360671,-0.8151874802448428,0.0,15.280477270808245,2.318324069418812,-1.508926655755324,-0.1435357397715571,-1.4613297662005258,3.4203523336288777,3.3797103276265505,2.8923457248444104,6.580449131440378,6.59600707550344,-1.725419760797312,-3.5016489871623566,-4.41862144585787,-0.17043225956256516,-29.50716199171143,3.6884633384638814,3.8078249807721662,2.17239967926856,1.8793196960256944,1.7642185613261456,1.721269807354963,2.386380782175606,-0.7887791355232975,1.2,-0.984451738436168,1.3513600322176578,4.279445449954498,1.4331142261729992,5.084743589853728,2.585515644406742,-2.8672943997113105,1.3443364815523509,1.2757233396299732,1.6942800135558225,0.555526810191663,5.303278478775171,8.972760458391381,4.713815316364793,-4.434937617225178,-7.042677628998701,-3.949443740076712,-2.633413781045583,-2.1200734071215908,-1.8635414157645525,-1.7528731498281036,1.2170739622066755,1.2189078182707018,1.4,5.45972025791904,-1.4110612753812466,-5.183302618529941,1.8983697107668327,4.0025325280523685,-0.3172344613631193,-3.2983857142118898,1.8505195509062051,3.7310768330658775,-2.829826492321835,1.7497503339774392,0.1789223000810054,-6.885790208136952,2.1344950317529396,20.35925076830841,-0.07845048267610744,-0.3940704020121151,0.12193000914507525,0.28728828268897466,0.34931523564471995,0.3725816938054141,2.136160891685835,-2.7236808673961335,1.4,-2.909698432663518,1.4940209274824598,6.174309930279697,-2.161814962674662,-4.111557507724133,7.8981703653176085,6.408166817796325,-2.5808302388202518,-1.9553144729493093,2.194326142392575,0.4249245090264897,-6.915597911068063,-4.543895514595375,4.186363278244136,15.226342728322342,-6.5361288899960535,-3.5483272237752925,-2.023543062312457,-1.5451549672908476,-1.3292005656323935,-1.2403817585138488,1.4290592490870122,1.647397108554019,0.0,155.08959239662795,-26.415713610173388,-17.374296074257053,-30.07982154592321,-29.46230676866009,0.3744952826384029,-18.014022411637953,-20.171987153129,-28.453314671206694,-2.8353523077531264,-1.902247421106665,-26.77667334034492,-8.551609384711687,-22.077235921277538,-146.3581857774056,-16.240939436602638,-19.218484956941964,-22.72130743881456,-22.877869113093762,-22.82859836049652,-22.78456557292015,0.5128004763803058,0.25898575626811365,0.0,748.9241166734157,257.94473118721834,-46.684854451345366,-17.774349209135032,39.74498853153771,81.061637675673,-28.990627542844766,-20.40536004112387,33.67986511108453,-0.19322472222884104,4.833865130465234,-3.826826115957141,29.66077508074213,-9.679357468279123,-10.1602657998198,34.24205361982545,20.96886946306416,20.690631040042867,20.65255383673896,20.62492836331437,20.611374321863057,0.3096829235374311,-1.2143720390155863,0.1,-1348.946885192887,321.53591712198516,4.203452717559316,-44.09218042599906,43.40971524241164,91.43169242551136,18.582496094153573,0.5109581534586454,41.810515776395846,26.53118654661035,9.902381387706546,12.669632435768614,16.266280952069593,18.890679408371565,47.371178552269214,64.71502655443845,30.88854339419332,29.23399365948565,28.61315810935772,28.28851903193697,28.149447873472234,3
2022-06-08 16:35:35.725446500,-0.1045527078222986,-0.6848237671867974,0.3584388640688244,0.21540883215823906,1.06318007784878,-0.10634167054682636,0,0,1,0,0,115.02,26.66030045159257,12.562434048029553,-40.150844201486784,0.10621637068531577,-0.04425761555241287,0.484090896026057,-0.2577220301087419,0.027078669778099224,-0.056391601896267685,-0.03933460501077079,0.024552067461818,2.606368278153976,0.723435120817311,-0.4435194286839455,-0.6085106463392199,0.3879535989395101,-0.4269024569590148,7.527430208333316,5.662239724486795,37.99515249004004,-4.249370049286108,0.014588239205387956,-0.24087760640255898,0.04483365180704793,-0.14859102441808875,0.021215587174862015,0.07108340058496337,0.08400516285182391,-0.04836917707361997,4.111572598291652,5.6276508907263585,2.3402669942385352,1.0830657170542728,1.5161840359898124,1.3700510918234734,25.349264349614078,18.34352194558637,10.25814049741461,13.469458640997145,0.034793512535486563,0.07784434589053124,0.16105011000446856,0.1590343369075399,0.10244804705635788,0.23978589547551735,0.1984260654192896,0.07503047231899454,0,0,1,0,0,0,0,0,1,1,0,0,0,0,1.3791709204886518,0.6022309886806558,1.5,2.632175313640321,0.2872691288252991,-2.159988370778115,-3.5442468873105195,-3.603831896313064,-2.9425264933086264,-3.3208793550772318,1.62144205461193,-2.906725580762178,-1.7352350666184222,-2.398238883591251,3.028264767521329,-30.83318513005393,6.997468561098512,-37.678288136142,17.862745066992254,6.973487170138494,4.945342317998137,4.05808300719327,3.6084327807054977,3.414120991660984,1.6994502892096817,0.6959832350927804,1.3,-27.259640776683217,1.3063836284030517,-9.595916870563546,-3.706431230781192,-7.933675255663379,-4.1008415859710805,-3.977508349218973,-4.0464667764449045,-5.460719063939222,0.0823842781819808,-5.9717171805122575,-11.834238031986349,-5.818729779031982,11.183731084248073,-27.317254429676012,-0.7388495526621891,-1.4369425114836036,-0.6398614791595931,-0.7255813103754656,-0.7967613722206104,-0.8320755127054067,2.0590248330484697,2.2679277826088904,0.0,17.547166740841817,-7.483488614234258,1.7470081413376892,-4.619021734266963,1.2442794718826553,-4.761955312062915,-2.013262792265202,-2.9558810508578173,3.2862306959484147,2.9880529103757967,5.827397164277828,0.8049308655160949,-9.032808491568574,5.131579223412361,-3.5175659273377233,-10.110751830300057,-2.30002628964262,-2.646225902428016,-2.5283186150579127,-2.4258578023873767,-2.3754473987994027,1.8158337613707152,0.8195959578628723,1.4,-2.461778284995858,2.849163113664289,-0.7368142016846361,-0.7550469554083501,-0.11705089019871995,0.4511357518624596,3.2744192838902366,2.0463347964201763,-0.5747991517841905,-1.3960087148661542,4.887116615639283,2.9050134813552613,-2.0624353888293983,-0.20403809981599966,9.064102693461423,-3.5565975590625314,-1.4883798783756592,-0.7475837848223854,-0.53182321603633,-0.4460686058024297,-0.4133802542535601,2.647250053819601,0.233960309949805,1.2,5.083620254649301,4.650930954644671,5.237264969591829,4.48593231046479,3.652986987657103,3.6435930657911313,5.393792354718257,4.617313471541098,3.4857216837054668,4.856396423126563,3.357852427379397,-0.2230088879190017,7.0840660838522655,2.1414734760170657,-6.577545031960296,-3.695862383754277,-1.8025872376760077,-1.238941224376627,-0.9459806732914436,-0.7948214023008434,-0.7293100482858996,2.4792874306888253,0.9613439072558558,1.3,-4.5551040355990775,-6.919206983530153,-6.344873095318036,-7.772212539271492,-4.152351248008297,-7.102961341435515,-3.707232058847913,-4.497875736203198,-3.6340365567867696,-3.7829784719423936,-5.864284902122884,-5.917408446593057,-1.763173647920505,3.135605934615888,-16.843485957968714,-6.190906333530098,-5.912436628406763,-4.465599353689748,-4.071367295427692,-3.8971981871561114,-3.82643082680268,0.5550338896787607,8.288751192811757,0.0,523.8778996523276,-70.39536810930213,-23.619290630307898,-47.16354817184318,-40.04629348555481,-26.35895963936557,-14.460308488178619,-0.9822145313717208,-15.723130769414713,-43.39425688854036,-20.775041724375654,-42.0557573622068,-95.26429437344996,-7.659280020013527,-81.64318084541662,14.382061031260154,-7.866702836505872,-14.053933204047162,-16.254182906807713,-17.27759814839142,-17.705818444948626,0.525625814579753,0.4435827367326415,0.0,429.55949771952737,41.40188625610311,40.66443794587657,-72.5636060502908,-1.5879621173230019,-10.528502985673486,19.681286183592867,3.683343757125343,21.901537538017717,64.39354745166398,18.82631131505122,-27.153220038782102,-3.5701703842067767,56.75247306783642,17.578101451309074,24.509196490041965,11.534510061821404,12.064450045570185,12.268833655753706,12.328156629999143,12.342384785741336,0.025497478234711983,-0.21167415271047327,1.3,-1802.6441665456896,37.29056851095757,30.619708985887147,13.185066417300732,12.02820254898822,9.855162206897774,12.989280327421298,29.148757586215922,30.96156135355129,25.580146658157176,23.7688432817951,16.213388120049252,-6.843749178134932,41.41075496544283,4.78986354943838,21.403956689752434,8.385768663524393,9.159313473548869,9.347401047938872,9.368560462835418,9.359498355703144,3
2022-06-08 16:35:38.475446500,-0.052012658774675695,0.012216860397305213,0.09362226157558504,0.005051387355921793,0.011254904598082604,0.005483044186136754,0,0,1,0,0,72.65266666666666,-10.648107075069555,48.75815869182674,10.307531468928516,0.16893703573678992,-0.2838894393522025,-0.13261574120494646,0.01904311111457288,-0.04727677620714717,-0.0051911338841979186,-0.01130867816221087,0.04988203301950202,2.5809434004445517,0.7629630457450847,-0.4370269690361768,-0.5859305396081713,0.3329956435830851,-0.3868519950565937,10.131669791666651,5.4628334803629865,37.627842649690045,-4.538515686055875,0.015267824354739596,-0.2372970720715268,0.04829459738843827,-0.14482063163189604,0.02032162356019597,0.06488214877736505,0.08423405089871222,-0.04899538997862996,4.124305643188079,5.616639723632951,2.3441851665794804,1.0867910099212956,1.4956257583765031,1.3531308440404146,30.717887705566355,18.549842696283907,10.981653122778047,13.816328242490544,0.036995403770263516,0.08170525926990327,0.1674707468235178,0.15984822013138655,0.1034728889705434,0.2387968877410861,0.1983823798184408,0.07541210022339223,0,0,1,0,0,0,0,0,1,1,0,0,0,0,1.2484730232462258,1.2891948175768393,1.4,5.4443138527148625,1.1225226977454217,-0.3760817113837782,3.7000409157746814,4.58014352267703,0.2913980681796283,-2.0875749203009706,1.485296833030472,3.1205758183504484,4.218341560794391,1.0555057819189841,5.8719026322785215,-5.779017594949316,-21.719711102783908,44.17055465088154,18.03760508150953,4.6067143615267065,4.775841463337428,4.337859638146401,4.097830478356831,3.9920723363557165,1.8678112349026101,-1.8261120599139007,1.4,-20.399360824229465,2.5731302931101934,4.6553565655379945,0.4953332332170484,-0.4394242077878807,1.17894818088395,-5.399564805052125,-2.8665352554600787,2.993774359886806,-2.7311604888580763,0.3446445157971185,-11.713542075857436,9.212947273730755,-13.2125302273911,14.458810490314672,5.402948779931195,0.9694677243505659,1.3812175334012036,1.3069337387791229,1.2308732901945312,1.1923695940590662,0.8539108059644561,1.1268214014056586,1.4,14.275059577641564,-3.4128740341901747,-0.5292727364715275,-2.095479916186528,1.0085262793048178,-0.044317890722967324,4.2095286579458,1.3342926485325879,4.715415678772542,-5.717037283611977,1.2223573438612083,2.0274543790642205,-7.611161123780887,-9.427789292463975,46.047542860288,-5.7975224435193535,1.894562592154684,1.8460894355200803,1.808258895242652,1.774433034046433,1.7570299724817042,2.293347364957176,1.5465903531085927,1.4,-4.083377348690021,-1.196939336626961,0.9564141232060412,4.8035393545904315,0.21199140611210687,-2.2727707866772877,-3.3189397481358807,3.3264334391360646,1.930508770548303,2.761002134864059,-4.180170011342041,3.1332000929029005,-2.9062309902981878,2.802764333336913,7.913914193513359,-2.7274411558496863,-0.7836006523950609,-0.30178420920492066,-0.14315598250562953,-0.07634567343280704,-0.050148528165852746,1.8412869275686736,0.9746691524582616,1.2,-1.6438092255631245,-0.9464505080259108,-0.2344485198031544,3.258009822723824,0.3304908731622451,-4.1698262085890985,-3.887437070092681,3.310347443733082,-0.56674205753656,-1.3851703176558712,-0.6324824316947963,-4.017431154045552,4.985839540544983,-1.5052373007704631,-8.950585984514111,0.03546744903734135,0.5764312807941386,0.2301185142197336,0.11482934862050499,0.062376036018929375,0.04062052306654792,1.890807739977036,0.8811494250593404,1.2,-1.2483765848623152,-0.8423186469002456,1.007644436319462,-0.6203720678075977,2.6209236280924912,-1.8724040143701972,-3.914481500660037,0.4081105569506127,0.7633081804314535,-1.2816914975935114,-0.5998990794646748,-2.7214441559252878,5.326178443801401,-8.179878658117588,-6.209795739917338,3.1278766980159087,0.6209568786989592,0.4700862205982858,0.3828459135616285,0.3278902767602905,0.30263624342492146,0.9460446968160005,0.5280844014309325,0.0,581.4600660399808,-267.403477625526,-136.11972119471974,35.653029802957796,93.80296048981062,30.897701930948664,-56.79182325846344,-14.637820783956704,16.40532650881031,41.28331187512488,10.300564035478416,10.333032748347085,-15.61671534434225,-56.59925389654854,66.45388669257487,49.24928115995778,17.823726495147238,15.572345530943885,14.182175642597752,13.492043349628197,13.201007109729707,0.7356309434226339,-1.4205731486314992,0.0,618.0159598255526,130.7468373422787,126.01529156945965,-54.68672870402704,-93.02844129979871,-79.09854267115445,-13.025377907210135,3.4190205813277994,16.7310066651889,-50.462357915178956,-4.706108751193952,-74.83012111273665,-17.583228094319708,-50.478840817198744,24.46143949750373,-12.868136640098571,-27.700403261830612,-25.725087010860253,-25.281249806271536,-25.128263608109656,-25.07268403229621,0.2809710695360144,0.3415500771368418,0.1,-1420.3580614792709,265.9499666584899,76.25837499617558,-45.02238687881587,-74.24107593263074,-81.71292484309015,-46.22593738786136,18.55245983658142,24.168964256143965,-37.45585858200675,-72.88045170757854,-49.92059721061501,-4.74261855756901,-25.499958707559298,-9.032991915396869,-31.699150755781087,-31.481272515340578,-30.044607009218826,-29.741400467292088,-29.590856463063673,-29.527491690241238,4
2022-06-08 16:35:41.225446500,-0.014630261524191125,-0.002068258573649811,-0.010954882408131314,0.002837269012893617,0.006269919884228213,0.002812268470938779,0,0,1,0,0,72.02199999999998,-9.705124095855476,50.10958970063033,10.276383409007614,249.09327480664848,-0.2495621269063869,-0.1585110898793803,-0.016085433563804048,-0.06948386240832058,-0.0057237002390492,-0.01058849451960345,0.04988720527553439,2.5565238614956454,0.7738291583456616,-0.4264444011886939,-0.5537737458546647,0.2754567711329801,-0.33859168996974354,11.771426041666649,4.9483488139889245,37.756481062696146,-4.451694726969475,2.44839234840544,-0.2363917747302145,0.046082273870954496,-0.13937359420539944,0.016899640864093332,0.05794145317073869,0.08504566156383615,-0.04832635690746697,4.136356134610004,5.614318266990818,2.3450308263517567,1.0828488522774726,1.4584624214814699,1.3282295935094035,32.01854548725422,18.65364716830071,11.095003388239462,13.896160564373446,30.52064193573727,0.08119271629815028,0.1693611467782813,0.1605545010152412,0.10363254373473288,0.2363053613846108,0.197923254260442,0.07615188291124893,0,0,1,0,0,0,0,0,1,1,0,0,0,0,2.0368123739597053,0.7510863629432205,1.2,8.033063589470752,2.058514123948569,6.725180878838628,4.427815165419366,7.598263737519442,2.942931550437897,9.398989254630377,1.7401006975257909,9.511527422526108,0.8196065700263624,7.097826238243183,11.186789104170668,27.140578852934183,20.756892407496245,11.244555509245755,-3.691880284583257,-6.561467333565089,-3.691306759380017,-2.574529140559473,-2.037421324232409,-1.80932217584624,2.0514791152031235,4.120970808175758,1.2,-13.010763608358747,-2.7736274231747826,-2.5057441530083246,0.026055599984818437,1.6251542283445235,-5.00821374173165,4.949650670656457,-4.041152103722932,5.901708516637138,-1.3882780188914885,0.8043839622697839,-8.134271626699704,14.340265879320427,10.875708887682723,13.48522191018644,-1.7326053152668668,-2.317287063670169,-1.3679761486799404,-0.9853707097790876,-0.8099970832140402,-0.7378635244573623,2.3538100947345897,-0.4642203495793503,1.2,9.80591081019099,8.519829161055211,0.4849853563877686,2.7468153633333148,0.41059775414000654,7.725080116297054,-1.3014054622261515,5.351669897284432,2.703025654979798,9.555709498792226,-1.8901293878246483,11.199440777531514,15.939690402609276,15.27680989955076,-6.0540093662923455,-19.253187074889556,-8.613310499673617,-5.812434780492652,-4.652905063937985,-4.0828624508264415,-3.839688684827802,2.2369500852214124,1.458104188219749,1.2,-2.2586796914904093,-0.05960949123674075,-1.0419314065948808,1.7594826036127913,-2.07918777633934,0.5468145368991593,0.6868326492022989,0.9620403249667362,1.2318400724501422,-4.1324370876100565,-1.448309868346087,4.565733640840414,4.98653682369079,-0.5193096352533506,-6.652764792047955,-4.354349510157909,-2.2090507500871297,-1.7038729476568013,-1.466973640692988,-1.3500200307522006,-1.3000648688016478,2.498368184602889,8.22588880589556,1.4,-2.3354181386261,0.4369422574742009,-1.3424464834968148,0.9050612296527112,-1.3987797793802454,-0.3886579709603081,-0.8847771203282483,1.6149027178611461,-1.4109128180967798,-1.1691230473384946,-1.629695569864285,-4.464904410299852,-2.789742171694941,0.0414510748229186,3.723528877435117,3.4215659969275767,2.8490124678667863,2.004663034065887,1.6765183781634394,1.5152646757159178,1.4463436136086787,2.27703805470951,1.6169809438617873,1.4,-2.1895306700966937,1.6906862662742803,-2.4107723873704145,0.6559191062482277,1.406402937388998,-0.1421760684502143,1.3510461125434912,0.25737389827750184,0.7582219870645751,-0.10157280570504046,-0.043694507273857236,-3.1372693994513265,-0.4151948431500381,4.346594752489917,5.002824030447493,4.3513795432641205,2.393316819511127,1.7572878848333362,1.5449058519636631,1.4422895880584583,1.3984988098427642,1.3071455926005051,0.5877399744672052,0.0,374.3413071700348,-95.18286897201813,122.05063957907645,-67.37231205018233,101.39051023147475,-54.936992057221346,91.27152373818905,-30.68021206177795,35.52329108167592,-7.553422508569032,18.941726537773945,36.083981380679326,49.85080672428644,65.93290794506461,8.801361135879047,27.962807573951093,8.845234082458152,12.323052466983896,13.271985536479844,13.73568040733311,13.934333483256664,0.406788627988415,-0.437161488552693,0.0,1080.0527833101758,118.36619296658851,-204.77668797656625,115.03534610664202,-107.52329598218508,50.68855908057124,-71.05870133989248,8.293594703542139,14.482338949498944,-22.393501824047302,-31.452706670738763,-59.420569164994745,19.10271367672151,4.280255293222777,-14.186628457464824,-10.884537055862694,-22.535023556182786,-20.11222282019729,-19.72815935527984,-19.564422430180482,-19.500612248939603,0.3537194471773909,0.3993339300929069,0.1,-801.6255168885657,60.25442264838526,-109.28444125550742,45.9198802854197,-79.82068620806606,17.540864432922632,-43.00745296522337,-26.460754078189613,-22.327824064681522,-44.23124699442049,0.15967615971219828,-55.24741275855659,24.305481668080287,-37.74511034424839,0.7798122684662232,-35.763827669042136,-25.4126896771955,-26.1443249995673,-26.060459476491822,-25.999325986838695,-25.970351523304505,4
2022-06-08 16:35:43.975446500,-0.0025230504435478553,-0.007330188002917536,-0.01565983172390535,0.0013489379067335545,0.0007978787493237205,0.0008348092718196468,0,0,1,0,0,71.76899999999998,-9.488308712006509,50.235567782622525,10.041181028077109,192.7766097342867,-0.2599236233039773,-0.15076346002300908,-0.013626988583286256,-0.06634181891725781,-0.005772476475993224,-0.010120052270060916,0.04958452547472377,2.537289968142754,0.7515515737179572,-0.4126155453036084,-0.5151128118883199,0.21022488716872384,-0.2857260412006805,13.405590624999983,4.477035098952375,37.870045347110384,-4.4069544388384765,14.95966214072998,-0.2336335812794803,0.04336586696826143,-0.13513514040697894,0.012646336961797724,0.04999156334440776,0.0861587406057563,-0.04744160106739688,4.146271087059692,5.615084273384077,2.3456919845666793,1.0717063347019542,1.404549005132663,1.2942205557885884,33.17735556775793,18.758589683428703,11.196010687304817,13.939307029175735,187.11619223010229,0.08533199635312784,0.17289263571273827,0.1612924739096538,0.10499557059061963,0.232424064036918,0.19723801525898066,0.07703276862001293,0,0,1,0,0,0,0,0,1,1,0,0,0,0,2.4541904292058017,1.1603004278894546,0.0,2.577461031179724,0.7085872518306449,-1.8878312201113785,-2.006907333564321,0.6769311113701992,1.016672315920392,-3.4058720080674414,-4.1177536893774604,1.1708899876122585,1.963608526737116,-2.5471468069420884,-2.299399347022061,1.7109865030544575,2.0846350352453302,-0.4434993117506584,-0.5644027740765434,-1.5256910187093133,-0.8561114553187182,-0.5419301551197022,-0.4128196417761771,-0.3636688766403096,2.249695518548744,0.8793790232611971,1.3,-5.484473561488019,-1.2421211888058297,0.33123718468829944,-3.1606295411962884,-0.2754037484126967,2.6882058745434936,-3.6534971331629755,-7.441069945246756,-1.624600771509896,1.0868098298023172,-4.376571079167355,-6.7545866076627075,-0.8234082601220111,3.5005669064783813,0.33027081756287163,-3.185862952292679,-2.1942952182297204,-1.5188185419473732,-1.2616740262052446,-1.149682184829688,-1.1053669358396958,2.255115451593688,0.7702628107606853,1.0,-2.7596350540524037,-2.403424451657194,-0.5745042874006799,0.26443031911359005,-3.755198311592237,-4.766773060455674,0.4280025587988137,-0.4671439701750879,-6.271857758477813,-3.2199551194126808,3.134611509124128,0.7198481839292304,-4.007375089475196,-2.9721286816999197,-1.516610749477334,-3.6618680765255487,-0.9470550255579148,0.05760220042411743,0.1953964720936539,0.2204435227727214,0.2229040877266204,2.5761590740568248,1.4082087725049697,0.9,-0.508500031576738,1.3549235193772686,1.8741025967640668,-2.205437669562673,-2.6845513017641167,2.280162284132314,2.2869630193347663,-2.5883870594899268,-1.680291036150606,2.9732622299109264,2.8784966064652813,0.3559686387873107,-0.1677956604440689,0.24353933216749846,0.754447633878105,1.2006988504791345,1.2715839801044238,1.0829603425082952,0.9741920394902169,0.9149869773928928,0.8885529381446815,2.13245812510246,2.2367628027118656,0.5,-1.0397953744340742,1.4650554758051393,1.9409564394609535,-2.716280501413545,-2.2277194752438967,3.666635285585476,3.5387372018291843,-1.1990087541359622,-1.6199973706090098,-0.15486577163620147,-0.8812968469717256,-0.6518338898676815,0.5733126508914238,-0.045348573977696316,-1.1345171832974834,-0.6961125584469547,-0.1007337674700637,-0.23647609112706966,-0.25402564021865953,-0.2537767288838915,-0.2520068929171596,2.241056504772026,1.3723358693982186,0.5,-2.177476373430036,0.4416916181426954,1.8693493895051725,-1.036574753328945,-0.4028547475955504,2.8323607931691277,1.2795592848644095,-1.9438449162887932,-1.1878986905179023,0.7146531037766746,0.18506482092651652,-1.372581533481842,-1.6965391980989104,-0.8059831785940565,-0.17014854824454154,-0.1216028123269106,-0.20040457680352505,-0.2822520106032253,-0.27790847293752274,-0.2682862520701264,-0.26294984634477697,1.3542986821274756,0.7022368602500403,0.1,29.345731560637702,229.21684297333928,-62.80003364103671,-60.48088483204868,77.98479630369101,63.79919817278713,-32.26855892192423,-27.545419241264227,27.406179777973428,19.84072796014353,-2.9015664072308915,19.009783105835368,28.37597360330287,-2.260034627306224,1.1296570068778546,29.524706346290273,15.685035123417695,15.608256074092335,15.577459159810452,15.530367343681798,15.50459068521682,0.2384159613453195,-0.30706521032535705,0.0,1514.721946905216,-249.88310896006402,119.05513137466059,45.556201225340565,-117.15623022304315,-26.515364127987226,42.68399093376142,-39.28150876610711,-48.82083167615418,2.873564291035088,-23.081355509595923,-30.61317549841228,12.671981166353305,-11.18246143020027,-45.700114624525305,-4.7549947567494675,-11.511439196931605,-12.907422857997851,-13.286775512265349,-13.504066351831186,-13.603382631544935,1.27600463127736,0.588358988684485,0.3,-214.25541645128118,-360.9697482458328,23.87203757466983,35.49074937582024,-81.54659650534231,-21.838593262820243,20.451403977740615,-71.82854425911142,-74.79515286584366,12.344571552587242,-7.499429474925862,-66.51307210464655,-31.915426170028315,1.297055418176507,-34.697599047659835,-38.83180065337155,-24.994410581230262,-26.710604717346463,-26.907770812017464,-26.977113162612923,-27.003961924511966,4
2022-06-08 16:35:46.725446500,0.01404970729482353,-0.008258087450243473,-0.0062246492456855896,0.0011892329161985644,-0.0012430407589063945,-0.00010897298339346596,0,0,1,0,0,71.00999999999998,-9.575399364499644,50.27743180370932,10.203184353401417,0.14602663752849754,-0.2937751092386014,-0.1333884670317991,0.004496183476366363,-0.05163067672283619,-0.005447755654955839,-0.008755782178546908,0.05028312801726062,2.5234106893969903,0.6961366897805394,-0.3957555141781744,-0.4699474960364408,0.13731364214108274,-0.2282500394778732,15.055223958333313,4.051684680582934,37.970005008438605,-4.3999286611759345,21.531681619434867,-0.23180466700134675,0.04171370607337032,-0.13067317656766672,0.008786235088692172,0.04103742658397395,0.08763994859693769,-0.04624411688330109,4.153740439259342,5.609960294639451,2.3459227312509836,1.0506535125697782,1.3287738473619877,1.2490320062309257,34.24475189044379,18.861731679483928,11.286397414242453,13.946305487122608,235.6708388207769,0.087501128109928,0.17501342869155154,0.16217404621110704,0.10550509906371508,0.2267815189527629,0.1962570555066488,0.07811581253267356,0,0,1,0,0,0,0,0,1,1,0,0,0,0,2.651534338638,-1.0003773851677398,1.5,-0.9069544316948356,-0.7498579221079774,-0.9529964012893286,-1.0615943032977948,-1.0515607656122368,-0.9787094319797596,-0.87430788533328,-0.6861011089822925,-0.4484060756073707,-0.30273155751247205,-0.08162760216526682,0.2062015669778322,0.21277703724945227,0.2746836966677196,0.6427522920719451,0.9948617055787564,0.537815635756059,0.4008700705677752,0.3836331522835198,0.3738978960277338,0.368713482393365,2.5334700299408692,0.6635520274266274,2.0,-4.544987913868222,-4.179964173836667,-3.9247124366771744,-3.570168202456221,-3.1915778342040766,-2.8246453165125227,-2.466503458239601,-2.1392883825805704,-1.8705529126141456,-1.7160551788201062,-1.609244669663639,-1.5224833833762714,-1.474678795671593,-1.399192433970092,-1.3199740536628133,-1.2847699924974672,-0.9615336785958892,-0.7677484932417226,-0.7110824311217834,-0.6916573183337625,-0.6853325837279886,2.772537336352184,2.718568754518211,0.1,1.4423013372956506,1.6822964316580802,1.5469528749290629,1.3098950767111799,1.1003704485535517,0.8018727003219152,0.42085345932848905,0.030230174808769345,-0.34738776008604816,-0.6945757744918424,-0.9677213627508298,-1.1604497051885845,-1.3063882043483244,-1.4325718735366482,-1.6208320894674917,-2.237159450698228,-1.9551341450760509,-1.3609524951708314,-1.1785615062066674,-1.099753147914922,-1.06737043820971,2.7848476721658897,0.7715303176062087,1.6,-1.9714920635221345,-2.0360425448023736,-2.0613233869142618,-2.0924172012722613,-2.1123997400046663,-2.1060946590307217,-2.0582410507982787,-1.9611821266493237,-1.8167844056839249,-1.6356760214318815,-1.4328492125435095,-1.230780266849528,-1.0511767621555956,-0.9133211017412844,-0.8334966431472511,-0.8050375092994005,-0.748819761148032,-0.7500203406496112,-0.7528426753327345,-0.753259670193689,-0.7531495996479423,2.507739402077421,0.6255911479851036,1.6,-2.511648950703729,-2.4513819799949865,-2.4115467011938683,-2.337326638686993,-2.2280324751171565,-2.083349199325109,-1.904858275633989,-1.6996667689454952,-1.4799429020939825,-1.2562421544488622,-1.0400434778728591,-0.8517378578434854,-0.7061343995222618,-0.611879991702114,-0.5710073787818739,-0.49919109211696294,-0.2863003555111349,-0.355176879080313,-0.3961095388580548,-0.4162999279931525,-0.4249158163786934,2.5467919820430414,0.6890715860965025,1.6,-2.0284486784060003,-2.0127781164476874,-1.9210679074176509,-1.7768154335725426,-1.5961911630898886,-1.3983292982438091,-1.1996845120763522,-1.0173213754233221,-0.8616669349931347,-0.7417493819798382,-0.6573496131700682,-0.6068008941338491,-0.5863075900441479,-0.5845455200465742,-0.5905943773055828,-0.5668215481860641,-0.494483084743904,-0.5051205071972481,-0.5058132705481829,-0.5044076745356293,-0.5034760539670411,0.7470779793892531,2.475899290578631,0.1,-363.31956741299064,35.76262592573537,34.795239042859826,33.03014376663058,32.56132082486266,31.950177451155678,30.793279773299318,30.66831956068548,29.59606471210798,30.17940874611101,30.02926370386264,31.5759721487956,31.448893419451935,33.766527176790675,34.40236034044574,35.648297332858625,27.531249329004606,24.775121393449545,23.874719564677356,23.411505950196126,23.205594109164423,0.1319199568177936,-0.8326403190562659,0.0,1966.2133119281732,-90.22321653208405,-89.25504415123515,-87.07072010663269,-84.79618303605639,-81.55648019373331,-78.03638595215385,-72.86324379155649,-67.84322415769635,-60.03533952779542,-54.320647581489496,-45.37354405147273,-39.43411888200483,-30.84205448557373,-24.01162898711938,-12.926612419147313,-17.91918957538389,-22.005584813603484,-23.254697210808448,-23.82651641382433,-24.063722797373547,1.6674551054850357,1.259056269242081,0.0,338.93121143960065,-73.00906527008681,-75.32987720327482,-74.8134122060778,-74.30235735253696,-71.93499237044864,-71.49754858387362,-69.78209201516947,-66.63539239657598,-64.22355068474906,-60.83416955539505,-55.17530432955326,-51.89718816316229,-47.8692115802115,-41.56058681212016,-36.148418840590246,-28.147605638173467,-28.949737016100716,-29.224725725303703,-29.31611779077567,-29.346293213523694,4
2022-06-08 16:35:49.475446500,0.00632314091069661,-0.003231452636361651,-0.005725812260351302,0.0007885242578780723,0.0002449723767491333,-0.00021966206424438954,0,0,1,0,0,71.01,-9.891748362105847,50.26895053432796,9.95777466329662,0.14116572448090867,-0.292877418105124,-0.13207218987710986,0.0070747382334126405,-0.05442361567053895,-0.004679647486116875,-0.00859943992151257,0.04966429665629772,2.5149312773293144,0.6077490423143174,-0.3759588396238727,-0.4182616986235133,0.056713551332409226,-0.16616111330169078,16.671991666666642,3.64401194795618,38.063747130719435,-4.4230867271007375,21.698387891955942,-0.2310110059555577,0.041010933237805865,-0.12571462705695444,0.005228254150005079,0.031136488387421824,0.08953218911056257,-0.044754950572716674,4.1584988115580295,5.589446799417955,2.3454964755871504,1.0163661439940972,1.2235659692975696,1.1899446098886446,35.15138606248436,18.957192660423225,11.369365777048387,13.9194935272835,235.6751133489084,0.0867846325281963,0.17562208289927655,0.16289850531305805,0.10490745133654243,0.2190037542784015,0.1949021174600137,0.07930280388772265,0,0,1,0,0,0,0,0,1,1,0,0,0,0,2.237031570938938,1.2809328857983977,1.3,-0.18520783827830908,0.050262306150413945,0.03958533449038158,0.05688977650689965,0.035618340416589366,0.016979168918419996,0.06848930461922009,0.06371615954643017,0.08071024471305029,0.04312679908989668,0.04571506056439498,0.21892953297789924,0.08633226846806435,0.2251806227977668,0.07331991444893847,0.06899635816425331,0.12595737703706966,0.056710616279170865,0.04197848305783659,0.037890086796910916,0.03664102967929723,0.9123700196762496,0.8276428882234996,0.6,-0.2500481053414101,-0.01253144207263852,-0.009376370716610223,-0.009152085281916734,-0.008727748518615592,-0.011753336018163932,0.009271788445478593,-0.006433981921928053,-0.02552217334509211,-0.00011927805156505476,-0.0008180589045864672,-0.0001600344499390824,0.006664413578940944,-0.016860450341196896,-0.06674395972651014,-0.04676792683843158,-0.0737328914839184,-0.035911302596635566,-0.02509016301242064,-0.021144382456432038,-0.019715723141949405,1.8276395656651283,1.2406514138894411,1.2,-0.2037925986956298,-0.06549050025185578,-0.06211190994362965,0.003515022052509097,-0.021064868491905385,-0.021678541990822,-0.021394161987619943,0.0003935903748788303,-0.008958282645210652,-0.02260780250283639,-0.0244127318637454,-0.024306657816710646,0.03278538428471869,0.015722120525426632,-0.00867103253533419,-0.096909054239262,-0.3147087078271424,-0.1854660036450628,-0.13484213902996384,-0.11445049181613545,-0.1066485846858574,0.614175087171974,27.41986968690428,0.0,0.04511527541157282,0.0004631005251534049,-0.0020557934402058177,-0.0014675422836639982,-0.001750951337217475,-0.002729053723538679,-0.0018824748303067273,0.0009140316198312004,0.00023784645528365596,-0.0025174468670070946,-0.001372535509158555,-0.002216312266326076,-0.0027374307766724424,-0.004191099074077146,-0.0063524026292120185,-0.014522100916757172,-0.005194550692587207,-0.00019788073408142452,0.0001714594479829585,0.0001323484963392644,9.071697788067624e-05,2.075578541783679,0.6383704819347769,1.7,-0.04686917038934831,-0.00470572588236896,-0.0036002341538329532,-0.0074499348539478205,-0.003485908538094469,-0.003666486351419989,-0.01042363840099263,-0.01129581483609603,-0.011166002597761123,-0.010350838583957876,-0.013742698606868059,-0.01298916208729475,-0.017810592739995617,-0.02342546664211042,-0.035400527833724535,-0.057776007696030265,0.010739692440367573,0.018927980252474916,0.015150867101332878,0.012781877196144516,0.011737449297099965,2.2767001965511673,0.4903157239037881,1.7,0.0056995498935878686,0.00026540012334172117,-0.0012796716265940904,-0.0021666661176211826,-0.001914564816780006,-0.0008890919812201711,-0.0019334737482221047,-0.002680424798105893,-0.002688001552918938,-0.0017733234219281168,-0.00415727681791247,-0.0033463230853882048,-0.0051348644001694595,-0.006664724595168313,-0.01078157387583045,-0.015573765771823326,0.0074729287546657095,0.008332097258756133,0.006606173839014882,0.0056800767884162846,0.005288593832253359,0.0014233860693762894,-0.02002711108359473,1.5,-397.3941427950925,-1.9377078506191336,-0.8603326486083702,-1.1271599643861236,-0.31468273530359525,0.12205996083122984,0.7053726221984,0.4915041222110066,-0.5042985826861504,-0.4975223453599753,-0.8572999817902396,1.4712315782231595,0.3477066779969462,-0.9385803233630768,0.7266635229250298,2.027919796753734,1.3925133791836295,0.5093764982685638,0.3336177226745942,0.2820557642530925,0.26543967693195736,7.806002202569928e-05,0.007344421625876052,0.0,2059.051883230283,-0.007088952855326625,0.35777077599783524,0.3726996626718346,0.5691896340233598,-1.0811763866814488,0.2276677261487521,-0.2345306290858957,-0.4794074586392298,-0.9105712470652136,-0.26366086914087816,1.4445036954153778,0.9869042997493196,-0.12634712152357253,-0.07849052938946954,2.14952460087018,2.6982534912562173,1.3297870828567255,0.9192700917906079,0.7632465686402412,0.7048009240225088,0.0006285644788744374,0.019260954814522963,0.0,412.2300014176284,0.17380839550964566,0.7197624497923485,0.6085035754680561,-0.0024929118215162305,-0.5546546049586851,-0.4677793828667198,0.42436174156532397,-0.0052726956523407855,-0.26296431323033786,0.21594687452053485,0.8813034381995415,-0.2637881548557601,-0.2984670937076306,-0.312494747126685,-0.3848678466822051,1.2961883176454716,1.1229441790350716,0.9203158887774928,0.8166451858210593,0.7728783128090964,4
2022-06-08 16:35:52.225446500,-0.004121410573863036,-0.004334481835257589,0.0016478289645514605,0.0008804944770483182,-0.0016739441901278355,-0.00030984062251338267,0,0,0,1,0,72.02199999999998,-9.653283198291337,50.38939810095522,9.992250602507973,951.4180017261156,-0.12931101496025071,-0.22673957366617525,-0.081590640213044,-0.12469435495001775,-0.005758311653621989,-0.013373329475740856,0.04616059122883279,2.5157453712247784,0.507339310993114,-0.3594346044578866,-0.36002666118868903,-0.031607767263552564,-0.09946465662114386,18.27821354166664,2.967431201184268,38.277360373966935,-4.273105088150484,30.546010265671658,-0.2292811125857847,0.03703825172627513,-0.11928202548911505,8.868691745673599e-05,0.020887646901987824,0.09230380765237403,-0.04286912623382853,4.1564988013784685,5.541120546793841,2.340709966338188,0.9643806936453088,1.0761490618765948,1.1131496486870691,35.947205734322594,18.868202961766254,11.494286043509462,14.010969876587586,281.93459452568857,0.08957326019751519,0.17863270322284378,0.16132532114731768,0.10405622234941254,0.2097917955082752,0.1924679785655528,0.08035167677235447,0,0,0,1,0,0,0,0,0,0,1,1,0,0,1.8165371116772853,-2.0637683313110102,1.4,-0.20308166946913747,-0.005707961649202037,0.007772665852760791,-0.0010427473898413713,-0.023111983571694947,0.026720835106200786,-0.03231717785003161,0.01147655186642334,0.002198360408018986,0.01276958953859127,-0.07569622235097581,0.08659134897942886,-0.019640626304529167,-0.10895937906984013,0.18133512943064373,-0.1018439836406484,0.056790690660560215,0.029540673981013368,0.021104357472461862,0.017784371438878968,0.016519252548494772,0.3618763404607546,0.3250835951800795,0.7,-0.22184886244041807,-0.007768648609824267,-0.0044494853646844384,-0.009466601372552409,-0.010535059025292785,0.0016710671711472232,-0.018690478381387723,0.021011465937734,-0.01047953655653582,0.010686346234625001,0.011271620345718034,0.0053138118088878845,-0.007352656204712856,-0.010481455418964409,-0.012919317917904516,0.019497642181831476,-0.01818908998976146,-0.01242830667516242,-0.009789861905464952,-0.008670623675445951,-0.008235362748771085,2.371685292906226,1.8247349229327057,1.5,-0.05567358636692135,-0.00026646704919814496,0.025281903187786062,0.006963578670316853,-0.012605601390502066,-0.004864946816918207,-0.00209205289998386,0.009542383593209393,-0.002518115511062267,0.01956251399559612,0.017792720445857682,-0.02111704200736522,0.043544541053754056,0.01167041357466132,0.022978496654145048,0.06215064124157243,-0.05413035095092389,-0.04578615294802115,-0.03532402265117576,-0.03018015690679798,-0.028058865285065283,0.16122027780166534,-0.7576918178187392,0.0,0.03995230901211972,0.0005458342965275318,0.0008946088077437317,5.355141359383907e-05,-0.00037045218595557457,0.0013194533413911304,-0.001099086709623586,0.0004968793087346836,-0.0004934189117648028,0.00033439422620079845,-0.0009668354484954699,-2.935562180025973e-07,0.0003204160535504224,0.0003875363125884373,-0.00079813563560503,-0.003141424231300538,-0.004060809987527693,-0.001893806607427229,-0.001260810606750914,-0.0010319120919805443,-0.0009486043751643403,1.4360317041500943,0.7938613980858245,0.4,-0.03922727324496992,-0.005813822517424802,-0.008280723014797946,-0.00254238281071813,0.0011336278852393902,-0.010871753502429284,0.001029756391430522,-0.003873637100695865,-0.0035948987731224853,-0.0031407369893412893,-0.0027276929678120712,-0.0029725616348594466,-0.005763694146135324,-0.00566078668883856,-0.006384254183044685,-0.021308193839453145,-0.012179106924204614,-0.0034392236128469628,-0.001917238347872645,-0.0015445031064114127,-0.0014414074259913052,1.6404083035615329,1.1020900944056211,1.0,-0.0011414328190713426,-0.000403147683377821,-0.0005243581638924798,-0.0007402044813313148,-0.0010804504652217274,-0.0014845281185151356,-0.0008693664390273131,-0.0008928119481227831,-0.00047583494353824315,-0.0010670249453157642,0.00016171590168840238,-0.0012425497457783565,-0.0014685383612671867,-0.0020675539724204248,-0.002954646709950832,-0.006568968416128261,-0.002925269277411849,-0.00029614460643600154,3.259607902488456e-05,7.832667603186159e-05,8.169914537287394e-05,0.0009871848746568458,-0.015863331024923683,1.3,-395.4053148030604,-0.10455262301529444,0.23860249004296466,-1.4385137748807182,0.06522894114989697,1.7685625173017991,0.16884863902226854,-0.5237188028793689,-1.1747626651177183,0.6236444159665204,0.22980739606432896,0.21365448047878746,-0.4263809937033392,1.9744370167157488,0.004933975859859885,0.3774362004031069,0.6978115706730659,0.3934128982236871,0.2904083173377669,0.2487675966123355,0.2326275623855933,1.7062271185791034e-05,0.0014692622433663712,0.0,2060.9569400776363,0.407148827571632,0.4559945205498366,0.018099974155632026,0.07463244672794644,0.7404958612490589,0.18943703511038731,-0.7608365329841433,-0.8649931180342705,0.10601145487157028,-0.03517539238427503,0.4847389986635804,-0.08878587248339187,-0.4408182682834507,0.3558131071553774,-0.4356699123505408,0.7668928509278174,0.5022036604915527,0.3597384296327775,0.2989562279050588,0.27515179455146743,0.0006495081398874652,-0.008259499349005292,0.0,411.761107716865,-1.1067976367027583,-0.6205649898791918,0.6490853343842176,0.03792618733758957,-1.2083109187450738,-0.12338890310368456,0.7927792822788362,0.055992130206181656,0.4939631391083044,-0.6113722843182945,0.14094955416749855,-0.2438249792809266,-0.002374564016948355,-1.9130730958402025,0.3040477181231598,-0.2848198019317696,-0.0378923729673204,-0.031230645773270282,-0.038706613805932655,-0.04336384003450844,4
2022-06-08 16:35:54.975446500,-0.0003865623847609145,-0.005002852687652078,0.00034677416785235967,0.0010117639651489737,-0.001227462078203769,-2.319210880300199e-05,0,0,0,1,0,72.02199999999998,-9.714714428308284,50.325072513072215,10.154275848782925,3365.118496917002,0.287886842441531,-0.4687648562669295,-0.3000766299996609,-0.3034186635423529,-0.006876784065215816,-0.022565223279187082,0.035103881120822245,2.491753267034836,0.5285801046351769,-0.3453019174593587,-0.3135986390320369,-0.10261817384231757,-0.0479346404971421,19.931926041666653,2.4428589701900463,38.410857730038884,-4.09691335437468,59.228749926215094,-0.2239549711952498,0.031437511641863335,-0.1158325897470282,-0.005020978386461189,0.012261938656399908,0.0930946317657461,-0.041908737447706665,4.16180957021927,5.494933054428496,2.336758324467957,0.9089809838171536,0.9282107393644796,1.0432038525459129,36.72156083487162,18.873174316124484,11.592234657065676,14.107860434135524,415.5101210426896,0.10075295642832884,0.18514874933707864,0.161055336559278,0.10698152163449473,0.19943204516486504,0.19143425520182936,0.08072488016835615,0,0,0,1,0,0,0,0,0,0,1,1,0,0,1.5988434606568471,3.2583272336802183,1.3,-0.17078510201180458,0.000537206126964139,-0.004088208402746634,-0.0008920473367975586,-0.014718249621662903,0.015778474654362308,0.04447127747297632,0.027048196612838277,0.002370105401918861,0.0026761545232999217,0.07701907827492901,0.0324136923851661,0.02041529822962427,0.0984891010277051,0.03859787148902295,-0.13333417201075928,0.014385823072265713,0.00608191745210326,0.005030476025802691,0.004700455963713602,0.004597607350899511,0.4333552538564199,-0.44804543730377655,1.5,-0.1946190980426468,0.0008528515701017626,-0.005140944084482967,-0.002841899427063748,-0.0026932634056868287,0.00033826409477357404,-0.007169303193142608,0.020296640217159108,0.0159890906771058,-0.007711665089027243,-0.001250362456267834,0.004114363906147886,-0.03659252854347109,-0.0017192991978913115,0.022591339001506592,0.026170740293501683,0.007178298136566584,0.0026794419891554466,0.0021872773606408137,0.002007117702601361,0.0019357361301463843,2.3683184097650765,-11.447212609222452,1.5,-0.026188602790304383,-0.012471347614578871,-0.0007635683443169656,0.0017469983890115864,-0.015485955231383628,0.017459996772353104,0.020310689408936086,-0.007514501502664139,-0.017019633348175595,-0.006985210730945436,0.017155051274388898,-0.035596866941668415,-0.015238530472109046,0.024283944777462364,0.029163228378249893,0.03712481562138519,0.0023181313204710717,-0.004157679941376594,-0.004374365199205439,-0.004120858905347045,-0.00396833045458477,0.08367006938745901,-0.15299727604303126,0.0,0.037056047743284685,0.0006583491867128374,-0.00015439415434190945,0.00023134067325761547,-0.0004779907310912585,-0.0004746010027089012,0.002241226437017716,-0.0009594365255580244,-0.0019988185297981887,7.405509267829457e-05,0.000449839580568593,0.0006678530941573225,0.0003935840752265604,-0.0004958999621291214,0.0005753698745276122,0.00020160977286231478,-0.0012611435480293829,-0.0007992796889044803,-0.0005762500961259397,-0.00047894603139526806,-0.00044039768681017186,0.8592112997101334,0.6327619898596842,0.2,-0.03207386130745574,-0.0020424351164705108,0.0041627564286225395,-0.0038639668035374366,-0.0006446753164393675,0.0010982829274982801,-0.007401486561286905,-0.00028942428937529617,0.0033862701050758554,0.003683107439619752,0.0027868002657605536,-0.0006244386085868213,-0.001003809239720021,-0.00019082492123761443,-0.002416540224975392,-0.0044438649874400955,-0.00590868074705981,-0.0032871963972783483,-0.002345094915014403,-0.001975177779359268,-0.0018349109254432922,1.8337096511515945,1.4840230834784425,0.3,-0.004066116777303739,0.0012674389002596668,0.0008867285429361248,0.001356560992068212,0.0004230942424263056,0.0002150237524959584,-0.0005359544785968721,-0.00047291037376084177,0.0008228417761559264,0.00029145397150501115,0.0008241525055477715,-0.0005899906077179904,-6.489474961072272e-05,-0.00027314089893462856,-0.0010947669070658142,-0.001390640297463192,-0.0017059491395686615,-0.0008268435352755212,-0.0005474199127666712,-0.00044331278466656053,-0.0004047849679308847,0.0007630140123931824,0.0051539556606186795,1.2,-394.5263710432631,0.8947342911918525,-0.5378297101572258,-0.5755422099660166,-0.012349789568112612,-1.942085965732524,0.013260814320368295,0.3857141528706354,0.3407345937423951,-0.4520379522097819,0.33663225617961423,-0.4671780254019371,1.155421909986153,-1.4415603012214566,0.2412781540222646,-0.06478332309187351,-0.002576691513617391,-0.05077848165654153,-0.07856643351704308,-0.09143199022489944,-0.09659486872848476,2.348337455904169e-05,-0.001350619406156258,0.0,2061.557137419608,-0.4815656941490261,-0.2971154324151541,0.5058970686467887,-0.5440848685953199,-0.06530589949520049,-0.3349096451554061,-0.5254802636455622,-0.5821651696631278,0.7040166453293608,0.6983618581265958,-0.13522585030619186,-1.5052791632906375,-0.14889608336612525,-0.12318432416888925,-1.0279316667150766,0.2037406506617856,0.12426240111516053,0.09198000710475183,0.07715411833812169,0.0711606341601625,0.0007567860194079652,0.004280302280788531,0.0,412.47507204117994,0.4179354177190362,0.06276677559298349,0.32558004629041193,1.2371858279059644,1.906676284030304,-0.3945369675876513,0.0375038224238331,-0.12651054708558895,-0.8974130841317258,0.4871786278231092,0.5012315292507363,0.7803919669103649,-0.6403089860698863,-1.0926610432137736,0.944852058392886,-0.18562255277070427,0.038507623388021266,0.07722776698352263,0.09051489543020708,0.09535776512825044,4
2022-06-08 16:35:57.725446500,0.0017674606528031527,-0.0010447773713017844,-0.0004959662924752106,-0.00029565828410359923,0.00023175940764254936,-0.00018675724676985164,0,0,0,1,0,72.02199999999998,-9.481572227304984,50.50131224143946,10.03738545628368,287.5826721990535,-0.2449323595979491,-0.1607981329228449,-0.023086991139087368,-0.07484367670726695,-0.0056141921407228575,-0.010768146141394591,0.04956221381721701,2.479563110828239,0.5436638435444118,-0.33656993177009475,-0.3147985161544134,-0.09934360791771844,-0.05235685601440476,21.60051145833333,1.833505157573441,38.5850963672779,-3.9542702437347503,85.11783402237315,-0.2194824740162233,0.026110181910676274,-0.11303820039805013,-0.00964301155966282,0.014059876038422998,0.0927246740200973,-0.040988136975186176,4.161623654875356,5.423597225636634,2.3341176631764347,0.9003741932217383,0.913658353405848,1.0371507346606574,37.427025781355425,18.80323780096853,11.704164891041966,14.198719439401858,502.17343578597325,0.10951075812185714,0.19087760663806502,0.16142126402665188,0.10940235214100318,0.19782081986681171,0.19111173056472933,0.08079245110973875,0,0,0,1,0,0,0,0,0,0,1,1,0,0,1.7192053469925332,1.1077378425149955,0.7,-0.15073822997811046,0.005072813552170489,0.008122343956492847,-0.0028377010238749764,-0.0012270149901039227,-0.01671446216031534,-0.015224319209957324,0.012871229112482788,-0.018192395938629626,-0.010536485408556869,0.01269602943083935,-0.05912990392404121,-0.0020531596661760303,-0.06955767534642944,-0.12933509008604646,-0.11492005782344634,-0.02917742829038163,-0.023286842912915797,-0.022409551292140995,-0.022072599181489568,-0.02193764274204596,0.4880764160766152,0.15074140602601635,1.1,-0.1640175330837804,0.007954651710347718,0.011587572322411291,0.008924806730384791,0.014160393234282384,0.0026285341885759197,0.016932475236941164,-0.020500161877776504,0.002479366745250238,-0.007002588353326282,0.001751419901357448,0.026534367962898018,0.010232478994856034,0.0060383462198321,-0.016126352171049404,-0.00042808838772879837,-0.005380685461555125,-0.00618404882853906,-0.005858482876681982,-0.005610657563065153,-0.005490795543056418,2.3156067086794208,0.9186325491677522,1.4,0.0049624563799521605,0.008960340938550781,-0.016665195503142268,-0.009657112031594143,-0.025795309764447237,-0.011403157894428268,-0.007836667948305094,0.0030724951137982193,-0.0035463515408635203,0.005862455418436597,-0.011984431123291044,-0.021995723677367997,-0.01735481004558944,-0.01876650276573879,0.009774669236176531,-0.0005048544878404624,-0.0003568040782060385,-0.003228850712829944,-0.0036848383108635634,-0.003751303350356414,-0.003752033859861964,0.15826823889721695,0.20425028867329106,0.0,0.03064436263729435,-0.003528492601881987,-0.0021452774382609728,-0.0004894583048689546,-8.182449889349323e-05,0.0009874031027802949,0.0003017391772219206,0.00036614903511105455,-0.0007338379134230964,-0.00015250387372472605,9.047259777098024e-05,0.0002672715919069175,-0.0004668327741294943,0.0015601371184752533,0.001174720597932526,0.0009316102488015355,0.00010346850125597425,0.0001772321802883906,0.0002349727303328605,0.00026380555927192016,0.00027602677737896325,0.7994124241915966,0.1869204764279823,0.8,-0.02566938152830531,0.005293475439884257,-0.000906984285412677,-0.0012018904072051582,-0.005056748882228688,0.004021135250125898,0.003443047543177089,-0.00185556296916882,0.005576276387027361,-0.002500989751734441,0.001567119564847968,4.3373162553339475e-05,0.0003777605411929306,0.0004042280531717781,-0.0006447220185193934,5.6328802790486024e-05,-0.001192337514952188,-0.0011202922774731852,-0.000950351658794982,-0.0008685003113397184,-0.0008354464930585242,0.8999459600480971,0.056863900602447365,0.1,-0.005201065649822261,0.001845747137665505,-0.00018888310515136324,0.0009642558931620897,-0.00031177739009784634,-0.0008719968673834789,0.00042649804080793617,-0.0007134012955141992,0.0005400405461059352,0.00011573329608328674,-0.0007918703227901645,-0.000359057769752602,-0.00012582531164097993,0.0004308877280323494,0.00020796456146435048,0.00019441721924602217,1.9404104364401824e-05,-5.4963797978862644e-05,-3.252959945079393e-05,-2.174844432934725e-05,-1.764453032011176e-05,0.0008921210233573748,-0.005290494922039511,0.3,-394.55086858458236,-0.959516978001254,0.5568165317482467,1.9226175455423016,1.0497526467622755,0.5149338185700287,-0.7443859848568373,0.7467472196563367,1.5480317497976035,0.14977935024452727,-0.2750179618959887,-0.8990953635821991,0.2441450416154929,-0.2605288657974523,-0.346755208475976,0.21194527113267547,0.07778952600062361,0.10390182688383652,0.09555897502123578,0.09116768369456807,0.08935835207753784,2.6277666613186207e-05,-0.004113436989608746,0.0,2062.4373476397136,-0.3246293905803839,-0.10995922247678892,0.7533225968719535,0.10121876484845416,0.07669700621354991,-0.016148815488435275,-0.6488102056228229,0.3075655463034934,-0.36449527394722026,0.3188297435583323,-0.6755156386303796,-1.1972455213739224,-0.2519286084085053,-0.970244809852666,-1.4397294516888408,-0.2456016515857087,-0.2961086841582059,-0.28157336006148626,-0.27263057734356977,-0.2684002509512187,0.001066042812965447,0.00862010060822927,0.0,413.2624160048126,1.188389350320996,0.28465932783367265,-1.7990634757690316,0.348728144205964,-1.7948315036617009,0.7026084204886303,-0.6438930563821863,0.017983583545142068,1.4668687901635629,0.0018069374361164847,-0.3789441722507476,-0.6994269462662661,0.6205471809157146,1.2625746170827998,0.8823210591174355,0.10743589752455483,0.0894324678375682,0.08039024628249257,0.07414672392270205,0.07104507008896621,4
2022-06-08 16:36:00.475446500,0.02259989116729854,0.0004034815836915136,-0.0018191804862618187,-0.0004812724355803937,0.0004569962755312701,0.00018195512095166617,0,0,0,1,0,72.495,-9.630121263761822,50.16658342459929,10.337394891183592,0.13912863382307472,-0.2930103404561789,-0.13401778948462034,0.005466490250254083,-0.0502702505761442,-0.005141912036939514,-0.008536276194659386,0.05110597281883021,2.285734590021148,0.4280028970817023,-0.2861574176413819,-0.29247868743687216,-0.06486096063274152,-0.05744970615452963,23.26442187500001,0.8453105764574218,39.068942541915625,-3.5685491021899742,122.1942992961282,-0.2146258584505219,0.01571634089950652,-0.10693884025777084,-0.01850595260996851,0.014376499611489018,0.08474779610855346,-0.03560575286536009,4.0739266317034435,5.372683792056243,2.3168875387520687,0.8956171900814509,0.8871948918496589,1.0362167842504075,38.04000052313223,18.231750399527787,11.74086411072956,14.349498195904848,619.3453042448148,0.12367900731084268,0.19764422808774468,0.15710448743101654,0.10850543230799316,0.19776175918517372,0.188175292730912,0.07828510137833794,0,0,0,1,0,0,0,0,0,0,1,1,0,0,1.8451902910966416,1.233232259283689,0.7,-0.09180850427243842,0.018939621076958426,-0.007970202233373535,0.010294833004935486,0.015444291453266132,-0.008129118357453528,-0.0027367858535449503,0.032045796442320224,-0.018769615132266944,0.023540566272862662,0.0166335620621703,-0.005083119338031128,-0.0006603719957404447,-0.041408843108221495,-0.08232738115034252,-0.07187760073560831,-0.023615167180857568,-0.010104629074013702,-0.008544092937679592,-0.008016624320114012,-0.007818758744987319,1.3217697044145202,0.20749518501337105,1.1,-0.10480686388401572,0.02321394711890619,-0.007105852696663468,-0.008208510063616966,0.0008055900947425455,-0.005369738377879364,0.006622449874785323,-0.03531116637345779,-0.03133924098814482,-0.004151000734711832,-0.003194239067095855,0.047708117442575484,0.027880674840528016,-0.014321632255883059,0.0009772603005346657,-0.0006205282675592551,-0.006639922324618315,-0.004111775052307665,-0.0036746255937344673,-0.003504850431516385,-0.003439394283440905,1.9080249834260203,0.42160472582441866,0.2,0.005540890908584938,-0.012894953392235084,0.024894057738619028,-0.005957467367087596,-0.024858047354208115,0.003200574266206517,-7.800620922099517e-05,0.010282324403091368,-0.0004346713232619525,-0.012063108544387071,-0.0032130604672750943,-0.004385010764581041,-0.0012681686538785813,0.01253753720947631,-0.0026513574199522995,-0.008613705426166629,0.003091374984258221,0.001623127045676201,0.0014382115183502453,0.0014007617539295231,0.0013933725802455993,0.6417557067540439,0.5046848212528798,0.0,0.0180097978739328,-0.004197360844831632,0.0023529047394647827,-0.0025045193795616284,-0.0006992263546056313,0.001447123356175248,0.00012130487857054404,0.0017927186032281142,0.0006216992894295865,0.0018735833776227235,0.0019368725978306175,0.000975575899134891,0.0006487883000303384,-0.00027201155839380164,0.0008558278761427875,0.0009618605009748867,0.0004253621494239555,0.00042326523916906143,0.00041978612941713175,0.0004236743473581911,0.0004261848389421852,1.103952715428992,0.3614190155453457,0.3,-0.017438735124003114,0.0007756799719786518,-0.0031506984948744664,0.006965340297665623,-0.0009571097604930307,-0.0014426890120697725,0.0007427586678533255,-0.004806909523990364,0.0022397591018363887,-0.00033335661672779225,-0.004953209300572349,0.0006274758646781478,0.0012763795523453587,-0.0009508566145681595,0.0010826746390055226,0.0005410558893117314,-0.0004916167312706785,-0.000686718752886078,-0.0006634026703139482,-0.0006442855964520103,-0.000635489801560404,0.7816279199250764,0.30645903784043416,0.2,-0.004655315562164457,-7.917406853087543e-06,0.0011416226218722806,0.0006722852244416644,-0.0003895169064406152,0.00047746670502809093,-0.00046562669045594314,-0.00031149853722054215,0.0002898376316594498,-0.0005851749304598622,-0.0007067958420080001,-0.00028644921487299443,0.00026722364150630795,-0.000706495951083172,3.338811240121521e-05,0.00011157907649082693,0.0002202090343859852,-1.8802589702365338e-06,-3.0260454927793843e-05,-3.6084346705335416e-05,-3.7439878570117935e-05,0.0007511231246480075,-0.002010682608562222,1.3,-392.6948434080005,0.8202993848061766,-0.4065236036258355,0.1961438517721419,-0.4657774542727111,-0.11037550544552843,0.4814022719496265,-0.07779254564869298,0.6948685154466574,-0.004624807407855869,0.16888842167473686,-1.3006373031384308,-1.6713537652753914,1.184471661547061,-0.8504992108101703,0.3561159886484422,0.3359094701325933,0.30025269767966023,0.2770839707926909,0.2648087642336039,0.2594316582110716,1.137801286525862e-05,9.250086723638414e-05,0.0,2062.6815960208746,0.19869491502385014,0.4403398350820567,-0.3880732611987981,-0.016693793739761986,-0.34702135519415833,0.5396453393429539,-0.7192648372276693,0.005046143518256939,-0.13936440424316746,0.5289142751097415,0.026970459262450674,0.3664294960629846,-0.4807348211178351,0.3972336021309673,-0.7552470468520625,0.04363548056937816,0.1053446960348623,0.11046906096643028,0.11172495669486436,0.11197593740203082,0.0005737497152697075,-0.007977877858051706,0.0,414.95172325837007,0.1038122194091784,0.3318621971244013,0.017484887943133742,0.9878994637809768,0.6302349675175485,-1.0153803021211054,-1.2298582536448563,0.16770667655163862,-1.7192084177554054,-0.36066817674086415,-0.18722447220554805,0.3861663061336049,-0.11557216208924535,0.44491212071812747,-0.094118053924797,-0.14019724632607478,-0.18596174142957975,-0.16532157243079748,-0.15392005793918884,-0.1488534484763604,4
2022-06-08 16:36:03.225446500,0.0015659672790873894,0.0008429103462083348,-0.002450939320831959,-0.0002585585786225206,0.00044796931609232695,-1.882877238336147e-05,0,0,0,1,0,72.968,-9.532526962859807,50.31666647294335,10.133090706574857,208.9145151382322,-0.2574103961031561,-0.1531868333529174,-0.01479457557252164,-0.0675140283979179,-0.0054917865543741935,-0.01040679507374988,0.05033201183382907,2.115434262887762,0.2994185066645211,-0.2457407684692127,-0.27397185662322426,-0.031297021868644914,-0.06335251882853532,24.921548958333354,-0.13324941612887026,39.54485877099079,-3.1904480287252506,141.44302429396532,-0.21282998991748767,0.007229324219641355,-0.09953985063122282,-0.025827607075720533,0.015308487422163288,0.0779661048869709,-0.030410664429961688,4.0096322807277005,5.313645970766227,2.3060114489280967,0.8930704498660269,0.8608508008639336,1.0351272920107408,38.56301521120743,17.610708631339495,11.765112412016864,14.48633073130352,661.8169724174093,0.1291683489481317,0.20053249163730416,0.15205235475703804,0.1050455124654768,0.1975646459168773,0.18620743043598512,0.07602459272817381,0,0,0,1,0,0,0,0,0,0,1,1,0,0,1.948819855151908,0.8934658751838424,1.4,-0.03703478670056973,-0.017733560179504615,-0.005608208584809057,-0.003952702555813427,0.009674804060908105,-0.0013815972881747495,-0.00598177304043284,0.012829437440181205,-0.023888888465872345,-0.04137227251134923,-0.03176302125683759,0.01276414674662198,-0.09202822277720696,0.042470273181419,0.053662013819391736,-0.0666215496574885,-0.007089986967001859,-0.005538551139340935,-0.005384429298258917,-0.005285742960947297,-0.0052454569815138866,1.8780050709611011,0.0331447113342703,1.1,-0.051664561577276565,-0.020746234253864054,-0.0017728144492776773,-0.009369829008655269,-0.007821096900213296,0.003488739685640473,-0.013591259433867908,0.00317809895466296,-0.016003206929466832,0.004695871499995199,-0.02704670362516132,0.044234200261576866,-0.008844384600234012,0.0188374713974576,0.01732601019456995,-0.0033458845318533013,-0.006610355460433693,-0.003937454800036922,-0.003510004244437789,-0.003352845313113609,-0.0032948070523906373,1.8452568489347247,0.39862102730785604,0.3,0.001555024850522736,-0.005577490475458448,-0.02601993342006863,0.007904073136340069,-0.02083680506372735,0.006546470856606507,0.005335144758717423,0.005048823206993779,-0.003883771486010021,0.006181998921754275,-0.005561663928750047,-0.014556535258122815,0.0005942414052149082,-0.002105547393969372,0.0014784683639267385,-0.009239010896319495,0.0030723844723525803,0.002133364469313776,0.0017299949566142395,0.0015206958532420426,0.0014302213871144845,1.44193410454605,0.5897691747489466,0.0,0.005934883605127329,0.005390224583312581,-0.001355473094473835,-0.00013391217613304806,0.001029642598497549,0.0004682514746470048,0.0005255378931232428,0.0009412460161876445,0.0017825847021395555,4.378658828783573e-05,0.00044188366278332384,0.0010142366091911575,0.0007428208423783093,0.0012643711309888608,0.0008356123438957771,0.00142345800253268,0.0004138094201731189,0.0001504068641844781,0.00016200654020388327,0.00018191385338562623,0.00019202324966742068,2.2999392026582517,0.5147260669493728,0.2,-0.003859877548173651,-0.003852367046437136,0.002571165471558161,-0.00020556871850418504,-0.0008319677819490616,-0.004417144514585431,-0.0041179127671554,-0.002817480463362814,-0.002018406008099134,0.0010792553304765583,0.0005231595856645125,0.0012650106345772124,0.0006888478646956795,0.0015299390592722506,0.0010314926679237146,0.0005033059321532921,-0.001549705142208758,-0.0010469403058539176,-0.0008249482818653573,-0.0007299343779215388,-0.0006930015398965853,1.5384173176105616,0.18314695640066828,1.3,-0.003484375655847861,-0.0009522390269177606,-0.000989033277084657,-0.0001684565940659983,-0.0009813996531570551,-0.0002916355387611852,0.00033194213991226184,0.0005976005487289719,-0.0002971490346216973,0.000350739179622348,0.000909874504728175,-0.000362092080626289,0.00024667635718442313,0.0011951158971277894,0.00014802023054178996,0.00015708068910123146,-0.00046910934032606415,-0.00048242370897718116,-0.0004021795538016186,-0.0003574493269117735,-0.00033825985094456713,0.0005666138972627449,0.011819765417266509,0.2,-393.5231518020733,-0.6545302947275431,1.057065677050744,0.010367562467848757,-0.5027770087065733,0.257945122333723,0.10387249549068044,-0.9924135275867608,-0.6872864287747049,0.01513910096827864,0.26085187393194964,-1.0788124600345077,0.23157530467893214,-1.3984262462230284,-0.2715285323018133,-0.26870601100396563,0.04521861790824211,-0.03917905403715238,-0.05807700848142616,-0.06534789205779212,-0.0680763815572385,3.792773153988642e-05,0.00016552539537516406,0.0,2061.947269062478,-0.3041131124023764,-0.6239895379938787,-0.6372262095471797,-0.06349182761397287,0.003707716283770424,-0.9417049251120062,0.27717902910404746,0.9372317365975676,1.2064296453205827,-1.547052707858512,-0.5992247146574172,0.7401311558481183,1.1683547186138339,0.5564610889974517,-0.8478730680745414,-0.20638950304456927,-0.05085562099617391,-0.01819906997252474,-0.0055598438601016644,-0.0007815029736324419,0.0007585259693999322,0.0032302115020919624,0.0,415.3567153600141,-1.8786320418639375,-0.9387716350276634,1.1296533110249314,-0.17774441747163294,0.1318306903616957,1.40263609943403,-0.2483620255289445,0.08884060283494577,0.8230619613388335,0.08831848050251168,0.2912146229674146,1.1973385857328802,0.2894727009426319,-0.1155918212559488,-0.34039875826479715,-0.2491141842449327,-0.19488980577792248,-0.17141066606936214,-0.15801948301263735,-0.15199956061446662,4
2022-06-08 16:36:05.975446500,0.0026478402444815377,-0.0008961445238939534,-0.0015188308026880127,0.00024716290843482085,0.0013316410016805708,0.0006290880233353463,0,0,0,1,0,72.968,-9.53467428457344,50.491510464868824,10.052235593205737,2646.697987513243,0.16299471489529554,-0.39605481320299707,-0.23688982260704786,-0.250590210449712,-0.006673175599027839,-0.019917612969292803,0.039177212050679366,1.969764083790436,0.16283611326481806,-0.21534280635142594,-0.25960743179433193,0.0006411439340295121,-0.06998214750817168,26.59069583333336,-1.099666884815612,40.014643508272854,-2.814871076568741,212.9536937955172,-0.20200019878104294,-0.0063757142091894784,-0.0972386907856724,-0.036782146504092346,0.016809215029629444,0.07213343172683585,-0.025788923171972487,3.967761612332968,5.2423084051297835,2.3002107918952395,0.8922797789923701,0.8351296661995155,1.0337688780020868,39.022841194704476,16.93240568631028,11.779320108021855,14.613003446684434,810.5815236305666,0.14834349032871644,0.21078436635236786,0.14909110841239726,0.107151178292246,0.19713790044973808,0.1852376540436653,0.0737958831852557,0,0,0,1,0,0,0,0,0,0,1,1,0,0,1.840106208653437,1.3968468954985709,1.4,0.018704973921970645,-0.025434527446178832,-0.002238944204154482,-0.023407148861483845,-0.00031188077773277624,0.002997566410083309,0.012017799765966257,-0.00187937345313672,-0.014069760444577795,0.018567280249633736,-0.009306879278517196,0.04183295419019396,-0.017324628372836232,-0.041946980886491785,0.08275482182137962,-0.06798857995696456,0.0018294727361160934,-0.009488445536722087,-0.009129432230574748,-0.008737981193381136,-0.008542822894026914,2.1719602530604654,0.6392112758159446,1.1,0.009600954268414516,-0.025001667138102555,-0.0103033168526426,-0.0047237766257728474,-0.008398561857469384,-0.005965452132174664,-0.006318944901470195,0.028282107386547094,0.007072520029578913,-0.01880854787639131,0.006615759850351544,0.03070554935969604,-0.026034736786738243,-0.015658788830912113,0.008499566886572966,-0.003590872335876189,-0.00043986282937305343,-0.001716964664384933,-0.0018888931376569132,-0.0019198748022467254,-0.0019233379154197199,2.2952867507128327,0.5137525598326096,0.2,0.006473257214749856,0.016010856831849694,0.017422835116497146,0.003963904940071473,-0.011661358813283802,-0.004798765755520535,-0.001317882321816597,0.004396478941763328,-0.000582927775410089,-0.0007045699867739915,0.008651468491608602,-0.010876375254001038,0.017416714169032878,-0.0041930773920568,-0.003884669109045768,-0.01173675520300353,0.003888569491372743,0.004081300438831802,0.0035960669395508006,0.0033434820111684803,0.003237546998750643,2.055113173733961,0.6262335869960581,0.1,-0.006023610737092203,0.004083128587856173,0.0022229206924632896,0.0033178070725985932,0.00319108206013588,0.00010185947382755036,0.0010246380559457175,-0.0003923844233048092,0.001540401793423009,-7.663206161871448e-05,-0.0003045282343191664,0.0016776906964368675,0.001111538864578298,0.001025867120995034,0.0017200839715566314,0.0019137497419805364,-0.001439545176787978,-0.0010221784748201334,-0.0005803825173098243,-0.0003759037979523351,-0.00029364283483810706,1.9278261702010648,2.0600388397319858,0.0,0.005775837506736188,-0.0024075780490083807,-0.0005877183056076823,-0.0032947898495616344,-2.444587020110573e-05,0.0006210952330410737,-0.000277076742803838,0.001225272999740407,-0.0001575038287593173,0.00032973235022287404,0.002627389388795855,0.00018277196346572837,-0.00016877134166449562,-0.00024959553647657337,-0.0007206303809856098,-0.0027630735974506137,-0.004563160130685604,-0.0019203873706462816,-0.00113307619617641,-0.0008426232707122137,-0.0007357266597851548,2.0394756388658317,1.5521322965463342,1.4,-0.002466300649202413,2.4644030546647558e-05,0.0008272921984363268,1.4277372328655902e-05,-0.00011419200111850151,0.0005569279063858697,-0.00024725397929237583,0.0007327950339536056,-0.0005474152216828077,0.0005978857269051454,0.0004566366230821835,-0.00022620508219838847,0.0004942599601034533,0.00013003142448807437,0.0017381933484731337,-0.00023081400373984362,-0.0026382451719191946,-0.0015272894168597835,-0.0010298724184109704,-0.0008217398911823036,-0.000740909542323667,0.0003542389662007105,-0.0017693504942977152,1.2,-393.5242500014891,0.2508468076347157,-0.7487361361256077,0.1899114794813528,-0.7205837041387007,-0.3462393002915647,0.12269838102776374,0.0280405162702202,-0.524873871249401,0.4124526171575536,-0.03435824882326877,-0.6468102633689607,1.0639165415652911,0.5024223617657899,0.3894089298147332,-0.5151554967975258,0.0853799142569418,0.023545454196632683,0.012367523978235262,0.007678447393656641,0.005813542248860547,3.961286922411466e-05,-0.0003949266626664661,0.0,2062.8148007643467,0.6148168756916448,0.06962891928279191,-1.0771319899399143,-0.4357930623270931,0.33607745602643035,0.5009122905684507,0.5257495500544138,1.0339104780281474,-1.5612258305884483,1.162941433830646,-0.5266097792471882,1.1874635542495895,-0.32398040962183217,0.5133543815093661,-0.9563101538755774,-0.2845170157951173,-0.18092701006310816,-0.14529398102452262,-0.130803544764877,-0.12507464032282026,0.0005600887245928164,0.0058353468340006645,0.0,415.7091380290835,-0.002982883840154216,0.7771859840551941,0.2747289007981095,-0.9394622413012144,-0.011999031319540164,-1.1697670617060076,-0.3117885265829834,-1.3220392008773096,0.07651332353877828,0.6637596774010834,0.5601834251232543,-0.5461260710997973,-0.23408271093790844,0.8779927209334257,0.5422146482163352,0.3198197072727336,0.2700270405942771,0.22208579217955027,0.19733130495672133,0.18658491792448206,4
2022-06-08 16:36:08.725446500,0.007260242518485805,0.0022147598081649167,-0.0036966907823772046,0.0026513952555924205,0.0015548949858212179,0.001855280002513788,0,0,0,1,0,73.47399999999998,-9.729597781325767,50.28295167048282,9.877953863526171,4178.208539430241,0.4294224552672858,-0.5471153395732302,-0.37392860336161454,-0.3653123358606496,-0.007191885426031329,-0.02527457521841097,0.03175887021030613,1.8487660325320847,0.018380718952634042,-0.19499710494036068,-0.2493660646363769,0.030914754143320882,-0.07730467776922254,28.25921250000004,-2.055020961393057,40.47531026955826,-2.4404810536353296,288.33530580518743,-0.19048498655758075,-0.020282293898227933,-0.09561897879556193,-0.047746174797778464,0.01889763546239876,0.0674456652050153,-0.0215263669167085,3.9450315866207255,5.157036901592579,2.29801012716737,0.8926015468285731,0.8101937330342261,1.0321099633717148,39.405801888377646,16.191638538727073,11.781361578233357,14.730939501142172,943.332404576536,0.1665501868118962,0.2206019584112649,0.14715399664786605,0.10934311927971216,0.1963869166583508,0.18496895256263926,0.0718376135418097,0,0,0,1,0,0,0,0,0,0,1,1,0,0,2.296537246824601,-17.064232016083313,1.2,0.05338536624930805,-0.000182601641803397,-0.008035501292089997,-0.007700415314560805,0.010093772773712595,0.016355647253975567,0.0007633610733607383,-0.005236234815616985,0.005905860832402769,-0.003640038623810621,0.023570081355403796,0.04717795555427444,0.06136499224447271,0.03539381613330025,-0.027404634562205845,-0.06396393123669537,-0.03699471582627492,-0.02940545163011628,-0.023182210342679574,-0.02010157916227557,-0.01882121055977704,2.0372873091509383,0.1608810276380108,0.0,0.04805050890520685,0.0014742771101588046,0.001532494455167242,0.004616196116141807,0.0039774996701487575,0.005706357212390254,0.01153649220944853,0.023490448367976983,0.016871698834690863,0.025870750148756942,0.024158140658035596,0.017388802668051533,-0.0021930021952756033,0.010017971358459823,-0.015105101245906959,-0.0044778055272900776,-0.004858976827848272,-0.009272378135765723,-0.008771511887703077,-0.008193518208041881,-0.007902200838555824,2.590554232115488,0.4784048801938306,1.6,-0.00810645259656841,-0.0038440941692320244,0.005461320375566795,0.005563862167152597,-0.002784616425097498,-0.008254999788400285,-0.009196783774151502,-0.00623401012626748,-0.002537688119897779,-0.0054131548113081395,-0.003729595561371285,-0.016111541216242038,-0.007377864716528025,-0.002081891002525191,-0.010813909251306335,-0.010794124515126293,0.013195919919665358,0.007924857868704012,0.005245430030470404,0.004080798455983127,0.00362182350650272,2.156757336057666,9.26225746481602,0.2,-0.008228695569560462,0.003110330115390227,0.0032001951468151714,0.0025976085356499,0.002989942362928776,0.0013469202423142769,0.0017778379218887164,0.00022553322072095606,0.001140055528404835,0.002773115690312593,0.0016024634351059922,0.002190620726438712,0.00238241500793575,0.0026425723071150232,0.0009791768999978109,-0.0046376329805088035,-0.009580060935535449,-0.003951157251239882,-0.0020530711379538377,-0.0013300758855744328,-0.0010605550298828448,1.6688172712295108,-1.7431948214954012,0.0,0.00908486594771785,0.0008781994968458035,-0.0002639806633586778,0.0004111195332107542,0.0013339966426158805,0.0023986059423691678,0.002362762397488125,0.0027389832423089593,0.0020654489397082744,0.0009529178064767713,-0.00013503870939562702,-0.0002450015243386395,-0.0009628425083516777,-0.0018971618048887226,-0.005371016529350725,-0.014664448901171488,-0.004407759472907128,0.0022730428239683426,0.0031186659193639878,0.0032380483253912572,0.0032477216545931005,1.6041347899333074,5.2405665537600346,0.7,-0.0014792771857458555,0.0016820362828926724,0.0009389689113439336,0.0011934969982246558,0.0012808209377150282,0.0009243755441816561,0.0019239485503952688,0.0019917760035492067,0.001102265773214744,0.0005808150080152841,0.0003057019882356702,0.0007434021684701658,0.0015328620153358648,0.0010525721764778765,-0.00041198127443337095,-0.006975714417814004,-0.007147617657720484,-0.0019018684347308157,-0.0005359338767704539,-7.088906997578767e-05,9.3123092836407e-05,0.00046451343178874034,0.0030208305982036107,0.7,-393.8130408697866,0.323231603147633,0.23682529598219304,0.08530411092968393,-0.959755599637866,-0.4007868403887649,-0.9040747970816624,0.6675110677108975,-0.19546978199321074,-1.1331090219268471,-0.6713928380735581,-0.29814157760563204,0.3048495479170317,0.5516392442162754,0.4199105217706833,-0.5820636149710818,0.09085058115995183,0.0883038237161049,0.0798188870297345,0.07669489751167191,0.07550206626428002,1.0728813488913812e-05,0.0006974820971977603,0.0,2063.561990062635,-0.2584655289882676,-0.059029506906171036,0.15580474451795112,0.3079348341509558,0.29694851426646096,-0.17103596527472575,-0.3999087620195496,-0.5083921358800723,0.8443954026045049,0.18892489158201187,-0.4274420903516969,0.2166264454487816,0.4906588745635929,0.5984780470574691,-0.5227519345462639,0.10327974244212612,0.06668370150116942,0.04739217915689409,0.04080089456618552,0.03844105574446921,0.0009475087382077123,-0.0041350440115098825,0.0,415.4260700386149,1.3282900518066183,-0.6385974431787957,-0.3725125291679561,-1.1507222045739027,-0.5692554654898032,0.22003806854393915,0.9928367673753976,-0.2045988076248797,-0.96096120225873,-1.6911185294126982,0.4741429429361173,-0.9432074551759868,-0.23845164073834546,-1.3325094982059549,0.479521771287164,0.5367578334140397,0.37109810378056096,0.3080741571734453,0.2782460537227518,0.2659058034241566,4
2022-06-08 16:36:11.475446500,0.028513316898337457,0.011538189726690882,-0.012645149533498866,0.0046431898354120345,-0.00586310462110328,0.0010458219287816275,0,0,0,1,0,72.968,-9.595640959251996,50.1129909904226,10.13007976298172,3152.469530355158,0.2523868749229256,-0.4462722301099885,-0.2813234417969752,-0.2858052083147002,-0.007191465649788095,-0.02041450468146269,0.03620550961296568,1.7523999442166298,-0.1339984566207861,-0.18468825800174868,-0.24323753812054705,0.05951692468356255,-0.08530775406995228,29.925758333333388,-2.9997739806567214,40.92689438973832,-2.0688281078573247,367.03469690646864,-0.17837706748023838,-0.034423785028882534,-0.0946276891143558,-0.058690325192187975,0.021573239968483458,0.06390471021033177,-0.017623235566648347,3.9373184494504274,5.055843137280712,2.2977713350575377,0.8933436052770455,0.7861557685440903,1.0301178079825173,39.712764330871615,15.381264138411451,11.772063659813256,14.839138698061532,1062.402496045824,0.18349113670346215,0.22980720952275074,0.14612039021391993,0.11143092930507634,0.19521169206840436,0.1851740928172021,0.07016226256292195,0,0,0,1,0,0,0,0,0,0,1,1,0,0,1.6836627681171092,4.785596615887775,0.0,0.05218069763349506,0.004158566214331081,0.01421080010577357,0.011611393111353722,0.014563187500528412,-0.002232283146121037,0.011135659422035048,-0.0021808587067116813,0.02461651891503867,0.01836591900661502,0.010815672494600791,0.015579313260517003,0.007420886934758148,0.0191193898530616,-0.0011687569927105311,-0.07173059835122181,-0.10826842828136816,-0.04146237740743658,-0.02069677594755437,-0.012921268083965235,-0.010048284038196464,2.2657693045487566,-4.068118852613671,0.0,0.043734385778635684,0.0010075487078207764,0.009829763288748058,0.00908265956293164,0.010994319745483254,0.010680611627445498,0.009177043747852616,0.009045873682826031,0.009256308262591394,-0.0035282208738862983,0.009575813376195721,0.00473346280457759,-0.0011903832658100965,-0.0008760437635527999,0.0338963233031653,0.014734315779574987,-0.035924904521244964,-0.032473508141319135,-0.025809838154795952,-0.022480256224018752,-0.02109669327440523,2.10987749141808,-3.271385620692965,1.6,-0.0094300083548733,-0.0006377548129062853,-0.012193756318249642,0.008455643696416966,-0.004878469213727985,-0.014218674983082056,-0.0063301307662925145,-0.019872554260266427,-0.01059522971504371,-0.008445689031553604,-0.01624413346716229,-0.01237997441633576,-0.014088027969389344,0.0010739222374836026,0.006400154707140063,0.027974337375855824,0.04260126742940998,0.013422176217924714,0.005103588907245162,0.0021283169238637076,0.0010490963788820737,1.3735033446045848,5.363725934994213,2.0,-0.0030295778743955736,0.005494243989520354,0.003068294065334393,0.004054052644617103,0.004284510244456572,0.00409114502514526,0.002848620487289464,0.003342523636370391,0.002924491438028313,0.0022740760545102057,0.0032158285710369426,0.0013471008299331731,0.001123670736903224,-0.0025814312360564733,-0.009331802947611573,-0.03423922254090904,-0.015619374524712222,0.002437251880856527,0.005453197378327086,0.00618122892529125,0.006381074033572751,2.135066882369657,6.464008581986692,1.7,0.007327663449282075,-0.000669523979997185,-0.0007691309120398421,-0.001347079731155972,-0.0013884472780281575,-0.0013142553129845233,-0.001873070488927337,-0.001900965433109845,-0.00271503357399921,-0.0036311412040881843,-0.004789290472955936,-0.006392113055072822,-0.00965371608461144,-0.014241655587384904,-0.024337433347775463,-0.03597819143750392,0.02578324886010561,0.027187435676963464,0.0222545222683612,0.019583188240705568,0.01844765781569012,1.4489863284359812,4.380006958664793,1.8,0.00025660838638512633,0.00276797066395721,0.002142038027573766,0.0022734783963410357,0.002665398543429897,0.0021077213290845173,0.0009706942860621623,0.001401825836948995,0.0007152157621489441,0.00047105657291464403,0.00029167627803669034,-0.0008617274314174946,-0.002111246390901666,-0.005501723834784075,-0.012972205627497329,-0.02964264429672526,-0.001834523169213731,0.009002952646021625,0.00935794090996562,0.009019999697612134,0.008811904567712778,0.000294516271035859,0.0028820186088024447,0.9,-394.1780266067475,-0.3092687821929303,0.4860764106063087,0.1377981149867793,-0.9528786220159516,0.3028909494380798,0.28721763010700485,-0.1386191824734695,-0.5381242799239772,0.87357475869646,0.09589158997148496,0.2782787597727729,0.21155305047292927,-0.1951675279107654,0.3861456837772277,-0.5308594773728963,-0.11178444457799586,-0.1923596284955238,-0.1948625610156478,-0.19019676050579196,-0.18741031129255806,3.6732482123387423e-05,-0.0022343418110294787,0.0,2063.4152672659457,-1.70836371095794,-1.4980423138717072,-0.2386038807143507,0.27452275174820784,-0.612806805232708,0.17004238732658905,-0.7053430613759843,-1.4017599285171232,0.23954919696534915,-1.1190551542615452,0.2405464078557884,-0.2379719334136041,0.17189107976173545,-0.03937922047360587,-0.011526440336268706,0.12983930612553962,-0.19708128800913016,-0.2459960136902879,-0.2552243172258457,-0.2569574357755107,0.0004943674946153088,0.004475949716755537,0.0,415.02291469916787,-0.4052905624579708,0.6242171981469369,0.2054144701331566,-0.17923020849558213,0.811257770163607,-0.10993543436434904,0.4820101347346864,0.2264794697390933,0.83946183442308,-0.2719293077746041,-0.4236959545351251,-0.0642649522396006,0.3082549276973623,-1.7250351496868124,0.4435461630134405,0.7300678813413235,0.3036996519962134,0.16073654189428055,0.10538790228796023,0.08467814581271016,4
2022-06-08 16:36:14.225446500,0.05888461912253855,0.04645227985836413,-0.014606734626849466,-0.008126470991327867,-0.050510575455251235,-0.019375764307658846,0,0,0,1,0,72.495,-9.348500977652924,50.43216447927961,9.62259297398708,1707.4259580817843,0.0014218356679247686,-0.2981604369457875,-0.15423220240517002,-0.18118941104672412,-0.005014275718766964,-0.014833020632859628,0.03934776780823865,1.6807297385532118,-0.2942924961196313,-0.18441339996982944,-0.2412383768233293,0.0864112362116922,-0.0940125229449933,31.5916739583334,-3.9317463361823237,41.36887803024175,-1.7001295771421123,444.50541265931815,-0.16646150634457801,-0.04833799994971821,-0.09387030521433884,-0.06926371518393984,0.024836139537107,0.061527104388674,-0.014060055193377555,3.939759649373957,4.9364117360852235,2.2977152057317736,0.8937572068528592,0.7631367810612821,1.0277549591559312,39.94707175881489,14.490526433038747,11.751894911388108,14.937900693355296,1157.7702635281155,0.19721566479376335,0.2375036452353591,0.14528256331427247,0.1125598795735774,0.1935018233075929,0.1855934094042688,0.06878955669731135,0,0,0,1,0,0,0,0,0,0,1,1,0,0,1.5227600138233874,-6.818988992784228,0.0,0.08745016941058234,0.05702293600266641,0.049557606916921314,0.05299588537890747,0.04922887094605757,0.05695697970175015,0.04668477231758052,0.018864704036923897,0.046996079769064836,0.0422777393678771,0.03654837092912098,0.032065549145549405,0.01295177585002683,-0.03912964584988463,-0.12428852007208692,-0.4057452835532352,-0.1926506261893563,0.019363167587013744,0.061613479070747636,0.07416457321184836,0.07818341159299495,2.1913113077990616,-6.252194756698271,1.4,0.059157610409557186,0.03153976104161039,0.02296855425444221,0.02396015070628476,0.020778375253815887,0.008589121657895046,0.02453906486411224,0.03022736564229305,0.025551849486753497,0.03719600610292016,0.04477260129590165,0.045032606189544515,0.03894022355292854,0.05340785299017037,0.06000807115874066,-0.049584100219686685,-0.17469808494320713,-0.09287293358743308,-0.06032336583562205,-0.046806064747525,-0.04152332689122453,1.5366939291442925,-8.928605626133269,1.5,-0.01163351726864851,-0.014443996320831202,-0.01261605224767994,-0.009974442408670016,-0.013684069757238732,-0.015838530594186485,-0.022895901345395788,-0.02792891694318211,-0.009825459363017992,-0.0075400379724424186,-0.005736457524688782,0.003865791083671122,0.020943995636425763,0.02002953341854708,0.07527455403863917,0.17061605148391598,0.034631440032335384,-0.038225236441695856,-0.046619506318504235,-0.047714614843266084,-0.047748089506342906,1.924955827502478,-14.52048304155285,1.7,-0.0019339528804379101,0.0009548975528582996,0.003842824826147218,0.002884421029989273,0.00215387748362023,0.0010950560855278748,0.0005990677266720902,-0.0006683933892997367,-0.002825382569457074,-0.00452872742706736,-0.008634899617022055,-0.014851183350499531,-0.021978754008062183,-0.03646750213729262,-0.0659760744895197,-0.10720198879899044,0.03874267972809327,0.0581820337485367,0.0530296900703716,0.04948085792010468,0.04784626975932585,2.1133349972073106,-30.25395746330488,1.6,-0.016554824017979676,-0.025474454033731792,-0.025562180855163142,-0.025803201618720812,-0.02602168866253659,-0.02707537744238093,-0.027682925013325768,-0.028807921204724574,-0.03006043712542857,-0.03192278624748494,-0.034755195694302674,-0.03859837454041717,-0.043633338791064784,-0.051419393829017,-0.05735981671837528,0.009716189290757802,0.17363186106477765,0.10593688326068286,0.07390401634689406,0.0596784620812676,0.053943745482670905,2.2518300259010284,-21.582598938963915,1.6,-0.006806319208052301,-0.006584512749549512,-0.006308984232398274,-0.007012342746558899,-0.006771695174118624,-0.008236474990636563,-0.007432529446898345,-0.008935060704653134,-0.010468315978105807,-0.01168265015389433,-0.014586421989543191,-0.018244173222216557,-0.024189883395463387,-0.033257960667653984,-0.05114803974363878,-0.054778465535525116,0.07340114308541414,0.06309479819633124,0.049474826011404,0.042650677437339114,0.0397956367268353,0.0005712189014814062,0.012488621665656984,1.4,-393.3128032448769,0.7998960717008501,-0.40214327165047337,0.5296144024083631,-0.7600130751987173,-0.32970234021338385,0.5955254267483561,0.13143761342371008,0.333756799197813,-0.7410690038898711,-0.5078814093073465,-0.0645165701361492,-0.4390244260778165,0.4996912415975015,0.8595068896208851,0.2308854050072249,-0.6172510176779529,-0.7379905666173077,-0.6590376510472797,-0.6123816123360211,-0.5917348683531753,6.497917601162273e-05,-0.0009277610127211203,0.0,2063.3983620800286,0.2253566069485657,2.0383599200452243,-0.7430180924366994,0.09570966124402958,-0.15447190451095594,-0.42458925079132825,0.17528172768844286,-0.002855900468858863,-0.847710324870576,0.5468402192597139,0.8366157199037616,0.061697983348786074,0.3902719255999188,1.5212543794055617,2.0162544607133697,-0.6314564311053843,-1.118977271365381,-1.02434616518412,-0.9496512407315764,-0.9141609211001818,0.0017599836242142481,0.01410132322730365,0.0,415.8044812052308,-0.6433925441819711,-1.1845781089060026,-0.8660561924455479,-0.4073848722626536,-0.7472039380746089,0.2388866504798095,-0.08909425057889564,0.021251756215683315,-1.102382291922007,1.8988052783443248,-1.0821992389053303,0.455409471312346,-0.9726677633901382,2.030765467180025,2.857779872001707,1.5169190861452275,0.11233575473229608,-0.23357262587578376,-0.3502953576283758,-0.39101126822130894,4
2022-06-08 16:36:16.975446500,-1.949514161802728,-1.1130556326428926,-0.3131987857094049,-0.2635927654472573,0.0975206118713333,-1.3289022008160691,0,0,0,1,0,641.993,-16.949646729833837,-1.2251631162006331,-34.171681276140745,0.0009890951667450734,0.19552524510872601,0.4851019649488787,0.20243784772968684,0.007288832375288058,0.17766829598334016,-0.14145988822636105,0.2104602824610672,1.6369116271533382,-0.4860269765899732,-0.1923017613979323,-0.2418123549525133,0.11014612639251264,-0.1223551633685942,35.020746875000064,-4.888459656896921,41.424287890667635,-1.672591374098231,476.6416853101858,-0.15934686816328178,-0.05345961158848367,-0.08847570223544292,-0.07581180823724924,0.030525590602125268,0.060103575765229275,-0.010652827085213708,3.955901695109573,4.7992472166886255,2.2969240682045275,0.8950744416500828,0.7437911807021242,1.0487219734530913,50.487810620440925,13.525845103620545,12.105372475207586,15.226395304567655,1188.651568775176,0.2026748794516329,0.24232961065974315,0.14374646033136754,0.10993674300408364,0.19192990081105565,0.18664078416462596,0.06852100450030764,0,0,0,1,0,0,0,0,0,0,1,1,0,0,2.2783403938788096,17.71108461838253,1.0,1.6583901242550274,0.5187977373623106,-2.330795440133035,-5.611536080146549,-7.807753517789433,-7.798718446910017,-5.397802426979909,-1.3353294472219968,3.123289145583892,6.522371317184853,7.993443710103834,7.372161551442355,5.144814528220911,2.243349612306732,-0.4560832176619571,-2.1838929404472056,-0.6731093971694653,-0.174667557885906,-0.03563230943373196,0.02707823951570624,0.05264183121237381,1.6909943369194695,-2.306349950911496,0.5,-11.196840565664816,-9.70859852189058,-5.797858461491484,-1.0644305181504343,2.7658203134316497,4.6848129514822165,4.602247307426456,3.3721968224327004,1.9772264065672,1.0994188383451675,0.8198414873748691,0.9279848924514776,1.0025221446289634,0.896625050970488,0.5519543809887156,-0.20233159015169125,-0.3128929817569057,-0.06690219738857074,-0.0009255415724367257,0.026830494190110958,0.038019594850169716,2.173492325363436,5.56770349745686,0.8,0.8857854345722914,0.3614132369312525,-0.8109815986374416,-1.8830858627466736,-2.101278175538211,-1.2925656136891202,0.12005552823266225,1.3401186163091776,1.8084255207924664,1.3711171562524094,0.4834736275949025,-0.2807360396923881,-0.5225156034137373,-0.2200627427852252,0.3580641849099109,0.7677716829130943,0.07196300993006723,-0.0015905792050991893,-0.0005566109459178846,0.0006263117637452207,0.0012501695310399262,2.3359331602724915,4.770284271014873,1.1,0.7410444154602379,0.5711749318342851,0.10305875419680724,-0.5241343686574654,-1.1162035073179932,-1.4664909374542965,-1.4265292852326594,-0.9615278567341348,-0.1795167328663084,0.6843349555854515,1.3425083264786557,1.5648191454988098,1.280981443611541,0.6187221878559754,-0.11467889838547098,-0.413273348926301,-0.006934337405452432,-0.060679448975218216,-0.08762057403622517,-0.10047740513783453,-0.10604960706831232,2.355843077517937,0.2979561083085707,0.8,-0.7591352121757814,-0.7837095952869924,-0.7906065016311264,-0.69207269946603,-0.38577950651231735,0.16292162366894433,0.8665294377913075,1.5102736156184091,1.828973884286604,1.6270974468822057,0.9052815563357413,-0.1073182489259847,-1.025184860535174,-1.480179440279815,-1.2761651268180936,-0.32061243633396763,0.1782347508225429,0.05421479732882455,0.03157847801102679,0.024562585253724283,0.022187476832644444,2.0047706063964488,-3.18939413737686,0.7,-9.113047076821397,-8.411500050905461,-6.430996333785304,-3.5473848050603505,-0.33080817832237297,2.559144643187825,4.539189386069772,5.2870040924226815,4.834367646120074,3.548342212626332,1.9717265264822872,0.6025301464876883,-0.2685736497938225,-0.6052558673368541,-0.5415991902131047,-0.1191775131425022,0.3552934435482908,0.2955664723925007,0.27264483464902384,0.2629928676021323,0.2590544434673253,0.038357972851472265,-0.14980118723132005,1.4,-410.0921429092366,-15.960174589137663,-11.833415612958524,-7.301216175141248,-4.004997682139654,-0.3447206971618044,0.5685728215943868,1.8313688244937367,-0.1481259794913541,-2.5025665186223893,-1.276555227750748,1.2930679594284429,4.865652571788113,7.755897405822977,9.545105171030137,8.042404667993049,3.0211961538030927,3.054395188051417,3.098645095317446,3.1076671380190266,3.108945468657473,0.11666855708241992,0.2453421961726999,0.0,1880.1619045722196,-164.04740676312068,-122.04227427713509,-60.6202438965351,-5.113589780882876,34.6131647853949,50.562631294045865,46.32751950240258,30.14141876534852,13.021391372085409,3.1739419259577986,5.19167726816508,15.534667590077147,29.987218497054467,40.13471381209167,40.53934903400212,28.09904975631649,27.344574195051173,27.18519595256077,27.106421646197983,27.074721715776292,1.588321769371106,1.2588205130589651,0.0,253.53128471535808,-149.6496679299826,-111.22419117286137,-59.809397183377115,-4.9598194091632735,36.48129710372879,57.387547598935775,57.995218976337135,42.579785368755005,20.68127369099008,-0.9750335558684516,-10.952799627438312,-7.248681380941236,7.2809064779874815,25.24461060406071,38.96552063944736,31.393165674279718,28.31810281356915,27.51718511634345,27.16310381531517,27.01888420349371,3
2022-06-08 16:36:19.725446500,0.9014517701321819,-0.5506536947555126,-0.6786975731210044,0.07596716624664976,0.2559850106703465,0.4056139675883557,0,0,0,1,0,1048.005,-13.205466496553994,-12.119798669464526,-32.563163137515865,0.0014468448373719475,0.3399022864165809,0.6006973498080861,0.2385802143873103,0.1171289753152146,0.05043600337257274,0.011973745432637134,0.4611114527989975,1.6076569899098943,-0.6754660798228399,-0.2090668306403483,-0.24652325248435175,0.13508315680331293,-0.12587702002041026,57.27121197916674,-5.978414815571908,40.49820903975965,-2.39672080616866,476.64237176428185,-0.14676043208181822,-0.042598575185824314,-0.07541706602180956,-0.07793917426100093,0.036213903929108164,0.059499756405968926,0.0007413772069545059,3.9656553789155446,4.6329463086305775,2.2922505639629702,0.8938639544299438,0.7240949176366441,1.0477212519855952,149.19911708727483,12.544623817529573,14.194179846111238,16.131839479457444,1188.6512929669361,0.21464245793772785,0.2603200291179013,0.1491628604583525,0.10682059696790093,0.18868623463247253,0.18695734236651332,0.09195498542877592,0,0,0,1,0,0,0,0,0,0,1,1,0,0,2.3193463166959374,6.674350949035356,0.8,-1.62243251020943,-4.300430598210385,4.387440258676768,2.8869919892536005,-5.456929264378271,9.066845936607184,0.2596113500429758,-6.822773176629102,10.348283369921765,-0.9482645567516321,-5.437225181883179,6.279559943193713,-3.4629415865727857,-2.279184007795159,4.269497975981542,-3.165805529911056,-1.0913557013586763,-1.0491822684948464,-0.9964656455783824,-0.9647876927310286,-0.9503959660644994,1.282264325916306,-0.7072285729929837,0.4,-17.53824560124485,2.8495465542100216,4.656634695724564,-7.949815456898482,5.2192293720738645,1.8382044497119536,-1.740933974659682,4.0927369852271935,-0.9246389781159297,-3.234608482918726,-0.4688055520785997,1.4621073866368082,0.17400475682464828,-0.7325618492405432,1.3843924393541025,0.07569276567989754,0.2604736244639552,0.4376454939008946,0.4516333032656522,0.4552957028103956,0.4562163547381624,2.3808733152649433,4.2516751340957,0.0,2.3346608162326272,-0.3209478706711505,0.3743117175056621,-1.7337582056378935,-2.7971838806916116,1.9384142095789547,-1.911412748643188,-1.0011359236526116,0.7104848067313709,-1.5581767480148252,0.9450367361603628,-0.3321286044187836,-0.8889548358147584,0.03845895404933339,0.2925586320133441,2.039452569730561,0.6171495196959217,0.6672720435310597,0.6333163949347294,0.6099967894481473,0.5989849197591298,2.171949230752558,-1.2531646114070605,1.1,1.4723623045008725,-0.5534271553386753,-0.2883184890197014,1.2657775802919202,-0.3635385555395298,0.7407624927745985,0.28702568783795185,-1.3431985362876675,1.0770325796911633,-1.314147787262388,-2.41071857060642,2.5605990228806705,0.9428521444011492,-1.1460369035365137,-0.16602271418510148,-0.5871193634042414,0.14274859649313565,0.07376333003654917,0.08257898075189811,0.0875382581678983,0.08971526005720376,2.004656606897277,25.18851817869559,0.8,-0.12558551431784434,1.0256617934452896,1.6628161824933032,-0.06350098298455406,0.243721558790649,-0.005292562559477632,-2.8173727949970617,0.30688931634774885,2.0003614224479738,-1.1961502993937692,0.8144463259050203,-0.2170653611133062,-1.6281836830629135,1.769786522152665,-0.5400792324827447,-0.5907229697537815,-0.09769606522339966,-0.17398818504402866,-0.16167283022826212,-0.1544491117399871,-0.15115150786717488,2.090461970334626,1.2758750149611022,0.1,-5.97834735961001,6.277360949409737,5.001255526185883,-8.707147753187046,3.8632314145658975,4.951036630208793,-7.439695562073378,0.5209639590621891,1.9622517222342943,-3.755838793956096,1.5534023238825814,1.410555722759169,-1.1090210993270475,0.6767947228436645,-0.5729039580721271,-0.7713878774468966,-0.058583453053364876,-0.1991758913804809,-0.21877021745993575,-0.2253319508593849,-0.2276147474867571,0.10023667409155952,-0.10844301541568978,0.2,-495.6525051150309,-43.16066409723379,20.2119276907452,16.39039325052953,17.980794235060056,16.073264026740468,-1.3453465019710045,-6.701310662110636,-1.784715642306255,14.81790030078439,7.590888183963997,2.7365930904440443,10.126418435437259,-3.4613276395188084,-0.049968996218368034,6.457028031846647,-2.181877862070186,-0.8464678077868468,-0.3930381453091512,-0.16158796784259444,-0.06080987314658914,0.3759151745416058,0.3879788171011598,0.0,1230.1232314406068,-260.0952316703204,198.74832611541618,-14.326310894895014,2.8915054179988147,38.45579761787173,8.967033168989033,55.82902432884457,1.8051988191357964,22.93908365881369,52.83189411789145,17.360388095932482,45.389403004373435,20.98598828300525,19.557120002534358,51.05320515734196,31.680723209781817,32.297718890916826,31.972416688038077,31.77778919371849,31.688946979693505,1.5090977011394435,6.359974224312492,0.2,-269.0394899248848,-199.51172159609257,175.67855759871753,-28.18948158028815,18.479785416260114,55.07472803581775,-5.715607587869518,62.3589840189748,14.159099813508268,9.199612924676023,52.45384400626238,-12.567545375718517,29.291872740880407,47.03445081466118,-6.409259008451983,32.090593346196535,19.4312130023816,19.14518924128429,19.175013828737875,19.192869067533266,19.20122993122348,2
2022-06-08 16:36:22.475446500,-0.11920834000205174,-0.44486689739952734,-0.33062674197186515,-0.0929330786727348,0.03838943035779403,-0.6295539052849912,0,0,0,1,0,162.50650000000005,-31.92636248402009,-13.691150666716736,-10.48934334655709,0.005564478709511907,0.1366464068055658,0.174603981548079,0.3541443232743326,0.11321176795927765,0.10285126744164763,0.02010811552350829,-0.041086399207897716,1.6199509572293551,-0.8664987911413543,-0.2389032981287573,-0.2576441530432151,0.15635526420125856,-0.14038780170327686,69.06698385416672,-7.455912435436428,39.66598425749387,-2.511696124155905,476.6432675679808,-0.13758905130806967,-0.04034087742106211,-0.059944251983900076,-0.07914949064427758,0.04357050938062223,0.06166595800092895,0.0064526662497740046,3.961903353582144,4.437506494010765,2.2812128660580924,0.8884512367110371,0.7057148069174748,1.0444873005045086,169.13686218077862,12.282908969946822,15.67297999307761,16.39819361204739,1188.6509330431013,0.2195844088124025,0.2646507633582596,0.16196392105174373,0.10503692209505697,0.18452315211354844,0.18602479684615789,0.09727388710908018,0,0,0,1,0,0,0,0,0,0,1,1,0,0,2.1919186726790203,-1.1603517795162324,1.1,3.187293336699365,4.263483467176769,-9.227901441968324,3.68487273175088,-1.929368929652706,0.4116234395524556,6.281889038250178,-10.001898427692216,6.5300717601835085,-5.404401863993795,0.03612153488351055,8.189161895481012,-7.119974364842758,0.3080286280376622,2.246316231351183,-1.4593302438729072,0.4116052412811277,0.07554024346769206,0.061569916216562666,0.058952567242658176,0.058542964529790985,1.3488693858852259,-0.4150908331244327,0.1,-20.884693132892032,11.260920948106975,-2.8646242902362937,-4.840564942866902,7.256893090302253,-4.7247142629663,-0.9875481946140447,1.9227381737114788,-3.0881480894233864,5.317015872789481,-0.9325980046419238,0.3366152580437563,-0.7178200368873974,2.24550308219745,-0.1958786168315189,-0.6900889990061054,0.3124531467848062,0.17334460908452892,0.14385074650279225,0.12976415518979714,0.12366749118583788,2.479057836984444,2.101157715830908,0.6,2.2939687365456347,-1.3746051785047346,-0.2748254615173793,0.8096852746461918,-2.6970124219402134,-0.8001800727123625,2.733816076393815,-2.1516070405221903,0.4754134040769048,1.7738050121879032,-2.4918449232923843,-0.8759799105757969,1.9997317666507883,1.530209190353682,-2.0193137415552096,1.020165878783023,0.1092972934974395,0.3454772614051387,0.3721205122072952,0.3820668749077663,0.3856692881682683,2.1714199359701265,1.0990617745654518,1.3,1.1040471216085854,-1.1557800440945942,0.19837565321935602,0.9215644167640822,-0.3023025269410864,-0.10504601784366988,0.09476512810623627,-2.053886359894745,0.6583365669063075,0.9156274512271064,-0.7054297498226028,1.3593047267865102,-2.2055577406455487,1.6158744366523967,0.4028036582051082,-0.72860303202646,-0.02962095343736026,0.07371237452953322,0.104360480693289,0.11590691745588387,0.12016192254014472,2.060638701957364,22.695992670180527,0.3,-0.4512191189361381,0.8273240711934617,-0.28937939459744755,2.439372558050164,0.13236351793314471,-2.60221370788258,1.5190240077559254,-1.7308918209595028,0.432154636989914,0.28170680152261923,-1.4427949257220465,0.016588099305927417,0.5983336810710761,-1.6793873298033313,2.109789415819279,-0.09912619974589698,-0.1621474767280059,-0.012877214080029451,0.020804351744352856,0.03522650469432476,0.04094886080677418,2.0008771927216125,-1.4740060322540645,0.6,-7.791640253904372,3.636726355163412,-3.646765007941233,-1.6891852316129268,6.294387397694626,-9.87931674703134,6.8925624598940765,-2.2401413147497657,-0.4116823095087452,3.342835217182454,-3.1021299579451265,2.6069996042821373,-0.2376820569976235,-1.2733333800105473,1.0006606572394707,0.02874140684453585,0.5998813660961637,0.5192338865047219,0.4905345562284101,0.4735945912852925,0.4657206548255339,0.3713617839709116,-0.4299774597747528,0.4,-771.5093949888428,-118.2829633214138,-70.45916305862674,62.752773590967294,114.92058490664743,42.127266433614565,15.174213131054582,-20.48105098189501,16.197530221322744,34.05409605267869,45.91650504427445,12.063160894841438,-15.302411341163593,-0.034077792034736376,8.920117302599149,21.480176334438433,7.68720959119636,7.75361954349138,7.530468834355063,7.376542330819112,7.302851436242518,0.9392624613327216,0.4948750586546815,0.0,629.5113925067146,310.738051448545,-168.78371934609572,70.24898249834347,18.601200996254235,12.998783273277994,20.348685739554032,36.94575610433317,2.059970026143837,62.77373941579947,24.20626770102784,14.714192257985372,44.15902710182883,41.067078757038175,4.897832483033675,51.774659841852,34.411843213324104,34.40161778771249,34.03578161217648,33.841173107612335,33.75596169262096,0.965275311030996,-6.998895985109581,0.1,-498.03608931222925,469.17811772628113,-66.51940000160768,27.37809307071885,-45.917374263570444,-103.97888053239744,-5.328584608684637,43.00594386971872,-7.262230904346005,30.445715018417786,2.21503316901908,-19.275788945945315,49.195566782644775,-17.37058393321559,20.025446311127578,31.05709331836959,10.081042326737533,12.119370115727833,12.412644587474475,12.536153519083404,12.587447516915171,2
2022-06-08 16:36:25.225446500,0.11157084023019087,-0.01748325193009353,0.01400056447946224,0.042898747968755896,-0.15153158497707184,-0.42014202057951294,0,0,0,1,0,52.988,-2.2353423240506256,-20.79090847115931,-24.700530104987273,0.02452893183689124,0.13599583627208348,0.359110557268464,0.09390987072184023,0.19006006459560285,-0.0015849682349284337,0.006441214552827903,-0.11840436298332968,1.6440214632501076,-1.0527783434796123,-0.27867726380322283,-0.27024550651308155,0.17552613712914808,-0.15194251298808864,70.36474635416674,-8.063414087635763,38.29139810989013,-2.9443139441648167,476.6907166814813,-0.12843662187636345,-0.03428751216422602,-0.05177987469267088,-0.0760670110248248,0.048123430630190235,0.06460301108280739,0.005212436957681894,3.947723687533104,4.212037765449082,2.2619811501597926,0.8812236923840653,0.6884656610920025,1.0433424607837145,168.8188519702937,11.639178796671047,17.946212757429812,16.71080614642056,1188.6322836692707,0.2224211549151079,0.2700546986070275,0.16342311689020445,0.1095682119673688,0.1805140270459372,0.1843120046495549,0.09846288013776347,0,0,0,1,0,0,0,0,0,0,1,1,0,0,2.1171253854697833,6.003905922950543,0.2,1.870578750036684,-1.2290087907776268,11.492790771680585,-1.7635261377170297,0.9839470839709256,-8.763661067293093,-7.694587204124052,-5.9008838974224345,-1.955708473626045,10.542041272671009,5.600356301305387,8.319690975633018,-1.5833253846027933,-0.9208554055461132,-6.250318930311936,-1.4781783925590457,-0.6242021632265284,-0.4958535530355863,-0.4472169945745845,-0.4181440506182976,-0.40473061506161695,1.048583897874,-0.13381872801813866,0.4,-18.758715356786247,-2.990184978078134,-0.711116514002192,3.885480484271284,9.407038092789453,3.4586365852955026,0.8316397997832103,-2.1889164788266107,-0.062059537158781986,-2.9385997106818755,1.5858833533559218,-1.2762856141442784,0.6842673630845801,-1.759868051984324,-0.1800564216567162,-0.7656021852875663,0.5232305912686093,0.17368662717266992,0.10988733490267022,0.08511251763221428,0.07554807167508545,2.148892589811965,-0.0032882288131800943,1.2,2.085619940791556,0.7314206338838157,0.4192404588230956,2.5135295486682803,-1.0758645199955483,0.4750247416797509,-2.010202430158349,-3.2858333379882616,-0.5850733302074602,-0.7377441104700574,0.9757073031569998,-2.231269141283489,2.622420505982082,-0.3171583652100206,1.2197113650950062,0.14764586556215087,0.1300021328865214,0.07190980552851944,0.07205235844838087,0.06999933438038436,0.06881399383936745,2.2648560849932853,-1.1224587805934805,1.0,2.0291679691477484,1.0655004895999964,-1.0830524574482174,-0.7648456956406176,1.0845935585900126,-0.21818678467601368,-1.9408502234367948,-2.6404023584904834,1.3076983959586048,2.217990829784158,3.5936646182614065,-0.6728913347055031,-1.335709338251287,-0.3767407307685208,1.1839550810246626,-1.1160903520464798,-0.4759220030153787,-0.2259963537673066,-0.17775397395332387,-0.15534362043571692,-0.1460754368917378,2.0892275526074373,2.289889567364789,1.3,-0.9833425691563732,-0.8450097105112393,-0.13722034785642334,2.0159657801007107,-0.7667605474395535,1.8095991649678016,-0.3079387501796929,-3.343931577380234,-1.5721755671720938,1.03281431496048,0.4466762231303896,-0.07555685789968528,1.8855364279555495,2.194465036342511,1.0518966008252828,0.011972924245587241,-0.3694267503547883,-0.08954961658464376,-0.03230972650155209,-0.00995474908595777,-0.0013806527364307734,2.1944029346694838,-1.8018735829358703,0.4,-7.849175919957223,-7.862778901273526,-2.039359573901665,4.688364811257143,8.282055796790255,6.890390493687086,-5.010519313430942,-5.985145738757992,-1.7199072469436332,0.16047542722211805,1.4159903007834038,3.2311604961249785,2.2465619310193405,3.172428391643774,-0.4556978535033441,-1.1960877239375858,-0.5022029091477218,-0.2427892034422304,-0.17587175850148112,-0.14594722528917306,-0.13380645447082862,0.5842426417399567,0.09392056707223052,0.1,-759.9039259725362,227.50729192824616,40.40247387807196,-130.4900458025893,131.6148271404945,-25.739345195436336,-2.200090122949174,-33.95435138045903,45.919446319222715,-12.655408642090515,-15.348449863502436,6.03414058832178,-27.513595581572822,2.643958641340852,-19.35739557111519,8.045621018625837,-3.4385919989506526,-3.5676353397310483,-3.7298607483116832,-3.8060013018193217,-3.837526603396899,1.9594817891243892,0.8407447255829765,0.2,-130.87853324864278,145.59905489369743,231.55486092682952,131.20008013978295,51.53016599042707,30.526136393681288,58.10821562346479,24.46461452438981,44.69984382918065,-6.373790841487418,12.969387332938242,17.334257544137046,36.15563891972447,31.31367685283063,37.83887252276536,50.3825913547895,40.34554280950813,38.00567177502618,37.44840633703162,37.18122914873447,37.06872763027736,0.4859158745346712,-2.245736677937731,0.3,-877.6186404461505,74.07768317796882,130.07060106824798,218.78438243787892,-46.53861219972602,71.09961883021707,37.110985332599775,2.6242624357896034,-21.81203515916388,-20.104465553898468,-4.903840188212289,-1.4611612748589629,21.940205807987766,42.86106798246927,38.63903782682272,38.461047425817654,17.10690832641485,18.76667356803652,18.89054595114445,18.877021023986558,18.859006973649066,2
2022-06-08 16:36:27.975446500,0.0016927137652100151,-0.019583366699518504,0.02627933129891687,0.04349838746280826,-0.0022026439207768747,-0.012291141152423486,0,0,0,1,0,369.4955,-1.2407637255254125,-21.079079112433075,-24.251564890402584,4292.890968450814,0.9485082809822564,0.0011571121121650115,-0.2725912311065593,-0.10172288962942938,-0.015752190105150658,-0.029267354621798417,0.050962241693228716,1.6352695329318858,-1.0789952552833852,-0.28462097763831523,-0.2891039238263195,0.19456528615355773,-0.16406488359713506,75.5927671875001,-8.415802337943804,36.837332161389696,-3.3373817576410203,496.28415624364135,-0.11495374490358083,-0.028837324902590736,-0.046772089982744375,-0.07229045685984305,0.0518521007249619,0.06446610475101144,0.004958845391213189,3.9377610446507454,4.126957850399437,2.255070879596912,0.8661134235646283,0.6713223002336908,1.038406591012092,171.67716150257806,11.139938718215364,19.997024303945373,16.98085197579024,1211.1121121846245,0.23542073032869384,0.2751752565021573,0.16355996425264388,0.1153239915632652,0.17718082609266414,0.1836054750234412,0.0991931905145423,0,0,0,1,0,0,0,0,0,0,1,1,0,0,1.736388889344057,0.4105104436794674,1.1,0.5922741069195845,-1.6443731328932416,-7.271596150093116,-0.05157178090217896,2.0201308727121865,1.2776893251104549,-1.8725494314299012,1.0385443721121397,-1.6762425286821367,-3.5622821110904948,-0.7925689681815997,3.7119775379125457,-0.6432691766697715,-2.0744895098229517,-1.1649137735188295,1.0804346262082152,0.14684148568606625,0.19418889827560304,0.11581231863294385,0.07534119387111418,0.05788972380894052,2.131383357584263,0.6867395964235804,0.8,-5.0816437514714154,-3.8067681956476673,1.437909551799441,-0.9099695809806376,3.164775841736076,0.05776649181732085,2.3569798192089837,-2.665784827311408,3.362680863938272,-1.2033728811455229,-1.1278709912574252,-3.0616729755053096,0.3927945031583503,0.07146095534673114,-0.8497413832871574,-0.9474041594865849,-0.12242837062251945,-0.2804224134719921,-0.31854742778066925,-0.3308868269785675,-0.3348953296280486,2.2236803296464993,0.8423777874413385,1.4,1.152353679461502,1.4882961598833262,1.1693243910555289,2.0716005780739875,-0.1059528549257499,-1.419956438205801,0.3308605196910118,-0.37773631297804416,1.3479975245030051,0.5414541673081144,1.6756980985707972,-2.801929373919796,0.6779570915725007,0.8254951683379057,3.0140597464252687,-0.2625910799294789,0.5215864452162454,0.3693590299461782,0.3489943769718079,0.34148537090590503,0.3384595364160798,2.394173506749457,-93.180550393285,0.8,0.7922695988568745,-0.6940850414584768,1.3282193900722936,-1.6102293156970258,1.6623454493575232,-0.7651141579494882,2.001254517514952,-1.3197507685376155,3.338260716912388,-1.0876587538206106,0.7111708258416505,-1.6739154270782035,1.4048974020360203,-0.8595267748901303,0.23528016604354,-1.4324619779014824,-0.5467628550584251,-0.4340991853225472,-0.3634210837174777,-0.3294616781689325,-0.3149324443634374,1.866843621779136,0.6887939980322273,1.2,-0.5251749559740847,0.0016683195951983645,0.3601053309440176,-2.042519460264612,-2.7188306922741408,-0.12783411479851636,-0.6924501917021908,-1.3778738495286489,-0.11073364336346736,-0.9609349069395322,0.4215340337441543,-1.0515404174979903,0.8421562514560944,-0.6638883443689476,-0.5810533322904836,0.11978787016243993,-0.2635193118223499,-0.1851861856088693,-0.16837918386076076,-0.16390972924794633,-0.16274000738244626,2.2014004983083217,0.6887002629204961,0.8,0.5588012961384681,2.2580623681673297,3.110526906657163,-4.477563386908451,0.8638029008925766,-0.3868539860768334,2.6661516923150987,-1.6118667466813403,3.5961922936846853,-0.7614283138410682,1.2300125187317144,1.4055109136433743,0.8327953122224447,-2.5010656867826335,2.2621396586126687,-0.5874439235710728,-0.055662104264526335,0.1201121830613141,0.15959343239772328,0.17434781538372293,0.17991335428961305,0.5967961404693698,0.1461923569928785,0.1,-634.9253383609399,141.66184829005968,2.3167825857468003,-166.56572421661838,111.35166346267542,-19.484297605059268,-13.797954729844287,-23.899219671256823,41.09519377627145,-15.509833431822589,-24.914467670868287,18.298784593962214,8.684034698053695,-18.795491151132786,-15.497614833083992,2.394336103731753,-4.327518925375877,-5.3959678656239225,-5.706292027212108,-5.841461591094888,-5.896078046086128,0.10501053778235744,-0.37528836208638855,0.3,-548.1254797270266,6.396032746073189,-31.426441364770643,36.823375509053825,3.0183589778568773,8.3789778553951,-6.766405865125287,-5.848942171605477,28.434176361655556,12.409644972029051,13.097461637381999,-3.028970335928225,9.18353543725335,3.9197521469641177,19.02889936372212,8.314798901106965,6.782245985838808,5.924041894589352,5.871409722218144,5.890846341068084,5.906547420541526,0.3527862468287548,0.1650058867938894,0.3,-943.8126956411494,-201.857715638832,-24.94653117056041,105.8086597964635,-112.65195103592916,36.00850910318269,10.194852558279537,-24.54375118558809,-35.73803861009248,4.59585223984022,-9.913814038424693,-8.195933396758816,-13.797871997408324,-8.713849313841731,-18.47486345686605,1.3076339505034051,-10.781267306704883,-9.825408081132592,-9.405016466762627,-9.210169364004344,-9.129870335522275,2
2022-06-08 16:36:30.725446500,0.0012721049988609432,-0.011188665163121324,0.0060717948295516974,-0.03146525176510692,-0.00595903353456187,0.021991206823633425,0,0,0,1,0,266.018,-12.095240674718438,-21.499337141464682,-17.019166503895434,0.15543780697249227,0.18822784325711306,0.3199103106964851,0.2130916880391132,0.20778260118661987,0.0021342382299445557,0.009974177127772505,0.012567620190501992,1.5943435320095467,-1.0414124444642388,-0.29455366800897625,-0.2866368635012775,0.18902340715805613,-0.15683639485957604,80.13229114583342,-8.782325624744912,35.34169204757937,-3.6768200654088585,516.6938002413242,-0.10117730759165752,-0.02402986209541157,-0.04077345169429377,-0.06868373781919669,0.051279426441417635,0.06371642383888303,0.004234215248790521,3.8961308140077615,4.006919280321886,2.2479616379980456,0.8630762687218799,0.6236498390873335,1.0352416306132879,173.08063416886182,10.819926807172425,21.780158051694283,17.16532891386479,1226.3203651899996,0.24564117927055004,0.2785928589828989,0.16471303806306498,0.12006946628699035,0.17651185981135833,0.18079692411265424,0.09838201060216603,0,0,0,1,0,0,0,0,0,0,1,1,0,0,2.6798232862384577,0.8341065167027412,0.2,1.3591412129835203,2.9544027098745653,3.6284667047387775,3.1117533948495164,1.6720383944990973,0.9863637621936674,1.9475957848878016,3.3383170471356998,2.666691744324425,1.837761116896304,1.280493508111722,2.803710766562413,1.2625581077740138,0.9997491488586784,1.6517803421517276,1.9000995887690308,1.2128702981953072,1.0664532313071535,1.033375973222392,1.0157000717890108,1.0082128062014346,2.0393274713966303,0.3490171871823457,0.9,-1.095668086683455,-2.830533654694639,-2.5892396491485106,-0.6236670106144411,0.9925255230807556,0.2601195180714234,-2.579586715058244,-3.1398080027396453,-0.12615776132809728,2.3116669988979437,1.2802692331403749,-1.0347130061498495,-0.17470810299987133,-0.5447979381605814,-0.632798860619603,-0.0027162638443311155,0.0351352192862719,0.05747055238807758,0.03280967953529175,0.0185088577948166,0.011977966391918013,2.3519677453633787,1.4421923250266315,0.3,0.05338108496730468,0.22846190242780404,0.4647407805079513,1.1442700668583443,0.6000475803071033,-0.9941298195215738,-1.4445963317354076,-0.38037850506796905,0.2615551106062887,-0.37159478898339465,-1.5699862711859314,-1.7384633450376517,-0.08557212269257478,0.7231451300212316,-0.8195032973733061,-1.5871959971432248,-0.501872139192764,-0.4413354162752862,-0.4057656760672778,-0.3863062157420458,-0.3776851759565024,2.269095584079,-0.7412624779082001,1.3,0.8652257751114852,-0.02821523615311398,-1.9336936165071985,-2.0835889763625057,0.3850936245094159,1.0546624948050691,-0.8022006276952419,-0.2640351456408449,1.450436998401926,0.4401614478406952,-1.82543655158586,-1.499731231662193,0.980722651648374,1.8048763937955403,0.29489671810624263,-0.5615283800560296,0.12640079035413165,0.08347609781438985,0.07887371906452481,0.07542673291047441,0.07355038998835478,2.2376393957440923,0.5646747609332232,1.3,-0.8382213997875783,-0.2896093924675139,-1.0542530395705807,-1.315569800249342,-0.8365543699982243,-0.5824933451851946,-0.012786557261967084,-0.1920711080796096,0.3968345975248715,-0.6567968465282961,-1.5587285365137031,-0.9675767090996228,0.3506049529345337,0.4429182440483389,-0.6201432025115435,0.21569378721863755,0.0423935992867857,-0.06286731046460033,-0.08423741127042411,-0.09413005998494048,-0.0982956390680976,2.1302790402719824,0.5913382486290142,1.3,-0.6229638796366956,1.0048719649783355,-3.1777265866325264,-0.6901459632174646,2.1366844439607746,-0.9535279416219988,-0.03184301198109735,-1.8184796116762685,1.3501212883546512,0.08064634786386041,-1.438276126942556,0.4016401036195936,-0.9571288218356268,2.771432840465056,0.4554883748121684,-1.1813747586922174,-0.3205553356614061,-0.25194228076280617,-0.21687998119468851,-0.20022194410326727,-0.1933123137185492,0.8598789741917009,-0.3314043048248317,0.4,-522.1337695211791,-299.8025266337908,-106.59016255860956,-1.948949913934688,90.81872067464948,54.17107739443304,5.9361117054759065,-7.282634188671196,6.278739411856593,27.765285858387863,20.89573203326195,23.37750597201414,16.969139676495406,11.58264247062157,14.36745495593693,11.411281547357627,8.014439315644061,5.7234448936755085,4.89865755688318,4.475559979595986,4.288219718737419,0.16524395575397108,-0.5816521567334451,0.1,-713.1543809415911,105.85193653886013,43.78358738625461,10.583448690157454,-2.1149544333295864,5.6678129525188305,8.771651455258606,-0.2612580397959121,9.036146134457711,21.577036233498102,17.096914838491333,4.455940138547311,3.7763967313805153,17.91662227950095,16.39856335340357,8.295885350556578,9.26409929506466,9.726071420055671,9.822352844237477,9.869582840738863,9.889001920548251,0.440117791850919,0.2989795163887827,0.1,-778.6526715581931,170.52385186309073,58.33481331333029,-48.58276527928564,-99.53824937611685,-98.81138013547951,-45.924736092091905,-12.716615446788149,-16.791957981050622,-24.947983715506453,-20.22637515316835,-11.93562190208291,-14.998056651490419,-14.178732887825177,-8.712450039919911,0.09456296870643044,-6.92602947524674,-8.040558928767418,-8.204011988506856,-8.25412813690544,-8.26930871477982,2
2022-06-08 16:36:33.475446500,-0.002741852858753971,-0.0007727379037641769,0.0010060188396209225,0.00011392406654667796,0.0006039368029868957,0.007949244590288623,0,0,0,1,0,285.997,-11.952320593921904,-21.287912177524806,-17.381259216745242,1401.9135912195866,0.43415939183071417,0.18752649780172007,0.08516220918717618,0.10190869773695416,0.0019462275146164719,0.002345888486634106,0.01914235597747517,1.5605865525695959,-1.0344619007861413,-0.3038126881516566,-0.28802294544957624,0.19119035113360405,-0.15403337194014805,86.72222239583344,-9.251718199032988,33.824397964770874,-4.097341977594182,553.7535186161149,-0.08371457889168632,-0.019923166053165096,-0.035444027287004916,-0.06686027012649066,0.052099514429549264,0.06309260992772732,0.004644368430951969,3.8045877017298992,3.8506571586644736,2.2421266455664544,0.8590099670056742,0.5827128221259492,1.0268948937479647,175.36826900831196,10.496571414607224,23.30827917499437,17.25325818685909,1260.4576638259327,0.26199480440160017,0.2810999622261346,0.16566057332667006,0.1232228534959202,0.1750757051153548,0.17539310535053498,0.09747896146787287,0,0,0,1,0,0,0,0,0,0,1,1,0,0,2.2680014603541805,1.0512713813187695,1.1,-0.3146912184093064,-0.03199300709974158,0.053547552285322465,0.37850467964145335,0.11906229237329904,0.32367331309900604,0.4570545066305506,0.060642767667920615,0.3516045082299463,-0.07022109172127806,0.6803740835930671,0.8742609138076012,0.640434942094562,0.3048823529625877,-0.5040119839254251,0.3280295280938541,0.2335205609012516,0.09632114636410566,0.07816274296271457,0.0733987181202679,0.07195085563782334,2.3345330115770184,0.2723455056393193,1.3,0.010627917965567836,0.6216045353458527,-0.2938702166299828,-0.401955267864765,-0.14850401031906418,-0.6530352590846875,0.16513277370654353,-0.7345221206912492,0.16520432491503426,-0.5071852992903387,-0.5592091377889606,-0.13583342628960807,-0.7850966747579153,0.7244639240630448,0.04978403404648304,0.41066540564652665,0.030489655224334875,0.10258235198845128,0.10724619540150906,0.1053215347924218,0.10380059352764726,2.272903177127812,1.0133523967214046,0.4,-0.08466612178531267,-0.06206957316467576,0.11658106946153785,0.1359559627226203,0.21492025421730102,-0.15795525209952274,0.1416869717993361,0.02723708532670603,-0.3254525284172657,0.18316080592155606,-0.4279257283942543,-0.2529653094833271,-0.1413072956846425,-0.6047544847348094,-0.03854967810684358,-0.35695550976508306,0.13806949432754234,0.15217777981794262,0.1353636051221076,0.12568004673234442,0.12123882857074142,2.469407751154269,-7.413268438033321,0.7,-0.055183881707843885,-1.0905580959447652,0.011136874670638126,-0.8371744439404863,-0.27751177853356795,0.23973456125681186,-0.9223489135119112,1.1218307493180493,-0.8309500197720112,0.4515851460468319,0.2645727265084713,-0.7069997527926054,0.9750194830168409,-0.7845328934808603,0.3731396787954031,0.0673865959906815,0.3809351504002784,0.3503841489999607,0.3135636435076832,0.2943828312925945,0.2858454508941849,2.568172580934454,-4.300405809958328,0.9,-0.6824183991521929,-0.3955133587548553,0.020939446301281497,-0.29576838447501264,0.3623846335206791,-0.3148018119194003,-0.5406662292738993,0.13126816494319196,-0.6152498308087784,0.4219581639331693,-0.033883684631852616,-0.2109102193433936,0.09446181062017042,-0.2679645762298149,0.2438391352009845,0.420186476270581,0.36853506269161423,0.2449811925732764,0.20424820921901796,0.1854297591529094,0.17750631281203275,2.466650359551508,0.25888628644408024,0.3,-0.11592403642722053,-1.8953063279242504,1.6329253644568678,1.654175534517364,1.3326520414998997,1.201388294871936,-1.7528318455509035,0.1737241596982147,-0.964459268232846,1.646682054838681,1.4073584911704171,1.0426273515259303,0.29227914920899617,-1.558243502505167,-0.679773367105916,-0.8452418101031365,0.060493838083729774,0.04101210908735911,0.05731876395471418,0.06610268533686907,0.06988459291759619,0.35255556171208463,-0.22158224908889249,0.4,-281.965402915549,-76.0405045901813,5.778943256418117,-24.16075959911205,20.97042658617764,4.371496609986079,8.043183255847001,3.2829252177247747,-1.907037295483612,4.403471827289551,2.7394001390210097,8.839824070274746,5.4223784825257315,6.016690217235639,2.187416185808568,2.2811983781450835,3.3582183782551525,2.8402001946819446,2.7499510348369265,2.7189661499514086,2.7073250812698832,0.002889648527074807,0.04979287776316388,0.1,-861.1767405636797,7.956381733367095,2.4422104764957737,-0.3789386733632938,-1.635757843707026,-3.885908445366809,-2.268851993462775,-4.294415957567168,-2.074271781417167,-1.2008241367945978,-2.1418551540953388,-1.098563256384356,-1.9162642470565012,-3.999176800048275,-4.140058044437485,-3.4918261379682813,-2.3153128518250696,-1.6531967953910254,-1.4023854964218485,-1.2862146812061734,-1.2376984670096958,0.015797577082832137,0.032725841072194235,0.3,-871.0174082113632,18.876847860425144,-17.709144210868107,19.253690149138837,-6.8751321828679295,9.739349877233957,-2.7073259361364563,-3.697714617211503,0.5264817470112462,-7.351389598108464,3.2702005890912718,-2.6535496553766404,-0.24625715002002124,-1.9525284096251416,-2.8282052851804917,0.835957622744278,-1.2326222458905356,-2.146624689167723,-2.345237431078413,-2.409677507298948,-2.4314203890654102,2
2022-06-08 16:36:36.225446500,-0.0013824668507525439,0.0020773107037599238,-0.0005459190327840348,0.0017370354248619564,0.00039896424789671793,0.0017023375143320806,0,0,0,1,0,285.997,-11.765187231548605,-21.241683204882268,-17.213009201133808,4306.276457451464,0.935180710600958,-0.10315777085330156,-0.18044518279168856,-0.11283457690054988,0.0004892521427060873,-0.009456317882714392,0.006120919830925734,1.4885662084141174,-0.9538347933955548,-0.29541920903192403,-0.2706998587639681,0.18371699131563232,-0.13092100587631625,93.30449270833346,-9.508401230388936,32.27695662384694,-4.541448823647752,607.9318485453348,-0.06324717820642575,-0.016789122487235502,-0.03262226730891146,-0.06594166666699126,0.048442136780862205,0.06088226275671212,0.005460920520390977,3.6892351029275137,3.646456371247562,2.2324763673300785,0.8221231965110546,0.5694839659373598,0.9847939014571035,177.37294882897427,10.392120433856348,24.639273913700514,17.32831236668958,1300.768720592098,0.2812318965020316,0.28217138430988625,0.16560263749047172,0.12453623148751952,0.1670858874847227,0.17084274769826166,0.09723037410617234,0,0,0,1,0,0,0,0,0,0,1,1,0,0,2.5970396961933044,2.9729986325049635,1.5,-0.07138235455613752,-0.09647418094169156,0.09626491446588976,-0.05175147331086656,-0.1900707096793164,0.14673956123235296,0.05613335050222047,-0.25416256379912106,0.1234270498205878,0.13188187992947528,-0.29837954748100626,0.07170707713156907,0.1430397105741171,-0.1752376193051552,-0.11409151782976545,0.280465652022519,0.17358646479320114,0.11803718087539522,0.09032085368042922,0.07834562815171278,0.07353078518662345,2.503381734553748,1.437562898291442,0.8,-0.4132077212261508,0.2526941241959268,0.26457595547610563,-0.3767216972808372,0.045583977893564984,0.4078056788339941,-0.2845641035684169,-0.2302726726139035,0.5675952801315538,-0.09885526900969496,-0.4774402136044254,0.4921985909289303,0.12203385619575803,-0.5208598703801729,0.2988434189259624,0.1926049339673976,-0.15510606213303546,-0.07766965232392248,-0.05669765596081236,-0.04782537470916794,-0.04430045684503065,2.243098070420042,0.9792767032436234,1.0,-0.06430644789938272,0.03332158574020753,-0.04088897731671035,-0.054142389128572166,0.08158320528088367,0.007894273730797001,-0.2724864517480414,0.2050889734328287,-0.022852998850836324,-0.3182132357305223,0.25151100123371184,-0.0937459519584242,-0.22134368305986574,0.2428523438684336,-0.2309298817188988,-0.229011774143266,0.03684949005221248,0.018969311904844837,0.013767254908842971,0.01052479213913996,0.009090254512888814,2.341475266658628,1.9176125488264733,1.0,0.4955791508938624,-0.0968675174894185,-0.6146284576817109,0.4485536559491963,0.4107830703760085,-0.9673544924025942,0.3125418563679946,0.7370976102482982,-1.0633723714592094,0.1509076260850414,0.8243094297836527,-0.9449718327935848,-0.00010864435247904396,0.7199741543961734,-0.7387517890829047,-0.12822900592339315,0.08170711497906066,0.04065244255944412,0.029171438367520033,0.023410113344407475,0.021016937809235425,2.2267654876319516,1.713674684339,0.7,-0.11574542223399205,0.1712913756942049,-0.11923117940946505,-0.13229913362435355,0.4222108861184549,-0.3101608509611123,-0.1513076384916255,0.5158510908009148,-0.33635683742508343,-0.14071327502260286,0.4215200945634183,-0.22981810791507976,-0.09353063424469407,0.2078698978621944,-0.06698502542447488,0.02814818493772604,0.07056571502426205,0.038691277205805744,0.027259044845405426,0.02279205895222309,0.02110739897787955,2.344165315882905,0.6250414097957769,0.0,1.3583995234365285,-0.4305144762981996,-0.9878859967145444,1.1091622412666478,0.2619675883117148,-1.1653292215689182,0.5307804108210158,0.7643085845739026,-0.8863409797591021,-0.11256748413598756,0.8539481245822655,-0.31114786189548,-0.5129621238691743,0.5334788036050353,0.2573040892137972,-0.3260138349625967,0.13812465891062525,0.08831713836222922,0.0692321068876949,0.06076130730143341,0.057302286268381825,0.24563246714320236,-0.6113110319330372,0.1,-345.1930058916529,71.16620767611424,-18.191286004347774,-1.5645024307429694,20.258906887869514,2.647901856308188,-0.3555404124508108,9.780333035734387,7.525555298224216,0.6649514008090751,5.108729676703861,7.445117702845618,4.1247918359726015,4.50852213940845,6.851754746881904,5.108373891031062,5.5205896216154,5.639065873678278,5.6187330258043335,5.6079440397176805,5.6032767472357925,0.000362012747729753,-0.0018846567053368195,0.2,-870.9616492709088,1.651378970624222,2.117848392180377,-0.9430905484019264,-0.5926226704859658,1.0822482612706636,-1.9300021218851529,0.16145156556346762,1.6500960154284527,-1.5404852235691315,-0.6141998812351552,0.6837774624855619,0.19376765374493127,0.6892435186393158,0.4396722117761769,-0.121096401118006,-0.057368507874397075,0.03528413979767109,0.07145501125005183,0.08470908504948049,0.08943226152643291,0.03386466903244538,0.07446498775705791,0.2,-795.2528653885549,-45.91081845094546,12.641557200279152,5.925302292033492,-15.583160041522989,-2.7951363185523235,3.6636758423188023,-10.047698022350952,-6.1464628467267355,2.4904410385722815,-7.483435901389267,-4.1421463294528165,-0.11833737752791508,-3.4270746878582283,-4.092769300007063,-2.3503814669766183,-2.1839824347522097,-2.6982492338788666,-2.8579088365860787,-2.9226887059065296,-2.9478466297310395,2
2022-06-08 16:36:38.975446500,-0.0015193288573781755,-0.0013927299299093705,-0.003713787660725893,0.0006053448434507169,0.00019577267366151279,-0.00030441919759543963,0,0,0,1,0,288.495,-11.959344577896204,-21.206149244862925,-17.053179936455916,2507.0566036383834,0.6246493296019451,0.07492078523331003,-0.015014524478609275,0.021290205189894586,0.002226143728932059,-0.002452994488041688,0.01602807943831461,1.301136810973825,-0.6573402713648507,-0.2682447085423144,-0.20053801691482687,0.14947477914135945,-0.05850511981799296,99.92955000000013,-9.637553556352039,30.72485725632772,-4.941618997963771,674.0040103834929,-0.04057442682049015,-0.015018248923436834,-0.029602208870125987,-0.06668983494445656,0.03400478831051431,0.054871151043369086,0.007382045988470927,3.5433754548343077,3.141167110138697,2.22784269992687,0.7011023711090251,0.532939426961437,0.8658520788022258,179.15807703509319,10.383797488761568,25.807050885676684,17.41406543741876,1355.5215033396935,0.3025341856533398,0.2829601255451255,0.16496064635589022,0.12494522639084192,0.14071582081947406,0.1682051514302038,0.09654270386113446,0,0,0,1,0,0,0,0,0,0,1,1,0,0,2.6354562465140603,-4.423374789641578,1.4,-0.040557891708344236,-0.039455291714969684,-0.12061676595487615,-0.18850316929870906,-0.21955777846205804,-0.1915103542730076,-0.20309992839969,-0.17762494239700582,-0.12044044828239706,-0.030225421109013856,0.06969034170639768,0.12776922948879654,0.11654535901942695,0.12613663800352806,0.18961243479508288,0.18489679075479368,0.07736062050270645,0.066274358935487,0.056748703357650684,0.0515660611576888,0.04929956113213119,2.43778020157243,1.996137651347568,1.2,-0.4426753398504714,-0.4454464911281609,-0.32808328736735703,-0.20586120394768495,-0.1470790516986374,-0.08720619840908612,0.0039167711187198225,0.1149298303523702,0.2441894768859229,0.3692448154454847,0.4988206160054062,0.5438773607493164,0.5547834398440264,0.5170679771011184,0.41539795645998223,0.21236494525261065,0.02074871782553595,0.051022472964291986,0.06250635766167226,0.06713177330635292,0.06888967898890905,2.2345014255373883,5.170531201418559,0.7,-0.05652985533806738,0.05050889312273042,0.01275253561907272,-0.05642207277986613,0.009770505076029057,0.11525775960737428,0.22161023531756807,0.2599370968401528,0.2306496417349887,0.1520404327792973,-0.031551956120237444,-0.14433830640257844,-0.2337025426468089,-0.2860428937987945,-0.2950296905951684,-0.12155629975562353,0.031063109268742683,0.007921563746627645,0.0021950427798321888,1.064035524694733e-06,-0.0008328020426488124,2.4653387599920387,3.5076597685249977,0.4,0.4832132059608278,0.5213926931625121,0.6018209844853861,0.6770887850370307,0.6843372013135672,0.5726839915503027,0.33450609032957496,-0.009285627981627027,-0.38514575867276063,-0.7214959807400909,-0.9440032935547102,-1.0161707858818962,-0.9294943052849346,-0.7159425049196809,-0.4174178721426352,-0.02280959207448363,0.0671708345155967,-0.0052220098297144964,-0.02620720924277426,-0.035091817293236835,-0.038607103769695394,2.23834276443173,-0.8495595168816392,0.5,-0.11530188370333097,-0.06768040825205587,0.07716884678464428,0.2579407000323596,0.4103017520530306,0.4809585158846311,0.4378844361717507,0.2957479535719097,0.09807577087333494,-0.09831973807917777,-0.2390045473646575,-0.3016806400311777,-0.2776504372696759,-0.19897769252154973,-0.10293460715375627,-0.03116692272919688,-0.005338088015336386,-0.00926900359127383,-0.010822973624884295,-0.0111796593244398,-0.011219189730635936,2.2500173227139917,-1.3199377100156564,0.0,1.3944398217815752,1.3276487787981703,1.2150255025527965,1.0385424867295012,0.8094462308509639,0.5567259369379486,0.2953793715258851,0.057686809361790665,-0.1523774837888717,-0.30781674366591,-0.4167669816250831,-0.4775299592595062,-0.5036148338031389,-0.5031207303327533,-0.489821026541198,-0.4546288316252842,-0.1840699086439764,-0.13294059371572012,-0.1180147089982344,-0.1099031098040654,-0.1061889090352812,0.10468881795474737,-0.5988056984844122,0.1,-464.5396215786631,24.50791377695612,23.61723221597327,21.35311722944206,17.941788111511467,13.639729014698036,13.303042025048027,10.62883286994314,9.009111120834561,9.406307122025648,6.9625215502003694,7.564896356491857,6.894865154515281,6.459801617900097,6.1876892891887225,4.676525934697345,4.8403525373243,5.228452972372587,5.320848883068992,5.359963431686536,5.375678747458107,0.00030192555416019845,-0.006259825718045998,0.9,-873.3661672865994,-1.77347519864216,-2.217885817512567,1.367675834374154,-0.02663722429548443,0.4024383131690641,1.3554781667545015,-0.1964623920452695,0.09990715836691776,1.3978953065804127,0.988364386849522,0.7229235563742265,0.15321474406922064,0.3527417368454273,1.0846166005370144,-0.06991500301857911,-0.14780101576385718,-0.05187224688236825,-0.021543740388136005,-0.008729169976490425,-0.003754899708547033,0.024873589655061583,0.12125093094332505,1.6,-719.3921504617838,-13.74548586410451,-14.205921308243624,-11.460225964061651,-13.782647261028686,-10.739454134237759,-10.582818967511782,-10.416648708328061,-9.789107023307253,-9.044550176960572,-5.82395123808228,-3.912707863931754,-3.23902245161854,-3.322156858734301,-3.128317587813207,-3.591196662846187,-2.686503553714658,-3.0884266721989815,-3.2274399237436815,-3.2904851436601317,-3.3164801297104067,2
2022-06-08 16:36:41.725446500,0.0008845889373553734,0.001342370740541916,0.0005074614734402334,5.227079090601762e-05,0.00011574265390461868,-0.00028319745960598235,0,0,0,1,0,290.4865,-12.035852286915611,-21.273042171067765,-17.274571506250407,3813.186445930945,0.8516157856420661,-0.05301880788816785,-0.13296547909122586,-0.07705489243530628,0.001976100145285353,-0.0075312016189047325,0.010530972310165256,1.2166331003132005,-0.49923973994973,-0.268805929531948,-0.15556227019212018,0.11967897797670572,-0.022277412906566783,106.5503177083335,-9.645573178695983,29.200506758176648,-5.413680234501232,756.4383246796527,-0.015494532458368576,-0.013917357903777242,-0.03097544637650185,-0.06755730781307158,0.02588207868176176,0.05229116759282492,0.0084412374029693,3.5238388616420653,2.98138634461786,2.2271348490307843,0.6456225568977577,0.5031346368003986,0.8308975089073046,180.67796505252946,10.382950434004794,26.851694382971946,17.459397053329877,1422.7170776448236,0.3264502177464071,0.2829265506338069,0.16550258684673488,0.12491677652276305,0.1312515873254946,0.16813124731020931,0.09630819089972303,0,0,0,1,0,0,0,0,0,0,1,1,0,0,2.3107741114688736,0.99336707028742,1.5,-0.007208193611584921,0.007013296387228235,-0.0016903157076458904,0.007409771096271744,-0.005061661240509514,0.005962664504722557,0.014886816951531134,0.007403509044239291,0.01149942424628644,0.013073173172732534,0.009999256339465462,0.01257470425643945,0.016832557829808217,0.015799073267322147,0.012428709243196102,0.03199951683547291,-0.004170143709139749,-0.005476939181130237,-0.0043205007197118115,-0.003697325487848605,-0.003423774541465317,2.2311339502208605,-7.232702470715476,0.0,0.04186897283672368,0.006159635817572862,0.010617531890480791,0.0028043051665857673,0.0037840261464478155,0.0038018697849513147,0.003136197020454266,-0.0019358276959043335,-0.011818329972497328,0.02876865923567286,0.0019400049047338364,-0.0046600420446393925,0.028766853207416843,0.002558610323072351,-0.0016003615612471464,0.01672855596789477,-0.029504980429388757,-0.02692103321589836,-0.021492658120487264,-0.018726311464087386,-0.017561169892167473,2.0624934781541064,0.07463730962779049,1.6,-0.07848085324764366,-0.06882565687174114,-0.01370057918611817,-0.017823185408703198,-0.02682045648399105,-0.0004408919687330952,-0.008870582755277771,-0.017218179636260787,0.0006391340946205535,-0.026599836711501026,-0.022160112638787186,-0.015040207298165197,-0.017822684319143904,-0.016050969016896517,-0.016333040393990438,-0.015036687489868885,0.0312908401831051,0.02317716573967855,0.01714312853330836,0.01426635052771836,0.013071489765234236,1.5617776586071899,1.5531718072292575,1.6,0.0012678326875175266,0.00524512904758296,0.004208454019904538,0.0036693082388377526,0.0037781779613835303,0.004965039071272803,0.0027720384912966268,0.002326557240828053,0.002989591700390649,0.0032778438448207905,0.002597230888905344,0.0003061994815551916,-0.0003927029369266187,-0.0018727225962201055,-9.063410752452315e-05,0.03109973439606238,0.07398921898118467,0.04571370447231272,0.034237812145155894,0.029381909750273258,0.027469814726630758,1.7974449447305398,1.1622731982690933,0.0,0.006340170155829729,-0.0004650880633184124,0.0010744001583393669,-0.0005220442093361023,-5.601858493362585e-05,0.0001818274030287743,0.0010542812754707463,0.0006249062060932483,0.0014105416924620382,0.00038907321909829987,-0.001338337499897525,1.1818459223083631e-05,0.0012619843587692724,0.00046344389379153185,0.0006627115606762044,0.00039175915422836634,0.004947675948154417,0.0032815301618002537,0.0023809365351134693,0.00196903632262546,0.0018049904815802386,1.6948356320342968,1.1531619030144569,0.0,0.00848800651829942,-0.008597302193661335,-0.0062081698608292355,-0.010271077281385623,-0.009047866805673335,-0.008107036323934707,-0.006644502465247278,-0.007294977608275306,-0.008953578104916444,-0.01135629141776841,-0.013248774595716521,-0.0107604157572596,-0.012385664556542702,-0.017990104408056852,-0.031300066731027136,-0.06061294145053064,-0.021066572539021357,-0.0016989339982129256,0.00023676641282864184,0.00034264430989303275,0.0002693892742518802,0.0004437518426750036,-0.002211039283027179,1.0,-489.99503112082937,-0.8051975040866779,0.2103658804119348,0.3690353942213633,-0.39154433410998013,1.153249342853563,-0.9901271498038929,-0.2773186335974991,-1.171673941818888,-0.13352813271776753,1.2827302246068992,0.418012211295606,-0.4411766927506484,-0.44076804811482617,0.9450690552303272,-0.08418073469906417,0.004619310252120812,0.058511069945593526,0.08072644173810062,0.08795542030254211,0.0903384549534536,6.576771658985013e-05,0.0030938581578984275,0.4,-872.0810350060564,0.4535352495586267,0.7142378063264516,0.07576200571536162,0.8078341772537101,-0.26699342201323617,0.2804716526706628,-0.4157380589029955,-0.7389047827040685,0.2273218182353851,0.0233854337505548,0.3176397528095869,0.0961986314095462,-0.4521545353652776,0.2579461079068857,-0.24220067350974614,-0.42013048546494497,-0.290377152251839,-0.24812319339161704,-0.22877157568078846,-0.22067041566920054,0.0003636885449975105,-0.003299819354439143,0.7,-704.7427811194158,0.8534686665868207,0.41279178706223263,0.043968230632486886,-1.1610110743671809,-0.7237166988970571,-1.0366393120510082,1.9028257744779784,0.6939576770508573,1.4068087970503846,0.8140678709783842,-0.7235995009246103,-0.5537347636413585,0.5641950518043668,-0.2696610285302974,-0.9193261150349414,0.4308827666631991,0.23599639521111904,0.1913232844600401,0.1740378978504964,0.16745675670103832,2
2022-06-08 16:36:44.475446500,3.387872061526912e-05,0.0013846285786858598,-7.252529437513619e-05,-1.929707965609213e-05,0.00011766968242241333,-8.319608909805793e-05,0,0,0,1,0,290.5205,-11.90885924710046,-21.05430615246372,-17.199046747961756,4046.636392246097,0.8904762021780089,-0.07718889290663003,-0.15580923595436832,-0.09471179437202963,0.0016071838072184586,-0.00873549401119021,0.009965597604702827,1.2346889997225714,-0.4813533834051267,-0.2967958173202875,-0.13614709807195366,0.09452811905061184,-0.022690438917998858,113.19246250000015,-9.596856742346814,27.704824667776126,-5.893989582675173,837.1266865600431,0.008839505832953912,-0.012367016720414369,-0.034473749018577915,-0.06710192104044484,0.024275231697137342,0.053242644265236484,0.008804569033727137,3.5098781403745654,2.970258389211456,2.215165592867385,0.6353508728598131,0.4804125393584984,0.8279440371454213,181.9645835067991,10.352559387524016,27.79014873459329,17.473586560811523,1481.8671665916947,0.34695060954148754,0.2828748417344075,0.16575623579585091,0.12522305111180942,0.13045015437279808,0.1675185879481934,0.09628321990764524,0,0,0,1,0,0,0,0,0,0,1,1,0,0,2.353729495928321,0.8158586546412067,1.5,0.006359707292418871,-0.008832984011211919,0.004904835203963036,-0.0012049692331678721,-0.007851356651402209,-0.011954162025692222,-0.007174462195266187,0.0024804933148841056,0.007328353464648294,-0.003734361239465749,-0.0030052900329935487,-0.007731084085984005,0.001571759432472101,-0.0015379062653401445,-0.01102738676809437,0.015557776262093087,0.0026833865556642675,-0.0019928485419620327,-0.002470105948796276,-0.0025606992775022482,-0.002578701723771414,2.0240739711473275,0.9851785799351598,0.0,0.025852217259203468,0.0077640997028386735,0.0021019558479049073,0.002494641750488405,0.0058455217962532675,-0.0007633267299949363,-0.0008058964756422253,0.0005449173071235408,-0.008361306386372586,-0.025492924795136162,-0.0019301586277648023,-0.012365433785856795,0.007596190399081963,0.012399221577593066,0.004677414277714258,0.020678628343290588,0.013294773387879988,0.00417891811842739,0.002886338077260273,0.002501033982517293,0.002367805840850743,2.121000864812532,-0.8660253362738803,1.0,-0.014512284196691282,-0.0007972558083441609,-0.025508599454568983,0.016731127872142933,-0.011989440748229056,0.008615304504162539,0.002953216569791173,-0.002867159157335007,0.016876487986909685,-0.001752548474054115,0.017694336871413273,-0.00426599177264111,0.0048006933674736,-0.002468393611082701,0.0054457089275868975,-0.01876686800184766,-0.0031475648059078373,0.0010805056620637127,0.0010369246473363094,0.0008701175014250197,0.0007848307821542095,2.423338241260444,-1.0210751223973855,1.6,-0.0043903181524455465,-0.0027282102592264905,-0.0018667898561290626,-0.0023495742777027173,-0.002629742338142337,-0.0010151558813433486,-0.0007829705150032964,-0.0019465411592276426,-0.0021574951144345033,-0.0015683684160040642,-0.0023876607063216234,-0.003477804198997627,-0.004470777572978314,-0.005378237271431794,-0.009058313469014563,-0.00951872656879423,0.011098395666772842,0.009460891254170585,0.007231571758333872,0.006133457662933986,0.005680276033687754,1.253351168050748,-2.248157968414417,0.0,0.004527393583180332,0.0004099205725663586,-0.0013556749000196713,-0.0005654089367172394,-0.00035332987206829436,-0.0005013129350997351,-0.0007183858168227442,-0.00010395432809073054,-3.138014652287554e-05,-0.0002344674722964687,-0.0003671874351542713,-0.0003289417579520775,-0.0006170874545677579,0.0002731567250004159,-0.0006865811379567124,-0.0014547991096593414,0.0005806785972148495,0.0006317645262067197,0.00051935770433227,0.0004547012872727664,0.00042636342185519647,1.8720149270374555,1.5598741900536226,0.0,0.006638449068514598,0.0019504954067871621,-0.002725514218647575,-0.003239735459024542,-0.0012245022899291778,-0.0009587356056816906,-0.001312361146781715,-0.0015030765505967536,-0.0009480143160676584,-0.0024217987882930304,-0.0014553911162178087,-0.001194980292235372,-0.0005000712397349858,-0.002006262704451255,-0.004121524981873582,-0.012664140406843112,-0.01474798096090736,-0.006695830522540004,-0.004481984415099284,-0.0037056497765022814,-0.0034277643756861933,0.0003137071069490733,0.00669427109039008,0.6,-490.9816718402608,0.4057623495449363,0.3294496112487195,0.7311313467337826,-0.8050351111810699,-0.4803598034410328,0.7845890400830697,0.6517665963877128,0.25905184905257883,-0.07660736522558231,-0.5295535117556796,-0.015485143617437913,-0.34631972590063675,0.6043910875465333,-1.155114896955283,-0.5683045404473699,-0.1760730096251244,-0.19390364456914888,-0.1653312791144863,-0.14920590859315294,-0.14204177108317895,0.00014662985540160524,0.005343663596070114,0.4,-873.0658315818993,0.03932410629943206,0.31839659357888195,-1.3887252952527973,1.3201361921889971,0.08362790263286968,-0.8214460680865159,0.9152379339500952,0.19715215743853776,-0.5686453074818445,0.13376264244067215,0.10223061706965098,-0.9748412954087868,-0.1361529993173285,-0.798719790679165,-0.18758452809753126,-0.3654582271160329,-0.25811116545036583,-0.22059924745740034,-0.20264161292474725,-0.1951253814748948,0.00018356194495660626,0.006756933803221394,0.2,-704.6680572100616,-0.4325030242960821,0.6217031451549246,-0.3975580967750503,0.023955026161893045,-0.6495781314732056,-0.7280320593392773,0.5916523523966042,0.3212494564035673,-0.6180217919461164,0.07113732805522943,-1.481723949048627,-0.27185160792769736,-0.7112534355711126,0.1843569918462542,-1.00335474506851,0.04002259655620577,-0.007650358804371037,-0.017042669873298166,-0.02010802542940304,-0.021089511919055504,2
2022-06-08 16:36:47.225446500,0.0009796488932860862,-0.0014163276632059762,-0.0029463411191684827,-0.00015133911024140494,7.881117709495212e-05,-5.148114341990445e-05,0,0,0,1,0,287.01,-12.078595185977113,-21.207275374765373,-17.14864779518763,4317.553583220436,0.9374728486706824,-0.10543183712544124,-0.17874630312066322,-0.11472869253867594,0.0015609440882465926,-0.009127834430883894,0.0064766862445885896,1.2997420047908421,-0.5367346971414679,-0.3285247823345394,-0.14229066715928967,0.07400373546213569,-0.059771751314115884,119.8184302083335,-9.602308741611337,26.217974738258434,-6.346048147873982,924.5814520436355,0.03413751814564804,-0.011798927964613926,-0.039320583104660634,-0.0663403595536078,0.028553495215764755,0.05494639677751846,0.008071771068473557,3.4168949860895497,2.8989224864590315,2.1910685654172832,0.6309052734799849,0.4644683386958917,0.7858122568361208,182.98584883763317,10.34657688361527,28.62299513710939,17.484052134107262,1543.4608922971881,0.3669604976182247,0.2827764099895297,0.16551459593062245,0.12513992372571658,0.12625213058934365,0.16413556048458913,0.09600201770487476,0,0,0,1,0,0,0,0,0,0,1,1,0,0,1.9206784116775424,1.0656765908150745,0.0,0.023127002287984536,-0.001924922881615984,-0.0039994876922630025,-0.0035533573177342955,-0.006673991187953732,0.0067213940684824934,-0.0027663162954742622,-0.0012327003476860052,-0.0002978426064483325,0.0015867788569125902,0.012206711016327964,-0.006661583254504928,-0.007211914871027153,-0.006845499978294083,0.0031318968142483236,0.01648388461583046,0.005398614349422811,0.003148442194103926,0.0022775177697593823,0.0019143463910544641,0.0017698804821772347,2.160363553163448,1.0022295852792753,0.0,0.01999826644602381,0.0020694745585806296,-0.006275370844538417,0.003047322250215661,0.005447780600117125,-0.006796637243202506,-0.0032427298613855746,0.004769868918750582,0.0005344528239675777,0.006055353068342604,-0.006748134814591365,-0.005244422628282347,0.0057607018313965115,-0.0033852208639702968,0.0004114381587126041,0.007683738954035658,0.007645129023924108,0.004536657654810303,0.0034746132237691426,0.003050468460073306,0.00288568420271572,2.041763423948072,0.4635399002330932,0.2,-0.009819450515665164,0.013497727507851096,0.01977202657562634,0.0017718413863755172,-0.011474409789796223,-0.02489829120940816,-0.013803053340488435,-0.0043501508222402495,0.004980979910810434,0.01851086495093601,0.0007022871187105232,-0.0016517487894636429,0.001588351878247035,-0.001931515082814253,0.007061913174462288,-0.007880510795271165,-0.0014011357189397766,0.00014192208530590953,0.0006299240721001239,0.0007920088564445102,0.000848594568517327,2.2092033321016578,0.8834544053233815,1.8,-0.003250200677511013,-0.0016668048204004807,-0.0010971068555614683,-0.0015050205964882199,-0.0013567811637107026,-0.0008549921858590348,-0.0012827387143518677,-0.0011765853618788367,-0.0012920212105989445,-0.0017370540625704387,-0.0011886552906213582,-0.001682811922234514,-0.002474185979842673,-0.002335828758074616,-0.0028645917625766924,-0.005872134604332972,-0.0015657549442929688,0.00024482987578763513,0.00031990832674903667,0.00027022502639486613,0.00023807973013335068,0.7094624290327579,-0.007292518681476326,0.0,0.0037895413450548133,0.0003895995647029379,0.00045290772389153683,-0.00013503297601927654,9.863349229050138e-05,0.0004375336976611408,-6.481787951526468e-05,0.000529280427420174,0.0003442660321190383,2.736904777773399e-05,0.0005763050551429067,-0.00018911890786345632,0.00026362808254878336,-0.00024562527078011303,-0.0005223669529630788,-0.0007003563037155814,-5.357469274462586e-05,6.217467237642444e-05,6.90711649016879e-05,6.640487582029523e-05,6.439782176038324e-05,2.249125012972994,-3.422120768728196,1.2,0.0009025340172709123,0.0008047360605383072,0.001020117442098728,0.0006468917604157621,0.0010391209263103769,0.0002964759374526984,0.00034387488920263165,0.0005845601598276385,0.00037325093004363563,0.001254799421848274,0.0010655887677098249,0.00045696989128717275,0.001475961548169425,0.001172354965765476,0.0012098127337701638,0.00044485470165072695,-0.0039306638716986465,-0.0024283023025243587,-0.0016898572706288474,-0.0013752824932773177,-0.001252290732027128,0.00021994871910645567,0.00044353663946193633,0.1,-491.9814130483448,0.9144511210973008,-0.3194874090892057,0.8411839739641422,-0.08709616859139402,0.3731368317851533,-0.1416502563207267,-0.16263438559350973,-0.2472619603235753,-0.3859505386811737,-0.6875177273572639,-0.717470469174847,-0.3044923449925392,-0.4402921607518344,0.3937383112356425,0.1262397935157189,0.2247858625006387,0.2061808013720352,0.19197869884185792,0.1843769243783555,0.18104412473394493,0.0001903959153950782,-0.0012619211929892472,0.7,-872.9906316814671,0.3324860666117502,-1.172785570295645,-1.3787343868360438,1.2680553483295114,0.40699170226408654,1.3328056561579658,1.403666809548163,0.0916012692243342,0.36494617899538173,0.3386211693919741,0.24587534217230456,-0.8268196730815127,0.3790469576723261,-0.06957797824706091,-0.08514103573740782,-0.22608022692124766,-0.13973018764462353,-0.09752388970299997,-0.0785155471463792,-0.07061117307244658,0.0002559329949816596,0.0023657092488328433,0.6,-703.6838508479981,0.6979639909973372,0.355026468141034,0.7474814615138996,0.5614010186258582,0.016622808937043487,1.207528459495137,-1.3323673181439126,-0.2167615964094587,0.05613901480278472,-0.3207050405715819,-1.9398119193848482,0.005411116807220395,0.3526459243866835,0.3142178228515249,-0.6094559021073671,-0.0206193246233326,0.06695262363176901,0.07669583485701459,0.07987996856134494,0.0810049776071824,2
2022-06-08 16:36:49.975446500,-0.0004923099261413904,-0.00017046769877186176,-0.0012002153869947296,-2.5148763773887865e-05,5.3705247924200926e-05,-5.6880564510236154e-05,0,0,0,1,0,288.02299999999997,-11.907086214558193,-21.396422270343667,-17.169141949473328,4317.229080898043,0.9384706493809492,-0.10409568913350292,-0.17961495670594874,-0.1129141597303463,0.0011705102101048687,-0.009469566468480984,0.006874321442597814,1.2640736436146678,-0.5386723783776619,-0.32140691354447803,-0.15360896506369753,0.06674176123069478,-0.08987510434737496,126.4557197916668,-9.539300863762886,24.745469274464675,-6.776729959037237,1006.7801181616484,0.058387310486874525,-0.010879693269681131,-0.04342052568724145,-0.06534298166571856,0.03144869078675373,0.05177197877472954,0.007647134935769159,3.4088149652372786,2.774648725221204,2.134155412663204,0.6180857540119259,0.4526023644582271,0.7261193104504581,183.7721321649209,10.286065010630985,29.373937203924047,17.493463307204905,1593.214780929503,0.3831368104620638,0.2828493552605122,0.16505815562425089,0.1254137400345106,0.12208504506768628,0.16281951168173872,0.09482797029936366,0,0,0,1,0,0,0,0,0,0,1,1,0,0,1.282051078601162,-0.9030659936387514,0.0,0.03107364788655877,0.00041983520578216856,-0.0028209728205915953,-0.0006155126809344251,-0.003073782676296148,-0.0011518179252395177,0.003680344047411289,-0.004528208347303582,-0.0033275768489085,0.00022833486096753705,-0.012222624682322013,-0.007359844432647727,-0.006440798209996158,0.005052326537726073,-0.002813828843626646,0.012341968784213305,0.0007439881943172768,0.0006060697129325037,0.00032143675521163415,0.00018647312949635517,0.0001314147989193965,2.003814261003581,0.8928674023807903,0.0,0.02204503267185788,-0.00473896498691754,0.004976829415921124,-0.009834774327947616,-0.0023053954457007172,0.007384906669055179,0.006563343556921036,0.0029498669564838216,-0.0027917469268972732,-0.0043805474810968215,-0.009134891593996221,0.0022580681436561397,0.010088316666731809,0.009316967149994998,0.0020801062138089896,0.0037996039083333525,0.000943682448669862,0.002090014158029272,0.001914271780069253,0.0017966599862794441,0.0017422534099353548,1.954226308503645,0.6461076258102069,1.3,-0.02536794289059864,-0.012706717941686962,-0.005125403839356804,-0.0004991489969083218,-0.003991029493186839,0.004976998477424595,-0.003677547044248704,-0.013652216737558058,0.0015757078987431409,-0.008129117148905109,-0.008383691743810106,-0.003497862851812677,-0.009199416117796405,0.00589280380669341,-0.008478910255817271,-0.004706506628418087,-0.000647872187181576,-0.0013721507792297284,-0.0014161932630641692,-0.0014337199163266875,-0.001442152363650469,1.647468160887032,1.0876847347236351,0.1,-0.002716807236413633,0.000572496183565205,4.1160392807112127e-05,-9.577673014891632e-05,8.005428978112225e-05,-0.0006091295490830825,-0.0003198172965167667,-0.0002113419753379252,-0.00030981996989394876,0.0002748408281115035,-0.00032380412197637623,-0.0003379382252230941,0.00013911603780974362,0.00011299696933069729,-0.0002239188360288461,-0.001496320027518208,-0.0016216659616371902,-0.0007435170063715884,-0.0005163867729595302,-0.000437973141088129,-0.0004101081686785941,0.4363121575993709,-0.7504071918252003,0.0,0.004032346946290064,-0.00011971915810977104,-0.0001038591639342952,-0.00031586289721944314,-6.534237167284102e-05,-0.0007693748041572278,-0.00028198595751796873,2.236648526370694e-05,0.00013552811265977386,2.4750822018041016e-05,-0.00038203298886240215,-0.00029167892436893965,0.00040974462373027834,-0.0004284073220055762,-0.00011848720368924258,-0.00011665542157755691,3.9258484490323534e-05,3.509015873125833e-05,3.5458710458106386e-05,3.344905078218446e-05,3.222652386684197e-05,2.259024458888033,0.95036737933482,1.5,-0.000411920829368615,0.0006197309181907023,-6.821742530279498e-05,0.0005886161887423559,0.0006956965491432608,-8.470951832129984e-05,-0.00013895543105519486,0.0001697621368799699,-0.0002752352564371234,0.0002403570464514372,0.0003663244726273643,0.0005378567863434543,0.0005169569515827314,0.0006943433092152661,0.0012048836885694793,0.001274076409189588,-0.00021264440593987243,-0.00033448145049370736,-0.0002396235797081851,-0.00018436863000068822,-0.00016055668693131382,0.000524453143313033,-0.00379045679675414,0.2,-492.46851599554077,0.5366408933692739,1.9497899351734205,0.4080924617177431,-0.052892301209531915,-0.3315756812131063,0.002174557922362652,-0.39672483798374,-1.071844016037005,-0.4548231724947254,0.13378336919288006,-1.394514731962218,0.9469452570647636,0.6957906722874974,0.6495181053884362,0.11394955501415538,0.12969962054033424,0.1653994603600868,0.14961008666116804,0.14103736001529654,0.13729159278677505,0.00017828776446549054,-0.004582235575716356,1.4,-874.5222561682956,-1.3700378223962133,1.2554134442930829,0.09236027938635516,1.2156179593667105,0.4518706574971318,-0.5793222445306228,0.6099902716951604,-0.8439272662526136,0.14673894057670367,0.3083117674075382,0.47179715510309,0.3794973058023139,-0.322000990178946,1.5132221592625117,0.19621032720399967,-0.026958595493166367,0.04250033083909699,0.049448330971687326,0.05207221083831115,0.0530337880709455,0.00026025562695362517,0.004535679730686772,0.3,-704.1544721917709,-0.023384391639652332,-0.32744525369184885,0.7672497145536497,-0.8836549548585495,-0.5924176595638784,-0.09422243429607136,-0.44309583824514576,0.6167485168265685,0.4893970240129022,-0.3130123998437249,-2.4180307391685965,0.6378960455475511,0.5002995252546185,-0.14123033993139344,-0.5374404489173337,-0.16958750679331658,-0.07760785472863141,-0.06105928402981675,-0.05577627530911222,-0.054028466902851235,2
2022-06-08 16:36:52.725446500,-0.002700596349752029,0.0012379703156608082,0.0011885316386228415,-0.00012379866795878463,0.00011774667980557593,-3.527668623904014e-05,0,0,0,1,0,289.0015,-11.987940508929505,-21.577644867053813,-17.00541710519651,1227.6845686464994,0.4056741273533402,0.2031028086528793,0.10264217291526608,0.11892031656568153,0.002805668799750967,0.0025216758309245463,0.02178780426909792,1.2260649719262535,-0.5350533543418211,-0.3143153357752221,-0.1516271498152589,0.06754434640765745,-0.08670312199755419,133.08154687500013,-9.519622416060024,23.28162262166412,-7.121130859329809,1081.7966963505057,0.08134221902280224,-0.01015641055434655,-0.04579589511123317,-0.06414233270342493,0.03073523694514757,0.049861058781251084,0.008673066157796859,3.316364425494959,2.7262555316160397,2.1170621565043755,0.6006837055171955,0.4237017392576449,0.7005008806462938,184.30598638105442,10.244202563817812,30.033173264845253,17.52241954176186,1631.7405157992418,0.395531585055977,0.28328492995227805,0.1646794844863701,0.12615347930572807,0.11783012660529638,0.159650965388087,0.09304102480629046,0,0,0,1,0,0,0,0,0,0,1,1,0,0,1.9384026623704256,-1.5358482296489897,0.0,0.03033872437143662,-0.005747360382062161,0.0037031072345927295,-0.003020381827096573,-0.007159040228436858,-0.01343340130649863,-0.00731248274165052,-0.00935717389404587,-0.012940870428282571,-0.012350059051921934,-0.002923950075071293,0.0029484741877857075,0.015188339339881082,0.000272045079914756,-0.0016473773059922185,0.013907154897068074,0.002335714516022264,0.0013504088685872375,0.0009632818392583801,0.000762907875834875,0.000675019773120838,1.8151005741630533,5.4383761653044775,0.0,0.01973471379387796,-0.0039733375070925185,-0.001394101671720101,-0.0016483576670505342,-0.0015549872720384233,0.0022291453762935285,-0.0014008598658707726,0.013040495525001396,0.0058050381686661386,-0.010555723928170507,-0.014128258495757818,-0.00850989776974065,0.002667346762770904,-0.0035404716057191163,0.002897930230810176,-2.5704770200214082e-05,-0.0015675663886427814,-0.000771484862499697,-0.0006894513050509014,-0.0006826488206208054,-0.0006840853262429124,1.978369053276916,1.392553117809705,0.8,-0.01724892977094759,0.007335036110262019,0.0004380749382286177,0.0048897866977301325,0.0015821855245833204,0.002760242689426343,0.006196176798161708,-0.008429105025064974,0.012306210224405206,-0.00028932100820419507,0.0021189110702330284,-0.005005310797286097,-0.0023623412581795147,-0.010032103813064294,-0.007951737288497945,-0.00016138239627449486,0.0002978103106514056,-0.00015279882596012278,-0.0002296431256182329,-0.0002471433449479764,-0.00025135987323509214,0.9111857096179636,-0.05051412880122639,1.2,-0.0034000502682734607,8.44655188984195e-05,-0.0004170627167612435,0.0006132428076276118,0.0007047200102126839,2.271981367542151e-05,0.0002555323845159546,-1.1432832947265355e-05,-9.77791544665002e-05,-0.0003707017237398958,0.00010478274987173132,0.00029254377138173283,0.0012495103884611165,-0.00024912377787904933,4.7089691408594985e-05,-2.271211699295876e-05,-0.0003874867398158679,-0.000224852124872341,-0.00014374863448794866,-0.00010940208719857644,-9.59861955664233e-05,0.4224381996124557,-0.0768382869237213,0.0,0.004500017122824676,-0.00017906059013039896,-9.813273155181144e-05,0.00011833253441138078,-3.776581206696471e-05,0.0004306919420165488,0.0004052496781205655,-0.0006391984333962075,-0.00038712541251432136,-0.0002803882504166326,-0.00022572942986962983,-3.226621046058581e-05,7.721232948680758e-05,0.0006893939367824287,-0.00028699285407191537,-9.441519659939446e-05,-3.7041274592579326e-05,6.340075729058031e-06,1.8222846293437e-05,2.288280918826276e-05,2.4577836496135433e-05,2.3518027761890368,0.8454521533779781,1.4,-0.0004849729299437999,0.0005388210983081936,0.000579538097659766,0.00041783624304334016,0.00031522792725939737,8.772154191797536e-05,0.0002738778341929043,8.129327844745053e-05,0.0003421158095104948,-0.00021976659119324912,-0.0008562847132216588,0.00035498638276568336,-3.889197361005707e-05,0.0004699821843606642,0.0006762183352356781,0.0002889979824062877,0.000177868920208255,1.377441948373572e-05,-4.398442118224376e-07,6.66836882604418e-07,2.285295701323539e-06,0.0006416641820104265,0.0071918062217776295,1.2,-492.19782463372223,0.6332311932263721,-0.8744541939003909,0.8359268055604545,-0.6206563385366977,-1.0022862019906142,0.06707972430400487,-0.2513156232097025,-1.6266443626389542,0.2594664014947252,0.3978607012647473,-1.0575323728161852,1.8648619723123967,-0.4969755904464499,-0.8260521649749517,-0.3793252766296682,-0.06717001650367749,-0.09821113879081443,-0.10091470164845084,-0.10154543756834757,-0.10174939275474926,0.0001727638761574517,-0.004791937517356297,0.1,-874.3829283872633,1.0552893569424953,-1.511931120906624,0.3471505092263669,0.25863349014193204,-0.37716119185297,0.6804093925934822,0.2631683018073829,-0.8924267156285097,-0.7651014594409878,-0.989720258190932,0.27481037082355186,1.0126975085626526,0.6416669952861334,0.4194156802762521,0.4849576108226117,0.35573743725963425,0.2947530055463829,0.26184923598570364,0.24653629702016036,0.24013504518190976,0.0003885066237494005,0.004109863285188677,1.2,-702.9547971933597,-0.0169768685923799,-0.29677835244595485,-0.3065235874921086,-1.1648103894347486,1.3025724383111594,-1.359040717572995,0.2825980276831181,0.9412003690690652,-0.9338685010587257,0.5779896686957784,-2.0077600715256274,1.53453352058958,-0.1796710698860906,0.22409010993156286,-0.4656868028568794,-0.19843841651389127,-0.20351161665107756,-0.20246711718857213,-0.202999103964717,-0.203506072976138,2
2022-06-08 16:36:55.475446500,0.0013912673367910964,0.00236605611089209,-0.0017568626507944432,-0.00011785078514681209,0.00021699715009815973,7.330145030277628e-05,0,0,0,1,0,289.508,-12.035894151331927,-21.333690805545785,-17.465660903397648,3766.603517886737,0.8440070748503906,-0.04683192570333647,-0.12884619505060652,-0.07442548856320097,0.0019747607644807407,-0.007114886862323375,0.009759373583632608,1.2120106009241671,-0.5322827165572392,-0.30227444827113203,-0.1575308458048402,0.06839369807390246,-0.09086955979952466,139.70653541666678,-9.47253782021892,21.84151896211463,-7.448434324988004,1157.4631057835663,0.1041718849366522,-0.009607379150882868,-0.04889677922466765,-0.06259915910714067,0.031345639903193716,0.04850460994911357,0.009288241557184574,3.190458056049949,2.6853550204031493,2.110244107860741,0.5645354124512646,0.4203572635265039,0.6676643381950541,184.5994711732256,10.209780424424345,30.623647066778673,17.548643425037227,1664.5437706756259,0.4063524781359334,0.2835880641015805,0.16392168563697707,0.12657387562834382,0.11170911737501583,0.15511822555069707,0.09199888403759443,0,0,0,1,0,0,0,0,0,0,1,1,0,0,1.3326069741190665,0.4612880071260474,0.0,0.04302529576402756,0.006005378582984247,-0.0067330451816134795,0.0035908547981036688,-0.0036605541027845533,0.0071742510576497266,-0.003148740035062078,0.0004128586945409643,0.0041805856086756426,0.01431832246799884,-0.011733772419279415,-0.003252976607655265,0.013821474175422094,-0.0038347744874484275,-0.002818922449288483,0.012188724568243752,0.0018975504933760922,0.0007054891123212815,0.0004104826420671385,0.0002876687710508541,0.0002389502495536029,1.9662889236205383,0.16642283523271573,0.0,0.020093523731126654,0.006885793825016147,-0.002282109477336484,0.010876446288685684,0.005170462637753843,-0.0027191538196421608,-0.00024155899052120752,0.010539844090088357,-0.0071452415517167175,0.004470160235667447,0.016518464007792822,-0.008764477890140801,0.00011695378928987275,-0.0016829057784573177,-0.004406720203324843,-0.004083580748520889,0.0006424529895576461,0.00045707411694058555,0.0005805333125885367,0.0006480757693560995,0.0006768278018658776,1.8485148358488244,-1.0661579805989687,1.0,-0.021949104688367176,0.0019933450150710482,0.0009294646154580748,0.0015144279829047427,0.004077516735323173,-0.0096965237322325,-0.010632899066893749,-0.012148032056861073,-0.004237890404972631,-0.00010345084923991291,0.009763463559092128,-0.0019034848282911934,0.004792947938203894,0.006698942178537559,0.003892019093792811,0.004258952289499085,0.0004760946457041174,0.0008505113753184747,0.0008548061011572747,0.0008298556520419637,0.0008151463297664549,0.7336270828877397,-1.4578673888588656,1.3,-0.003289013828857849,-7.97563340089063e-05,0.0005813896582872027,-0.0003077153385804258,0.0003273646642667503,0.00015331613907956478,-0.00020621048101737062,6.800831094721317e-05,-7.521461281812387e-06,-6.735330466018031e-05,-0.0006553644241570263,-9.982564025201009e-05,5.3449685632058286e-05,0.0008192828950623068,0.00026602950379237656,0.00032458967531138935,0.00017763078398441321,0.00010241982409960691,9.399227367138336e-05,9.065361000158916e-05,8.915585979786237e-05,0.3041317931125801,-0.5701500217809732,0.0,0.005055751950309948,8.185763030084327e-05,4.470213027294172e-06,0.0001928995802800452,-4.6153676034252065e-06,0.00034078601957185335,-0.00022170991232928536,-0.0005326079738420592,-0.0001627079947596617,0.0002744213273262777,-0.00027894803245576935,-0.0003766656859069233,-5.6921891335644385e-05,-0.00014226947805286806,0.0005080768314449887,-0.00020032929426401486,-0.0002459496488284111,-0.0001608993763104354,-0.0001383590047684671,-0.00012873933488298623,-0.00012485830118555974,1.98522113022119,0.8945497841520086,0.8,-0.00034378469508275765,-0.0001648166088289499,-0.0001383665349373891,0.0002038032683820572,-7.533564672203554e-05,0.00022404174540579247,0.00018109923903667795,0.00022504019873027906,0.0008512513232867313,0.0004045557798003525,0.00042839577162055866,1.039799302484752e-05,-0.00013406726908137272,-0.0002928334448802875,0.0003225451839771369,-6.0160786961258054e-05,-3.800753642730232e-05,-5.5087073799366564e-05,-4.835674019675515e-05,-4.238895310835637e-05,-3.937318662949538e-05,0.00037613879230871547,-0.00011722340294684272,0.5,-491.1729605136102,-0.36360948836936297,-0.29487420663852504,0.554058824461265,-0.5728510630913917,1.0444109174975509,-0.8826482331246979,-0.014504849417416919,-0.5200644723214829,-0.2385088817731642,-1.1979503879205513,-0.9299732439475328,0.12048326119760233,1.0347123577423627,0.2551281709577946,0.0061344627538488785,0.27698413347997075,0.13405687315092685,0.10835070331433982,0.09586641640758843,0.09040940152206688,0.00018754597055794142,-0.0016650929918160535,0.2,-874.2658438960855,0.9728642179615008,1.3571562539543152,0.08440365655562232,-0.01526032984139647,1.2156131804160566,0.38522943251481934,-0.20427654560263875,-0.7859235910295509,0.1791965098106374,-0.7319712648788723,-0.5392261057023227,0.5735307785083776,-0.2277856524174986,-1.586986158678119,0.5798201746621885,0.5878104126637069,0.3489512636896777,0.2966361032730358,0.2742820706429896,0.265263276267778,0.0003229068921768948,-0.0034249703447952907,1.2,-701.8021845368283,-1.0118391201310717,-0.8901012989373102,-1.3733367404390575,-0.6225632004409647,-1.5278038567923744,0.4942028753625678,0.14977177794468233,0.5777955095092578,0.4652522023772647,-0.9932592666799992,-1.1768759677039355,0.772377215669799,0.40565600377759736,0.7001436992661993,0.2172559960511009,0.3327189406305457,0.2722739631717488,0.250498775552952,0.23772924631403924,0.2318568355462194,2
2022-06-08 16:36:58.225446500,0.0009712579439641486,0.002458663590969925,0.0008132609586737862,6.200767511075421e-05,0.00023698470375409385,-6.697597079768286e-05,0,0,0,1,0,289.5075,-11.945914514457396,-21.38710995949613,-17.067809976654644,4262.677509328667,0.9292026391972972,-0.09928775066255968,-0.17412902739461306,-0.10835966295139704,0.0013521551292018804,-0.009342313412131771,0.008137989250879385,1.1929397701287143,-0.513734413994914,-0.29666373173285976,-0.15558400780479256,0.06977166269063309,-0.08997688879689718,146.33046770833343,-9.389300211492273,20.39982170431007,-7.83300396420307,1234.2803625407491,0.1272874903773495,-0.008609276362792066,-0.05227795656070279,-0.061494094494701126,0.030863380090690826,0.0472404462826145,0.010200810703698585,3.16775690928268,2.6023887196868336,2.067950607137293,0.548458166435988,0.4134747197129985,0.6545050626535359,184.65370493772556,10.156806513077276,31.138359473603067,17.555847849424648,1695.013402221341,0.4159250262670553,0.2839109076371173,0.16375645294618926,0.12708487885208175,0.10944050890785252,0.15408702733738985,0.09122327506393874,0,0,0,1,0,0,0,0,0,0,1,1,0,0,1.7054021676047015,0.13906752712430553,0.0,0.0396414253567201,-0.00806185914500837,0.005243523936161401,0.006249987377854972,-0.0036772524903180537,-0.008608391617293076,-0.004324425438211961,0.00123418531145032,0.016699656702394712,-0.012880167226085449,0.010252868552864416,-0.01176474257638062,-0.01359656805869865,0.002305499785885923,-0.0013233172454020891,0.01277389200194286,0.0019788020035904526,0.0009415830631091537,0.0005582228087997866,0.0003775615168928084,0.00030190299792302617,2.108409011065369,-31.99132385768961,0.0,0.02387912211688906,0.0053313606545336975,0.00578166080556451,0.004983797333049364,0.00789470898009713,0.002769118908155802,0.005093111763441731,0.0036965540718207077,-0.011909857831009693,0.0052184268214132785,-0.00458550098084495,-0.01998329141526468,-0.009567235639257316,0.008812186185752956,-0.0010892370468927675,-0.011032626818551794,-0.002847268287156161,-0.002904008530309809,-0.0026642608313909,-0.00252891443530821,-0.0024675020728097247,2.1580435638401925,0.2477569448605709,0.9,-0.013942844378496041,-0.002903669556251506,-0.006685614170860418,-0.0036985510802776634,0.012052751733522087,0.006376207652916567,0.0002661937045647547,-0.009270594911324431,-0.0006600321178596647,0.01677467117804125,-0.010133548315029087,-0.008368274031381098,-0.0018786273194510688,-0.00556491056199171,0.003847081776920225,0.003829076235963732,-0.0010102388480033068,1.6395728580641884e-05,9.902254773020551e-05,0.00012254549179704636,0.00012950693277367274,0.3709480413129151,0.3745247804677251,0.4,-0.00312495506056712,0.00015677164119741167,-0.00016981082609460532,-0.00016008479629860546,0.00031663602188968854,-6.985702016952262e-05,0.00012067686890836812,0.00027845267303892667,7.343438039942172e-05,-4.570007927453385e-05,-0.00018041169322148117,-0.00025094128431018577,-9.759115552548098e-05,-0.00048346744997295577,-0.00017047247055792936,1.2544448918322755e-05,-2.9089618692043525e-05,-4.759905693253896e-05,-4.710925941393079e-05,-4.596463917926384e-05,-4.53242947514171e-05,0.3660899001803963,-0.2619884778972666,0.0,0.0053671537647251456,-3.180247714250296e-05,9.075655709960668e-05,0.0002302149992900605,0.0002347118402023576,-0.0007314302122360112,4.2756467683902695e-05,2.8993292947576894e-05,0.00014709755466890315,-0.00038490970500669263,0.000472696185192276,-0.00044819034149752677,7.371376227813767e-05,-0.00022154091050520893,0.0006889662725381478,-0.00014068035332365157,-0.0002166817323267867,-0.00015721161924761427,-0.00014030287379738048,-0.00013294907180584856,-0.00012998689441878034,2.344899549916512,-1.8145171536885467,1.0,-0.0009775217938454844,-0.0005560331916566309,0.0006092255703474798,0.0004786180014844341,-0.00026158656887662643,-4.32437934098527e-05,-7.967261052314897e-05,0.0002802462833540391,0.00038128993520729137,-0.0004736837935763148,0.0006875082169733046,-0.0005846224988109397,-0.00042046018681365764,0.0003727745992537504,0.00022651500731866005,0.00024124909233707618,-9.91071412235104e-05,-3.6527508348703794e-05,-1.8363410680247374e-05,-1.0243336257550353e-05,-6.88846763162047e-06,0.0005956414255561943,0.00775237804925502,0.6,-490.18780366647997,-1.0906710544784772,0.2733009300037708,-1.4643234749497085,-1.007001449923763,-0.64186208586964,1.1621119071512285,0.7112660676134297,1.0977932410821951,-1.026963689236835,-0.7671790704485151,-0.4455487072444324,-0.2050270952994726,-0.5355806532004532,0.5183509872032221,-0.2740256809482009,-0.25499344793679946,-0.2118823030199337,-0.199630892078444,-0.1948312874819713,-0.19300304484040987,0.00012486116932520355,0.00044749623959055977,1.0,-874.8544993041461,-1.3371733109112256,-0.4447630135325937,0.01090920436166698,-0.4367557475537751,-0.495160837651845,-0.16119958436370752,0.10044348033106587,-0.4519708945777339,-0.5184187203944077,0.8300031127398101,-1.2168631514581565,0.03428494101503432,0.3611199760516897,-0.8025169623069957,0.6210548908145448,0.3709211291117427,0.16241737973359704,0.09922866033483224,0.06928913982815388,0.0566926537682777,0.00033321533144642785,0.011262573655465829,0.4,-701.5771212564115,-1.1155933314129811,0.5641368601501142,-0.7975173982281731,0.8159759024639399,-0.017202321346289295,-1.3994214963816063,-1.767698866848228,-0.6487072085527608,-0.35667113673101625,-1.1377920496364349,-0.9968147734633632,-0.4086106620483143,0.2177424929485383,-0.8194519737021082,-0.233617405662816,-0.1416566870408964,-0.12424876330571345,-0.13380497149149306,-0.13870141286375934,-0.14088784268975196,2
2022-06-08 16:37:00.975446500,-0.00014167199193703572,0.0016023522722001266,-0.0009759154068546804,-5.585469370658124e-05,0.0001884159518728116,0.00011215591926365471,0,0,0,1,0,289.98,-11.915866421515648,-21.112076245100955,-17.245984077586694,3745.740015747826,0.8387691734024171,-0.046779693074363235,-0.12833063959923946,-0.07231643215767257,0.0017210320172249508,-0.007452451022886735,0.010890755941869956,1.1674442632436728,-0.5118633247367425,-0.2897110011625899,-0.15560756130781814,0.07308333803702241,-0.08946245297383185,152.93777187500012,-9.325503042047805,18.962535891770187,-8.186918271839405,1312.3657913587138,0.15056022529977192,-0.008066061949044094,-0.05556832497457485,-0.060431727471455934,0.0306152500750496,0.0456970255705419,0.011228596782980993,3.0837188529026194,2.5526974499710127,2.0394166190047494,0.5346486409825562,0.39038134049233497,0.6358104274887699,184.4574717841771,10.09308030249765,31.57830900383151,17.560520031524057,1720.5857298577012,0.42408114517584267,0.2840540740996456,0.16266357140489415,0.1273813113429688,0.10581608615046627,0.151304562333726,0.08974482641076956,0,0,0,1,0,0,0,0,0,0,1,1,0,0,0.9949505008890972,-0.80138188059166,0.0,0.05007212995851122,0.003326488813357105,-0.0038491028491246977,0.0019719911323855073,-0.0006356749181211634,-0.004863279496380052,-0.0063864103927792175,-0.013707480327767002,0.006773614929125129,0.004562490794676803,0.010297072799069159,-0.0030055139028423486,-0.007326465293284286,-0.0038282909416364795,-0.007432787965069782,0.008505560036001966,-0.0012585410524843107,-0.001269217627373201,-0.001304587905590192,-0.001305861130287132,-0.0013029968254506454,2.0738589470904403,1.5707022617865658,0.0,0.02306203073038249,-0.005291809789302817,0.002530900672435307,-0.0024870392929391785,0.0028066473224132816,-0.0031001618053412266,0.0010038771264831703,0.0022330429283114435,-0.010762925077369976,-0.016594608148912636,-0.004499829901362377,-0.019149024611914468,-0.0028138395149638513,-0.015755388878068027,0.01373173927973839,-0.008856003200569073,-0.002656687307912069,-0.0025304284282100715,-0.0025809547656718787,-0.002589570711389271,-0.002591089509752316,2.0069359252412733,-0.06808597817080157,1.3,-0.017016046595811973,-0.009507347526394651,0.007114685789995649,-0.012145302495577888,0.004260756960317873,-0.008726183227126205,0.006902378325606275,0.0016073040815064669,0.006863757000545914,-0.025285676164863144,0.005766539562436029,-0.001973598803944329,0.006848115004045335,0.011397645212661293,-0.002973059782423001,0.0012683084781001895,-0.0010132833836207476,-0.0006388831953367568,-0.0004173730310184547,-0.00031754532501192587,-0.0002772422893188252,0.7826683485198531,-0.456856284966381,0.4,-0.00373429058448452,-0.00048521611323928184,-0.0002640224108366556,0.000573383992526007,0.0007308312815196829,0.0004111637017760541,0.000442118722017245,0.0004769719103658785,-0.0001911091387792809,-0.00035492796947641744,0.00045317716399898917,-0.0005065534704171655,-0.00011046091987313576,0.0002896217058885647,9.475119161815815e-05,6.513168077151263e-05,-5.0145535507501923e-05,-6.853096170360626e-06,-2.8064808392714484e-07,2.7653346721014923e-06,4.086522522132189e-06,0.26664725629887,-0.2106265475668753,0.0,0.005664216205380632,-5.261024673981817e-05,3.688190096989846e-05,0.0003727881200334253,0.0005752639925894813,7.377277651263202e-05,-0.0003368294522098672,0.00036037031186600497,0.0001971067070322721,0.00015062829834101323,-0.00019521076688521115,-0.00043349891675804837,-7.659409111482682e-05,0.000325250953605128,-0.0004636227943790502,-0.00010984467235756914,-0.00012126178142404695,-9.390564637600966e-05,-7.791379131008572e-05,-7.018450615909229e-05,-6.690979286049467e-05,2.199774871708627,1.1702398304777901,0.1,-0.0012836721389649028,0.0008897233346637841,-0.000258350295345866,0.0004928046673980182,-0.0003058523727711496,0.00029736133290705305,0.0006771809192497563,0.0004259990266286607,-0.000689102288909335,0.00015829674671491718,-0.0010007406339196776,-0.0011065887956847912,8.742125412335454e-05,-9.142932917371758e-05,1.9357154015620415e-05,0.0004797399773547929,-0.00022907210595471167,-0.00014564372803996508,-0.00012611038147776355,-0.00011755429038929931,-0.00011402496190406746,0.0005174335125666211,0.0012512092012551756,0.8,-490.134242962645,-0.6883561958513411,-1.219150043484419,-0.5197231639255477,1.2002541694803526,1.1857457373354665,-0.8494029797493248,0.6866473000986133,1.216656569782561,0.6271221926880859,0.3457507144366705,-0.6508116570868516,-0.40453217835666605,0.0319226675891251,0.17213120922328606,-0.14331334237265916,-0.3954720705190198,-0.2095408557921932,-0.177969155416573,-0.16421414525355793,-0.15857448126084095,0.00011095722376231174,0.0017929895847689737,0.3,-873.5179064815161,0.4560301903300399,-0.13122762084157102,0.9929222136103276,0.6769362928090885,-0.34544382042364674,-0.4402210317157795,0.7735047807957471,0.7304712219199061,0.12342480669021327,-0.4940184789097018,-0.8759609905590047,0.5843930798938288,-0.9417809704911908,0.15376269279888533,0.18087629823232376,-0.21518792993965266,-0.14943206130455522,-0.15121035170036912,-0.15106463451317784,-0.15078968740168094,0.00022247911020387002,-0.002749553560534834,0.6,-702.334690924914,0.13310380652680465,-1.2513056467013826,0.19397339966326396,1.13940960258887,0.09933760945727954,1.298610327145845,-1.1811809380174267,0.12973313056780356,-0.06384141162784117,1.1650873487270277,-0.41311410609886495,-0.02262425403320023,-0.28342812572637044,-0.2578209934218343,0.037705611662879335,0.18570309662091944,0.17998736531023066,0.17597968318962387,0.1728263799809815,0.17121845962386215,2
2022-06-08 16:37:03.725446500,0.0017246409720101487,0.00010315966372343376,-0.0006828223720091702,-0.00014357871277436254,0.00012912254728133222,-0.00024133144162409912,0,0,0,1,0,289.98,-11.855688454884085,-21.202570075975657,-17.23392024839723,3223.0788661834285,0.7488467257026628,0.005618919653334066,-0.08111306501792186,-0.03251914578930699,0.001870435702096564,-0.005397061659670983,0.013258546163483691,1.031025487733538,-0.25894244957110873,-0.3882810034834392,-0.11377623629222508,0.05126525477610633,-0.0520219775854632,159.56880312500013,-9.290293344583764,17.477551224667227,-8.577179570061785,1394.1114807230829,0.1751746197853231,-0.007626894941307787,-0.05687796883239511,-0.06101154136556111,0.022531372154081342,0.04251157872271652,0.011489924005243431,2.9918176526360143,1.9676500593214108,1.9125617703576572,0.4660467502258909,0.3661740172551714,0.5864882828719953,184.0400260086509,10.079797629780098,31.908388242630274,17.564245941541117,1743.5049253672546,0.4306362574491959,0.2841543084661696,0.1630238411188945,0.12749457592266394,0.09273183874004852,0.15074273116314502,0.08968599359336397,0,0,0,1,0,0,0,0,0,0,1,1,0,0,1.2736720191488569,-0.7864051951069181,0.0,0.047624891004831686,0.001591765484520339,0.00712378812895872,-0.0019657058199674788,-0.0051921576684500325,0.003690607677888301,0.012491945387837136,-0.017644363943417233,-0.00952972379907184,0.0011855074121716687,-0.018939161930392183,0.005305489917946792,0.002487580147888293,-0.004809522945148267,-0.0008107670406540568,0.008242122904120616,-0.0007475250031761349,-0.0007328224619812633,-0.0006461160736776898,-0.0005952077993117309,-0.0005720574013711037,1.7662508459930082,-0.06168845087198674,0.0,0.0293493084477612,-0.0006684349106433555,-0.010697564666410723,-0.003887753692257582,0.001884237218728612,0.005167469062501046,0.001414694120645326,0.007189828219232398,-0.006635809753979967,0.007680285969742779,0.0020937121398303792,-0.010311730614501092,0.0093777972559816,0.013794951578182134,-0.002875021548538829,-0.006577272958486263,-0.0021167628916178368,-0.001904728462478154,-0.0016300792886001702,-0.0014818849992890234,-0.0014169408359616287,1.9295811443977788,4.270753073470891,0.9,-0.020172915125792917,0.003495664680144386,-0.009788020397838092,-0.003869830657241795,0.0001179125699847768,0.0065116349760562225,-0.011982419690048072,0.008455627699192197,0.006146638861590728,0.022095999676565725,-0.0018656774409878567,0.00032018432889860783,0.009601195092667877,-0.004897489878995329,0.006132450259244368,0.0011931671156260248,-0.0009805737708159991,-0.0011010675859508838,-0.0008700145170172747,-0.0007569902542025848,-0.0007095831594774591,0.5194437333994351,-0.0948093959974018,0.7,-0.004259595854137005,-6.169867684582809e-06,0.00029705934557298767,-0.0005112235801083982,0.00010307365395144427,-7.408983108912845e-05,0.0002293461540443188,0.0008435233140961655,-0.0006519408353420241,0.00047804546488193684,0.00017434405429851238,-0.0003777663994678569,6.982526439390623e-06,-0.0002698235678106729,9.824147053156638e-05,6.67731417152939e-05,-9.1590772943214e-06,2.086383167364304e-05,2.337254097364785e-05,2.4016533102346594e-05,2.4212758547622336e-05,0.2185511538141444,-0.2871063601824983,0.0,0.005518061006526114,-0.00037735190251827577,-0.0006106082891637058,-0.0005659303528401593,0.00011621364918241391,5.183815535419003e-05,4.47792981435346e-06,9.74942072691802e-05,-0.0001044814113116855,0.0002974233965453104,7.316094052573009e-05,-0.00013747576233128904,-2.0452322112611608e-05,-0.00017350010960515456,-0.00028789396391479586,9.02320351668898e-05,-2.301024449803522e-05,-4.874726349478954e-05,-5.765384503064107e-05,-6.196766300994947e-05,-6.381377227345254e-05,1.5733857836788785,-1.0760038192634978,1.5,-0.002431552615468637,-0.0001929955263196071,-0.000146351220257125,2.4131824006143365e-05,-4.430344771838714e-05,0.0001995422474326186,-0.000435477511184414,0.0003367242476118628,-0.0017138808017254574,9.027105824820844e-05,0.0008594948949044637,-0.0007021528770024822,0.0006290167563275928,-0.00027843494755644844,4.495481244091164e-05,0.0010475692958228644,0.00014458680531384202,0.00015472195809842926,0.0001465142797885026,0.0001406114074471889,0.00013779737109529842,0.0004421966405282744,0.0011154623518341929,1.0,-490.53310208875087,0.5531557523737902,0.6530764328067562,-1.1370593386623824,1.1333491281018553,-1.2053829192431067,0.8239651312934164,0.6910088868176949,-0.05340539885500917,-0.27223556963205553,1.1790140795908144,-0.10130924257707363,-0.18444620337013795,-0.1218598318259776,-0.6338901418874006,-0.08592024513388807,-0.17463207444924403,-0.07828137695513249,-0.0451942965650769,-0.031048410073724494,-0.025329290345610826,8.058883875794719e-05,-0.0007473340609538262,0.4,-872.7038954062626,0.7042333119976547,0.2108218402600244,0.14511196335828913,0.8521708618785624,-0.15092399777195453,0.01310792331044297,0.3688082080541051,0.4894279574581404,-0.4991561946607312,-0.6092619686408192,-0.3975358212909049,-0.3431707675465745,0.762781507215923,0.8138415704164785,0.241277966600439,-0.18940426824664056,-0.1163200134157023,-0.09683025356461172,-0.08856614373747362,-0.0851829677396152,0.00021829378196743519,-0.00018522656034402336,0.8,-702.9984922108728,0.5965430093733488,0.4950476980538383,-0.3865603141262923,0.6436840925811893,-0.5432946046418579,-1.5404130376098664,-0.6943174470317608,0.962841270837103,0.7828264417781341,-0.399646683851671,-0.7003795914026583,0.32186104565959184,0.6939812706030749,0.4600709959266105,-0.4133669436378753,-0.08638819924604846,-0.033060426229537754,0.0019645519082747143,0.018400551019330358,0.02532004615829431,2
2022-06-08 16:37:06.475446500,0.0026316803870513475,0.0007601830113000465,-0.003251395447055705,-0.00026778228770897035,0.0001860809244898604,-0.00015188314834380695,0,0,0,1,0,294.03,-11.955427763978381,-21.135828220063686,-16.961533021291928,3518.507462895708,0.8000987540202796,-0.025624521153529728,-0.1066761300928458,-0.05343247707731569,0.002191598698244691,-0.006787397390060797,0.014651849091639328,0.8814444061877559,-0.07521069697556766,-0.4331431739242759,-0.07792820410365033,0.033219816496818516,-0.02292869327392955,166.20426770833345,-9.263039026127057,15.991100308273227,-8.960035859807089,1469.3023706193494,0.1986081253803524,-0.006622977070309242,-0.057600637775715426,-0.061019421636959184,0.015470055273810922,0.0376140762798532,0.012322043567186846,2.87363170499552,1.5610519379603238,1.8768495434619883,0.4093978764186234,0.3482764740266985,0.555591516022609,183.3847428349397,10.070812328281217,32.16581083582508,17.563207327996068,1755.0051607103946,0.4342342168517074,0.2842466181238243,0.16329667096405345,0.12768718890966144,0.08154558750606693,0.14870043842004854,0.0895220288971924,0,0,0,1,0,0,0,0,0,0,1,1,0,0,1.07912249662289,-2.376874740175935,0.0,0.04747354916880566,-0.002640851837488748,-0.009774159446279828,-0.000388470426629373,-0.0027150123072275183,0.0064565809010178,-0.008565480504581441,-0.005623430491149141,-0.0101934573939777,-0.002975703543943135,-0.002745548289288273,-0.004815418755021685,-0.009350507316952144,0.005192742601926943,0.007664146504916684,0.00868775655203198,-0.0013043896009273252,-0.00145112124248826,-0.0013813546510488962,-0.001343783051571986,-0.001327924825748516,1.657431043636962,1.7799804832609591,0.0,0.02719405050250561,-0.004012390413991761,0.007246292710626098,-0.00989339203575847,-0.003347102485975674,-0.0006286354208286334,-0.0026561429618097,0.0005621844245638618,-0.010608356046327868,-0.008231876534903078,-0.005256541836691851,-0.008025802047021061,0.0015872128220943704,-0.00744298796746767,-0.003036121200413726,0.0010891809351492782,-0.0020313084864950104,-0.002180517289227944,-0.0020468326526241246,-0.002000134826852693,-0.001983408086497379,1.77060870727523,4.632244892235861,1.4,-0.026180890475980614,0.001557639028558818,-0.001678826914723209,-0.0035824967411301188,-0.011666181479754432,-0.004380402430716795,0.00235496554854432,0.0019071586810369848,0.000469701201362516,-0.0034726395474838478,0.00677055315986371,0.009925449195582931,0.0033761657616594148,0.008658451845218164,0.014930302189973156,0.00723743159469172,0.0014401068787086785,0.002091823436582806,0.002124943196995648,0.0021094527265009847,0.0020959065965858057,0.4109747284404612,-0.05603693408561253,0.7,-0.0054269870785429815,0.00015048829276831065,-0.00013564693194577991,-0.0005574092601589362,-0.0002401883524628459,-1.8226273263729881e-06,-0.0004275160852147212,0.001008513114823149,-0.00044765424950749287,-0.00033487024317354464,-0.0004647496642843828,-9.841969150470329e-05,0.0002486037502546417,0.00037088893867291635,-6.820798527368651e-05,3.5956603535247806e-05,0.00010902736421798564,7.444582081380349e-05,6.606489888507843e-05,6.187231871738696e-05,6.0081287679879053e-05,0.3105525867692497,0.08941273847671102,0.0,0.006076005434562227,0.00012276992946358715,0.00036282075221756517,-0.0008915961525968744,0.00038929976362831007,0.00031126074651043555,0.00010608137009505428,-0.0002834458223926428,1.9482567772058455e-05,-0.0004306440360568728,0.0001391270941023824,0.00012736160838123449,-0.00021085116532379327,-0.0005455766615289415,5.591507930772523e-05,0.00028030388041901924,0.00015566791604033802,0.00013071955491317163,0.00011858270582201792,0.000113193697154132,0.000111022496877416,1.6945780000607076,-0.09026931246784373,1.5,-0.002401890353167332,-0.0001773744330669345,0.00031004140927476273,-0.0010527783685034713,-0.00016732953065786246,-0.0008239355595731451,-0.0002608936296163636,0.00034934594155949024,-0.0004446434099538825,0.0004084792409279095,0.00010213052274628825,-0.0008099441173780497,-8.645098308045877e-05,0.000408737629716853,-0.0007598075916753085,0.0008873786646032927,0.00016538653357778084,0.00013102697284422972,0.00011374400540671162,0.0001054902334959616,0.00010201153488111208,0.00031205410999733213,0.004628267399932052,0.4,-490.92340161262086,0.501339859637028,-0.19884710239033154,-0.22336640403435126,1.27375912985309,0.6533003795509273,-0.4329534429266637,-0.09394785465419986,-1.2039242316373198,0.5427046877109127,-0.9446270581962484,-0.021890876819814054,-0.2211694285458572,0.3041185808952047,0.09384649083743746,-0.2074387108000781,-0.10683008952853612,-0.14744535395544922,-0.14467973091363362,-0.14272272982835332,-0.1418369082333819,8.102260211256335e-05,0.004125923840042953,0.2,-872.04276063403,-0.03240061116150628,1.1724664001700802,-0.23169268877131802,-0.14937511069150844,-0.8933697270403016,0.04222496196273085,0.009467964048653243,-0.5087970164252127,-0.4124413757941312,-0.08684978807480093,-0.4258819954833548,-0.8626540040220707,-0.4343554347047025,0.22971797480062506,0.3596679889465157,-0.11477443004373455,-0.1470857709418283,-0.1417290428689313,-0.13829052708167033,-0.1366941308008407,0.0002428859015755897,0.0016009798380984242,1.4,-702.271062225727,0.802964814014274,0.4355384207593147,-1.102604869317041,-0.3139568144835323,0.7902238459101127,0.7083571450659747,-1.264830629167751,0.3589036659821545,-0.03820212388505695,0.693528582196894,-0.7980913072303579,-0.30150677334802545,-0.6964447104908391,1.1710774791552758,-0.4918713122521688,-0.18014123156615014,-0.05179348432576703,-0.025942527312011517,-0.015130798852387885,-0.010900328202656516,2
2022-06-08 16:37:09.225446500,0.00046406553916493915,-0.00019667894831544631,-0.00015785665278464654,-0.0002303308588727999,0.0001452303393547248,0.0002504603680447276,0,0,0,1,0,280.24325,-11.839400531406069,-21.58375819511536,-16.929173627236647,4159.09826880823,0.9099234376550116,-0.09145640366588023,-0.16565742018221047,-0.09897238485854504,0.00037068997425942417,-0.008238912229427721,0.003390801570248366,0.7219127857648203,0.03627091358921693,-0.42375999667296543,-0.04907699381238751,0.019046041389093344,-0.0033670931830175827,172.78386822916676,-9.237297554999582,14.503291876420395,-9.339113161835561,1537.81585732457,0.2208158396296261,-0.0050058071858300355,-0.05784513724645093,-0.06040379304118425,0.009625984916797198,0.031084820116384814,0.013648874616569804,2.720384089787081,1.3706143987670731,1.875124264975092,0.3669798697618309,0.3364471293907141,0.5404724284724651,182.45063842035827,10.062603427353146,32.35393288037522,17.556092726092,1763.3816194894894,0.4359970660455181,0.2847664477500206,0.16407022855865422,0.12850818683817464,0.07263977833959183,0.144024394098479,0.08908869292814603,0,0,0,1,0,0,0,0,0,0,1,1,0,0,1.2244088587735458,0.2870516198281177,0.0,0.049634152855788295,-0.0011087699860739533,0.008316123063083408,-0.002645255560030993,-0.00443529300980853,-0.016188943671407288,-0.0027677386597661823,0.00903607396846778,-0.002743677485012783,0.006157630763997876,0.030062387654205363,-0.0025700081134300613,-0.00046474415493949874,-0.00686450566164947,0.0002260411207672085,0.00844154443051548,-0.002650827681151725,-0.0013930866185741706,-0.000904765421175998,-0.0006854857392479359,-0.0005948351165878361,1.7399185193048472,0.02954072207594622,0.0,0.028944811212104987,-0.0014460419013028235,-0.012951471970822418,-0.004286175883438268,0.0006225287861951638,0.004348238224078618,0.010778117159126426,0.0024086983684560226,-0.006204140833208735,-0.006813791725338446,-0.010670949598637378,-0.006168082193944433,-0.004748573181413422,0.0031342382943753172,0.005448554900700533,0.01110308228489008,-0.0006195830883940148,0.0002762065316784809,0.0001289417636125864,2.9300609141065938e-05,-1.7903185523909787e-05,1.9133700432789555,0.8583797990486189,0.5,-0.02523208530783832,-0.006233393264057991,0.002272206453190713,0.004450158876595388,-0.0017234693160285484,0.009125816946493571,0.00127894565805791,-0.008899027437037348,0.00769616123252232,-0.006751495323481982,-0.014548882003597944,0.005551993620752485,-0.002429054795355409,0.0008719624265629959,-0.006174535893283507,0.0015706576517320176,-0.005271224990590665,-0.003667668393428167,-0.0032806021152631103,-0.0031023297440729487,-0.0030277828391765444,0.34056049119093085,-0.34966939312402234,0.6,-0.006165946624603253,0.0003091163326700752,0.00013026656734251236,0.00022841463728169126,-0.00035720744130222557,0.0003145636351738856,0.0005449643678843483,0.00043901454021277685,-0.000401706895099992,-0.0006812750636177442,-0.0005246000197081143,-3.9749981126992775e-05,0.00043798958143792527,-6.489434187689124e-06,9.091683563783938e-05,0.00012132940401861091,0.0002703799694520877,0.0001818089644657978,0.00015139481165231673,0.00013792023005268383,0.00013236338318465825,0.37198911817495706,-0.26285162975403065,0.0,0.00557998357542227,-0.0002868868221928826,-0.0002665145770961066,-0.00045285497155331993,-2.6561181842713988e-05,-0.0004788085677513668,0.0002267717894087141,-0.0002618545405462145,0.00016377240350421397,0.0005867053305756014,-9.182924752220284e-05,0.00011821694707546819,-0.0005878701106245356,0.0006032125405981548,-0.00046940132703197197,-6.949224956837121e-05,-6.306757915498058e-05,-6.460166079560455e-05,-6.074271620251174e-05,-5.8499882380209484e-05,-5.749391949891328e-05,2.3989917160501038,1.8072280303055248,0.1,-0.000902820423293453,0.0013947798033585356,0.0001038407710697884,-0.0004708070015515496,0.00012663034551194972,0.001076625034119529,0.0007453272052862372,-0.00044797429241151397,0.0005339251871371421,-0.0010753769354152442,-0.0008824239859707521,-0.0005629175932619831,-0.0003727881469795464,-0.0006120823874625796,-0.0005935129887416938,0.00036308624064298323,-5.008967908524843e-05,-0.0001277841928977906,-0.0001460531911024753,-0.00015285456266681062,-0.00015532018737380736,0.0003711873679036465,-0.001766490160018784,1.4,-490.78272680350096,-0.5219686147011089,-0.6993175654349173,0.44856497815979424,0.8357432363812691,0.6325838773904167,0.7643191314131172,0.5097187265675629,-0.7705455880743948,-1.02275982674227,-0.8140800293186281,0.1403991954802084,0.18073560564547184,-0.5551415971883227,0.8746786340233951,0.049471010357850176,0.15981029642398248,0.10220796434286684,0.08303374859569068,0.07407160131675017,0.07023603722215754,0.00016950557735810777,0.0006108447488311192,1.5,-871.7143362695808,-0.5409611797736318,-1.6757432042619769,0.1818400116123371,-1.5972424823153233,0.5313668523134467,0.24501180088043384,0.35130411420379914,-1.2801753847901978,0.231672920265428,0.04889029757516639,-0.4373902053425489,-0.05225507682159503,-0.0238929161184096,-0.4921353683669914,0.8959002203310398,0.14725872325540834,0.06254274774810753,0.032986603102662215,0.01969557522792087,0.014255687179935084,0.0002477277820883227,0.0026730167622240216,1.3,-701.8514039723572,-0.8519050751351784,-0.7734396758253155,0.9123532028135272,0.21067581754306985,0.4206765000351922,0.33563986594301554,-1.262471736036158,0.1533046596070804,0.5686591379736008,0.8921597273289059,-0.2310782961802591,0.1030654754061473,1.2875630233882802,-0.180799123025956,-0.9878477650849646,-0.4753692345791087,-0.33614589903962866,-0.2874953782115917,-0.2641355559375942,-0.2542608564722841,2
2022-06-08 16:37:11.975446500,0.0009920164012014805,0.0023240557851211124,0.000900744269858483,-7.165136838935755e-05,0.00011512438452653826,3.102645022637073e-05,0,0,0,1,0,280.4965,-12.093823602117682,-21.1994450887485,-17.177723302424088,4170.864806748878,0.910705503854039,-0.09209243833147296,-0.1658344942681638,-0.10459605189882404,0.001150071270503834,-0.008031733347414409,0.003418724792824203,0.5523123646775299,0.07552174037356686,-0.3600556341362926,-0.027239085671560786,0.008718712456348416,0.0066502508634589935,179.1950369791668,-9.218004719902574,13.014924719274239,-9.713774773526906,1613.2916935448307,0.24413072295169694,-0.0041803594085622715,-0.05881747098386516,-0.060211962310689114,0.00499497754571819,0.022879226936025614,0.015340378798885168,2.5216455404582274,1.3371171197882934,1.8379034105497327,0.339567902547146,0.32979392741251273,0.5360605331571372,181.1746903155676,10.056439552313249,32.472874013483064,17.542849517430785,1771.6377292760028,0.4375934105628025,0.2850377406981963,0.16456790490959447,0.12892719444984113,0.0662497220460757,0.13531005260384835,0.08823993703550125,0,0,0,1,0,0,0,0,0,0,1,1,0,0,1.0783100367923064,-0.23807365084491897,0.0,0.043859669323777405,-0.0008933493375419934,-0.003812691728760149,0.003385684091097252,-0.00024565342313688423,0.013671719312927206,0.005747438016399807,0.003072559718524034,-0.0019423188661790891,-0.0015732310606816735,-0.01432376846150555,-0.004524704333217264,0.00036580599971581477,0.008717749231368565,-0.0016622787038808734,0.007851519102007825,-0.004592002723592352,-0.0024575195157095684,-0.002023326638561364,-0.0018353912233534265,-0.0017588257391850078,1.3023215057806297,-0.4557172751355938,0.0,0.03275187829590543,0.0013091511795415556,0.007807249802772695,-0.0023607880242093645,0.0016064918526183607,0.0009215252812398289,-0.0011969808186506367,0.014670002907507662,-0.001509259817469028,-0.0009063646261096461,-0.0023559813840110357,-0.003239204955738541,0.00030973830459480114,-0.007958479212063217,-0.013722437308410584,0.00909272139572098,-0.0017462698221900606,-0.00032761629925520024,-6.702686433875571e-05,3.180107096903309e-05,7.042601240677527e-05,2.0878592668466065,0.5200087536823632,0.9,-0.02207476049730276,0.000671543271602944,-0.0038850630953488423,0.004745532570518509,0.0062137072392068424,-0.0064180405489176785,-0.0009593583012130569,-0.011066686957210598,0.006537509546240765,0.01072686640811945,0.006515037827221174,0.003482725268335369,-0.007214670652646848,-0.011281371523240538,-0.005291729636022553,0.006199835820478492,-0.0011016489282629665,-0.0011681641009694864,-0.0011785725682240033,-0.0011877064288835968,-0.0011905451438442706,0.3876708905545277,0.11679520580106892,0.3,-0.00572540500450227,0.0006836854590900951,0.0002625022862893557,0.0008476195963101525,-0.00010124210338119159,0.00017394532640891162,3.151026499484958e-05,-0.0003199506360949592,-0.0005917186702234136,0.0003838783381667211,-0.00023926466965593286,-0.0003850521400901942,0.00020079850784532658,-0.00023846887920836544,-0.0003422541454310698,-6.089264090091765e-05,0.00014250931642489047,6.564140585460458e-05,5.300303467986145e-05,4.877692239074792e-05,4.732704852639805e-05,0.4163776983173243,0.2741168693427544,0.0,0.005605149788784147,1.905491485403369e-05,-0.000311052903172749,0.0004487631958250913,0.0001227809866506307,0.0007927173888776898,-0.00044855204291833865,-0.00045949474129403,-7.697810394983486e-05,-0.0005382642746294906,0.00019378303738718016,0.0004247686488450912,0.00032590697572695355,-0.0001797236024529775,0.0005759823284609025,0.00015740711326058026,0.0001070664228018025,8.093610566143523e-05,7.072540210059921e-05,6.519120721726443e-05,6.272693830673119e-05,2.4045268718134283,1.3917307800223973,0.3,0.00020103861179990583,-0.00037380363275767766,-0.0004581685462041999,0.000789326737471817,0.0002588873096106709,-0.00014644800042749602,8.754307427645898e-05,-0.000180690917237803,0.0004771971885724139,3.788037753920794e-05,0.00017295714499237656,0.00022990538159124816,-0.00010691501193222528,0.00013567796384084718,0.0007257093958154093,0.0006441547974401074,0.00040193299598336666,0.0002844724101634227,0.00025145344425262395,0.00023705301744227265,0.0002311581278918022,0.00027365547478667887,-0.0011366698689027547,0.4,-490.164943188628,-0.5180870430599498,0.6740920813442486,0.08836794936389936,0.7374261586650022,-0.7441515512020089,-0.7624613231230306,0.44531871423970415,-0.24916278296764105,0.3974129910080091,0.7328846224842653,-0.02817572583472128,0.4657055711171427,0.6948470705259773,-0.6735939885501949,-0.2709855196244355,-0.08192134035329879,-0.03812074712736724,-0.024128061989761918,-0.017787332153815782,-0.015096863009218975,0.00023462097627451625,0.0004997170843722947,1.5,-872.0155822887417,-0.7859707567398146,1.0810962082681923,0.3177397757225009,-1.8005764065161431,1.0654008271855986,-0.22521386723649786,0.7500424603242593,-0.4874189188993405,0.4541360256317049,0.11341888211807928,-0.7717751322777104,-0.1558392419610346,-1.0074148040415951,-1.4462626219468433,1.1102958942298784,0.27542982447182496,0.21182904308804493,0.17378974822637616,0.1548181566709097,0.146727213717595,0.00016438614599728347,0.005915571563423719,1.1,-700.6699470870932,-0.5640305153956007,-0.18893207297530526,0.015764945542777298,-0.26351834110000283,-1.149280908857392,-0.7117033727531634,-0.2992741394706009,-0.06633248729998442,-0.4005723948342421,-0.5627759225394549,0.7069732136160558,0.16995490182294049,-1.3874924565993716,0.2723997142858359,-0.5004904171573443,-0.057537897881427824,-0.07855411182507943,-0.06917665316358422,-0.0653574019125216,-0.0639118270976029,2
2022-06-08 16:37:14.725446500,0.0008355440024961959,0.0006274133645643879,-0.002290416204227411,-7.533263340350612e-05,0.00014776808790870345,3.57258795873609e-05,0,0,0,1,0,280.2794285714286,-11.863995743428323,-21.23775952919546,-16.839072183986016,3275.759096991153,0.7553112552304111,-0.0050788765691188965,-0.0860395612334439,-0.034748447125644615,0.0009621984720972652,-0.004849848933892687,0.00812464559463233,0.3724725782918307,0.04266300809038023,-0.2420237858174309,-0.012407100894960785,0.002224433463986927,0.007135516240017453,185.6182595238097,-9.19973717999122,11.528425713737333,-10.082899465106939,1696.7095640948803,0.2687400873506988,-0.0042063128287629925,-0.06064396069162593,-0.060487410267446036,0.0015744847786149188,0.012962150053300656,0.017502226083359232,2.2605277194501325,1.3136664823223447,1.6819560575614532,0.32571974475549514,0.32701003782213234,0.5357420985770842,179.6669159043323,10.050503445623127,32.52126134474513,17.522580221088884,1782.8630694421454,0.43942482635322455,0.2852541593029373,0.1650870362421282,0.12919089241287773,0.06235329534199354,0.1203170197218564,0.08681484391850786,0,0,0,1,0,0,0,0,0,0,1,1,0,0,0.9355786576051904,0.4834445104249412,0.0,0.042853955210115466,0.0046192735896527365,-0.0027117239302390365,-0.0028630194827483817,-0.00249128747327335,0.0045477584363845395,0.003204480766173307,-0.0010495514203203854,-0.0032733997752011816,-0.002626564511748072,-0.007576459042110527,0.004995780493563838,0.004193928162231424,-0.008394509691992725,0.005988494512615704,0.011091956192315544,0.0012354628158033948,0.0017420383034903765,0.0017412389705538539,0.0017193996206247748,0.001706200905254506,1.4006139919692953,0.3428605953158079,0.0,0.03532940362394818,0.0024865796285556967,-0.0004279037964557021,-0.001292753863514713,-0.002372011827851627,-0.0023555664800508475,-0.0062694805768219114,0.007677445423027576,-0.01465675869338779,-0.0011568655240544472,0.015495256918973544,0.0036266279463269546,0.0032775309470752237,0.009674476189119164,-0.00868571466444292,0.004433111939435391,-0.0005894979827492103,-0.00029316848674429283,-0.0001441372395306036,-9.480816613657134e-05,-7.700451925683646e-05,1.8999322597307,-2.4450384265434635,1.0,-0.026843888050482496,0.0003823686601491915,0.0030468206854118336,-0.004333017524536695,0.005157815798539793,-0.011138888528975537,-0.004039521115796829,-0.006579414388865638,0.00231955995036836,-0.0061300329602179205,0.018955973910788883,0.005191619071369084,-0.01108268204245007,0.003690975504352764,-0.004482160270337807,0.009117425064531236,0.004063459532650982,0.0027776093833067656,0.002358075575467573,0.0021737829040628306,0.0020974860706905445,0.4471281716063157,0.34025258594929625,0.3,-0.00636594849626666,-0.0007027195435069787,0.0001818584824556152,0.000762994064840722,-0.00017036362927874026,-0.00035240401654259055,0.00048402512033750256,-3.2006614392824544e-05,-0.0003712948870527136,-0.0003746514879204615,0.0005502940763132998,-0.0008189451473373848,-0.0006505291832259086,0.0001918698914979874,-0.00022746622217412207,-0.00014058660064533878,-0.00010161399522526696,-0.00012226074088642728,-0.00012831645927037212,-0.0001316174012262087,-0.0001329913781569799,0.3393241253785638,0.2762766841092338,0.0,0.005916909656269259,0.00014960274968931918,8.711529690439053e-05,-5.339156745711989e-05,-6.500460757769683e-05,-0.0002851156015171815,0.0007661396864236271,3.710820799712804e-05,5.0037619472633294e-05,0.0001664410415964344,-0.0005195627363850019,0.0005669855421981409,0.0010034853471723696,-0.00011711552048989356,0.00018946321290496583,4.1186262831494363e-05,2.2851484932939208e-05,2.776757403573512e-05,2.467321197494548e-05,2.3580842560945832e-05,2.321557967546632e-05,1.7153346998446768,0.17280056752144085,0.0,0.001823506676472412,-0.0010028407100419164,0.000536574490132928,0.0003224245842941482,-9.842620287327701e-05,-0.0007646435198941006,-0.0005877427254285766,0.0001948427944669856,-0.0002402477468623291,0.00024658966704835917,-0.0006232772473540231,-0.00019569428449304436,7.282507726907094e-05,0.0003951124961351194,0.0001019183209848766,0.00033207023442013376,0.00010737175496139987,2.7817685881359003e-05,6.496449626819216e-06,-2.723371124127111e-06,-6.444368834908729e-06,0.0002090304518224097,0.004859817722063593,1.0,-490.1455384470134,0.1863559253193188,-0.900878967858148,-0.6792248248589345,0.315359081360576,0.2476712114630253,0.36929535470746794,-0.2869858174707254,0.13726731555995286,0.571626584426081,0.6406641886502094,-0.15755551307067606,-0.18249926267530012,-0.7020224417362844,-0.5322838859418297,-0.35822035124441065,-0.15718624020487582,-0.10504543870527172,-0.0982407393082294,-0.09486942199240644,-0.0934141279006524,0.0002013873326754691,0.00434858419721249,0.1,-871.2109013412372,1.3132433238551469,-0.6242176953078626,-0.13441711839244874,-1.161977472558064,-1.0371292989679048,0.1431081226782922,-0.004869376047572871,-0.3345517951967274,-1.6668604554051925,0.03005750910579863,-0.24935630657952498,0.3400262854461253,1.053097726556409,-1.3704918543939082,0.2590969699440784,-0.14438139679082695,-0.12045549079427433,-0.11789308967598268,-0.11756064551275712,-0.11753334211940912,0.0002169162019685708,-0.004683022890634435,1.3,-699.0690417989782,1.037933729520617,1.0175258693120952,-0.366703508319425,-0.02490563102284682,0.22372482736899715,-0.8237943831557359,0.040159287858077874,0.3736243107996948,0.9465857008878872,-0.3582886815800599,1.1500076506487142,-0.39962916581074026,1.3437162604048822,0.15660656404832807,-0.1943257859324028,0.05693387675944805,0.02666190841066296,0.012054901845264254,0.004385681022549548,0.0009611326772898109,2
2022-06-08 16:37:17.475446500,0.0040438166761258216,0.001088931911911924,-0.00040260001516725935,-0.00011187231269226472,0.0002276155376327809,4.988397995474776e-05,0,0,0,1,0,280.369875,-11.823171075536651,-21.073439588158557,-17.22051798252019,2331.2946916976066,0.591853938951183,0.09200007123934302,-0.0014573505266879453,0.032631213776151906,0.0015539268553112096,-0.0010596592502960976,0.012178146478403108,0.1818664385889712,-0.061808394670349674,-0.06972332662773469,-0.00458710813608583,-0.000461053384586955,-0.0019341558501868058,192.0432151041668,-9.144829970881029,10.072566893940849,-10.458352341044833,1762.6298769633893,0.2900605418886133,-0.002434195699739523,-0.061431825299381126,-0.059408482526147326,-0.0006975514552808865,0.0013538510808628755,0.02028457181672776,1.903614891499385,1.1082077687894754,1.2544967895938148,0.32149990678438817,0.3264512717943478,0.5320909883902497,177.9150146417005,9.997147366474163,32.52930300178521,17.473557442392025,1780.603870327451,0.4376422665014793,0.2856694303594545,0.16546753015046994,0.13004066782616935,0.06044288539420292,0.09383259902644887,0.08452969535290955,0,0,0,1,0,0,0,0,0,0,1,1,0,0,0.7013027937667896,0.2454678578259611,0.0,0.04938185471632485,0.0046271957258646745,0.009568042825246236,-0.003086799613104014,0.006896652303492346,-0.0012678382047577362,0.0023746765625810053,-0.0011337259662063505,-0.0058908741007567674,-0.004034194972967975,0.005194672852959025,0.002067150915417438,-0.00032016868597597347,0.00938481275777138,-0.004298831134356144,0.004412174279720812,0.0012029873686434207,0.00018848437775399523,0.00011841366056075966,9.26683056542742e-05,8.298671656691942e-05,1.7032272132868351,0.3706862277592081,0.0,0.03610638894203068,-0.0012681031438480823,-0.0010574716829235534,0.01122957052910989,0.0031796375653799108,0.006960385870587425,0.014003510663636715,0.0006408838022308614,-0.01123432776422851,0.0043501426472575926,-0.014980492995319785,0.0026621923078527605,-0.0038208679662175477,-0.011543407418618114,0.0149146821218727,0.0011260772591193792,0.003134030593909704,0.0025150578871542995,0.0021577275971054748,0.0020061016510355234,0.0019452838295468046,1.4820398400580057,0.382602271994572,0.5,-0.031202155243166756,-0.0011587573796379815,-0.0021687443365974407,-0.004458838850637085,0.007172399557226815,0.01625603229176378,-0.0017003308364966292,-0.0031754814003820673,0.002315652858465527,0.008420365074438248,-0.021056892649942132,0.0019971794240050893,-0.0011901998514082177,-0.003432148920974362,-0.007906504094802447,0.002989446829660645,0.0011350436350464454,0.00014703028369169842,1.3856993769502475e-06,-5.222481602242077e-05,-7.050948496683813e-05,0.31394296475126765,0.33455319372891473,0.7,-0.006034424001850646,0.00023557611062513168,-0.00016160975671653064,-1.0117895359772353e-05,-9.097956512501366e-05,0.00020216768267442963,-0.0004479495000500066,0.0008293991355718117,0.0002247772633653142,6.0834500658747886e-05,0.0002990457807131308,-0.00012772372394685564,-0.00017234768063826393,-0.0008281723982532166,-0.00017873568864595606,-0.00018766998747352028,-0.00020594813887514542,-0.00013786497802727805,-0.00013569672244907732,-0.00013413600655293325,-0.00013332622619405062,0.2593381769164738,-0.13565052827866372,0.0,0.006681054672007854,0.00028169092729420867,0.00031492882903222483,-0.00021523590813654086,0.0002899056481439021,-2.7705128764630733e-05,-0.0008648237241166932,-0.00016930033140201946,-0.0005271218360352386,-0.0001011512201279657,-9.435477243231952e-05,0.00012674689534811166,-0.00044375700215606436,0.00023053904570859024,-0.00046259316173818135,0.00014703869575084634,0.00015336860173029946,0.00010600983921438248,8.587308361596174e-05,7.609730139051615e-05,7.191555996472753e-05,1.1548350484068808,0.44468104316479,0.0,0.0030319136710342557,0.00027202916408752614,-0.0005058753004185077,4.153204058089262e-05,1.6849055104064707e-05,0.0006052459064257121,0.0001007696869629395,0.0002708927622817444,-0.00046518812993339494,-0.00015845452035388697,0.0007258445296717375,0.00011743243895996126,0.0008450875210275581,-0.0005894440879294586,-0.0004862309253020658,0.0005001348451024427,0.00013871618393773033,0.00011871234684232199,0.00010839998892632964,0.00010400064334645107,0.00010228957962647867,0.00045115182777235246,0.002815693341589466,0.5,-489.70512451655327,0.5063936224132988,0.6087754343846328,-0.7564680649948059,0.35807691869397473,1.3720512879855915,0.902121234715512,-0.4552790951214583,0.7648515067998787,-0.8345843178998305,-0.6764754936059028,-0.24035189808332905,-1.2836783441246722,-0.16387685626701476,0.355446173591357,-0.34827017839356245,0.05304163748342283,0.04870468624012148,0.05328992024501567,0.055740501363207066,0.05688046992314578,0.00022658350801732285,-8.31509414636904e-05,1.4,-870.6931619539317,0.4850792205681103,0.7773180723189625,0.6238398026371783,0.5489062375727087,0.6634606040920943,0.7348924345713712,-0.4458963370680705,-1.1690829837262768,-0.08918110516386335,-2.0486109156204044,-0.1225805522904011,0.4953013269192042,-0.97300899815885,1.642239486067247,-0.09974971007941492,0.02096006215084856,0.0754908532729246,0.09221494356910398,0.099356237622775,0.10222057269522544,0.000424647116724327,-0.0019037344749182183,1.1,-700.5652221557527,-1.6041225953252365,-1.345787607695442,1.2896150207335992,0.38285255196960577,-0.8981579024470676,0.34828707005620885,0.5816687655738377,1.5085347440243275,-1.2090914032968456,0.2537590563833767,1.583914574838829,0.3803083738167761,-1.0106103123601111,-0.5414948285110412,-0.1079715771066958,0.06337907472643423,0.0905448102311901,0.08446069845605386,0.0807576528530598,0.07905775288649064,2
2022-06-08 16:37:20.225446500,0.002979799494295813,-0.0007169636206736138,-0.0020420137679192183,6.4917726892986526e-06,0.0004782980961067076,-5.1701836957249374e-05,0,0,0,1,0,280.42414285714284,-12.096586275765695,-21.047506712864802,-16.952324213205145,708.0088655294179,0.3111551111933214,0.2509015858420788,0.14868105988460753,0.15375638504952924,0.0028895304576367713,0.005556027605447864,0.020105292667848305,0.07181124816705045,-0.13393452595559774,0.030526075870004582,-0.003828683917898197,0.000598355822564937,-0.020728312870423395,198.47148601190486,-9.037402743406169,8.631651137424965,-10.849527601236307,1833.6525266031451,0.31207073756356485,-0.0008565317944214376,-0.06408426577911487,-0.05806744410446237,-0.0005709036878357324,-0.006036949281659354,0.02210103455126968,1.5458040496360002,0.8290484976332672,0.8136280281589117,0.3210632959851503,0.3262227207149013,0.5163733857676921,175.91223868435608,9.907653846831597,32.494003542390054,17.40291499978219,1781.6320574241456,0.4361794489149609,0.28610269005215005,0.1650817036024035,0.13085190073437314,0.059274372534685725,0.06592648428870855,0.08302239063323001,0,0,0,1,0,0,0,0,0,0,1,1,0,0,0.882519198683144,-0.2389838902919314,0.0,0.05147008201633757,-0.005043373739821964,-0.009293439769297541,0.003654330001979567,0.011958157347019422,-0.0015444553794163487,0.004095524097773343,0.009973121327632306,-0.00327485006485236,0.0044596502395346715,0.002840369245978156,0.005220495921661599,0.0026536877610897685,-0.007240841798062557,-0.006197602500309514,-0.002562251842290858,-0.001570338074542516,-0.0019045963712966355,-0.001840283242184861,-0.00177503362658157,-0.0017415329870815765,1.030135467070494,0.020818392149765632,0.0,0.04105042602180178,0.0031687848051091,0.005143435361691281,0.0026925380580128428,0.0002814859661515421,-0.0024450864694898393,-0.005780972829850265,-0.00403228170438064,-0.005024023356651486,-0.011906079795951893,-0.003344383856707202,0.0046683153631413895,-0.002312085161439432,0.010400336416356508,0.0015672671518783476,-0.0069961466023853135,0.003536926975160065,0.0017801697010354602,0.001456794350710526,0.001351638290738433,0.0013157569770618515,1.7346064461984296,-7.8534033131320236,1.0,-0.0315821296723786,0.002099282421783196,-0.0028471098651015785,-0.010510214995949918,-0.005025896066046718,-0.012230831077546406,0.0054944326059175284,-0.0018550459173484325,-0.0037130580313430826,-0.004095000161514178,0.010148434639851552,0.006819641641117447,0.009663299439572224,0.00019948117512451566,0.007222203031250761,0.005694060174900456,0.0042766197683709525,0.0036090693737837404,0.003129038632979926,0.002887420840356444,0.0027824269033720392,0.3658921785251926,0.18691861686215305,1.1,-0.006559479162715723,0.0002430873888968585,0.0004784261896641587,-0.00031565452462176363,-1.1918745564676325e-05,-0.00011624272856617605,8.479595876321783e-05,0.0008969029701463584,-0.00013200423177181088,-0.00020140554089752527,-0.0003514435258307064,0.0010530171084442818,-5.709724510729705e-05,0.00017504702696288928,-0.0004739891809643697,-0.0003491140392247314,-0.00015808895317744157,-0.0001544090337343465,-0.00014582084115126063,-0.00014124338125672665,-0.0001391991202245307,0.3309204199488883,-0.4938800094104648,0.0,0.00748252465182587,1.3353159960121125e-06,-0.0002246062400828216,0.0002197968938772647,0.00031206756311877656,-0.00018610124864482948,0.0007548694312492988,0.0008015749531136108,0.0003119757846278805,6.236133791516583e-05,0.00014907710958800876,-0.00032858412513092546,-0.0007695397830601973,-0.00034329949062214494,-0.0008072231362667324,-0.00023893986839527374,-0.0001189631985981187,-0.00016795190949786282,-0.00017218631018445232,-0.00017273951953029795,-0.00017265338546169367,1.6450620773528415,0.7111472577960118,0.0,0.001937569043333797,-0.00032025662789285684,0.0006839687992146993,-0.0001229611616263655,-0.00048503158495654834,-0.0003808083861974471,0.0005645917421523205,0.0003710408617953148,-0.0003825150926508578,3.609895974828549e-05,9.140378780942184e-05,0.00027788085493389537,-2.5634015553941563e-06,0.0005705679534451447,-0.00035369265321847883,0.0006022520511943526,0.00014558779563805,0.00013184193517747702,0.00011487881888702617,0.0001062434614783274,0.0001025408360543835,0.00040881499942298054,-0.0003018511594157114,0.9,-490.869291689561,-1.5166977903086265,-1.0683005476485476,-0.6429766415964693,0.0351539864958923,-0.7542819645568812,-0.3450805094296747,0.06561361868854121,0.4795511079886978,0.9912465632418233,0.4924996025662978,-0.12569124223458772,-0.6626636072385921,0.6181338637865395,0.2278023296464777,-0.6241112671000835,0.008502119587710409,0.010091969842783044,0.024949010952177275,0.03280258658352153,0.036140886136080574,0.00021793926707457304,0.000772979344574071,1.0,-871.364413195253,-1.4252443857072876,0.14516069354729666,0.00602329132729551,0.12994599439456067,-0.1358197858833634,0.5553596925407973,0.9006521720451772,-1.3917880090973256,0.7734879594452657,1.080296766430628,-0.03884845849780305,0.054893925585780316,1.0225886471207275,1.0540401794307144,-1.3506008812798065,-0.5141162506367571,-0.3585933424900212,-0.29546760295486685,-0.26564282170271625,-0.25317338818181456,0.00019159359022992843,-0.00549209260991677,0.2,-699.9730503204237,0.4998283886274777,1.221924030733959,0.437908459118944,0.4188535584752629,0.4938186279288814,-0.5674248421832218,-0.21840418415690266,0.9102267056832574,0.7743320583148225,-0.5464238698310808,1.120082777197963,0.2891847847874196,0.7249885502730091,-0.30429301668486275,-0.14393272591280848,0.10402379715192467,0.08505325957736788,0.0744214973515831,0.06885472772920131,0.0665242738556584,2
2022-06-08 16:37:22.975446500,-0.00044112474073218125,0.001767333169918779,8.520919457987582e-05,-0.0002968085635735753,0.0002455612377944014,-0.00017667657249928045,0,0,0,1,0,278.978,-11.998901479086092,-21.350895237307824,-16.944457821661565,3725.1304495875206,0.8336408171546013,-0.049329190279480566,-0.125590993101297,-0.06887251767480744,0.0009496651576768476,-0.006352076205280949,0.004871769583472178,0.049939005775941486,-0.12732549369346086,0.033418729658066845,-0.0030450418275874123,0.004008915092912479,-0.023201617815194062,204.8956145833335,-8.90625561297735,7.212667579007188,-11.231332435724877,1909.4509945170262,0.3347587144062982,0.00023140324454095943,-0.06791437808425352,-0.056782622615212636,-0.0007138292356112599,-0.0075179032473970285,0.02303497821845301,1.1138213605997742,0.7342323127187634,0.8029756078807302,0.2927374366497157,0.30992087330671325,0.4710877254659991,173.6463071834237,9.819621647342533,32.41435606149737,17.330265282624215,1781.8710572493876,0.4343635805244596,0.2864413965015085,0.1637873513830769,0.13138522079909412,0.0512445413445654,0.046042877463042906,0.08180538981247468,0,0,0,1,0,0,0,0,0,0,1,1,0,0,1.1217500786785242,0.6478329274867819,0.0,0.05232587401458518,-0.0058236282777671435,0.003961558477996854,-0.0005406374744269717,0.00794719735878972,-0.00405480623271322,-0.017006666407386434,0.006644128322154036,-0.0017980533725428347,0.003950014781777893,0.007025810266233956,0.015977834771510255,-0.0010271162984064523,0.004668247192809011,0.014210614508725131,0.002226201573074881,0.0017392081998808325,0.0013354219671895787,0.0011258288083695052,0.0010396428295808774,0.0010054690387127317,0.9569925217793721,-0.09714081853369194,0.0,0.043641776603039216,0.006014693922256432,0.004560705871399014,-0.003183351619276135,-0.0044780288291513095,0.0002877763569242415,0.007439153032154354,0.0007664115653557195,0.0020531260238136994,0.008865839609426466,0.009448117593679292,-0.002291324387622548,-0.0007209655223197613,-0.005251231164503645,-0.007611856328463938,-0.007522187626660424,0.0033109835062722854,0.00034876996289207344,-0.0001897303153414465,-0.00039280582817483777,-0.0004690836587072581,1.469638216563662,-2.7904621926719613,0.8,-0.026105869710143486,0.0002457222938883506,0.003147317090266791,0.00453025951686339,0.0008415332409388264,0.0050561740165601535,-0.008686117550769519,0.007671029879073426,0.010520724835298036,0.0026305764269487623,-0.00451399577985752,-0.0053451161385729895,0.003977639065451635,0.0029285210146350227,-0.0033439647560505746,-0.0018963345058256587,0.0009854869297597603,0.0007677344304837879,0.0006613569158621044,0.0006346758626042613,0.0006283622990895912,0.4952729238724232,-0.14118906747806978,1.1,-0.00675140800968619,-0.0001268769288047663,-0.0007734250210517186,-0.00010454594597354931,0.0001914613117098583,-0.00012170157657429187,0.0002798911247866607,0.0005164629523446631,-0.0006086195741087331,-0.00037396670373348586,-0.0007858108036374195,0.0013726914656407446,-0.0006709676809756424,2.2593158584549306e-06,0.000405610127805498,-5.395871366698394e-05,0.00018883274435739362,0.0001092030087391876,0.00010214774291631898,9.942840428286058e-05,9.831815318794596e-05,0.27626417394741176,0.06113731249059338,0.0,0.007984574897598577,-0.00048450993751809207,0.0001685313518780885,0.0005789099469886303,0.0003982275021431292,0.0002881478445209254,-0.00017566266903390265,0.0011670222189969785,0.00018071639844514342,-0.000530131605065157,0.00047928561680995546,3.7031879430647857e-06,-0.00015063089481175677,-0.0004639289390556032,0.00024509080987173066,-0.00012629520644686956,-1.7339158721158156e-05,-1.816339112778928e-05,-1.2966392775288338e-05,-9.11445973533792e-06,-7.235401480957828e-06,2.051625983227736,1.0601158352696154,0.0,0.0019766680421681136,0.0004813123808351748,-0.0008457097684013086,-0.00017399627146098162,-0.0005318546547032507,0.00017973032079426421,-0.0009426020258910096,0.0002583073077607637,0.00025294957436215255,0.00028202677749781776,-0.0009640347090191945,0.00025687417182864233,-0.0006676925680446659,-0.0003620408397072113,0.00037724626201630365,0.0007584461087080474,0.0003511889294366482,0.0002601742335605544,0.0002203632187535023,0.00020052790157758127,0.0001919945281548403,0.00021971479298949674,-0.004096260092837993,0.2,-491.3027405537526,-0.0036614736228841593,0.7847203007490648,-0.1353293692269233,0.29222219275521155,0.4116530378478629,-0.029510483417634962,0.5919499917136584,0.4630235473838376,-0.019392858198566287,0.12558410599015346,-0.9704092097221366,0.7311853912672213,-0.16087543252132264,0.7585365659901964,-0.4120177963702503,0.061441961033869674,0.07281424703148964,0.07424328924745005,0.07374301887369761,0.07330032443801793,0.00025271895980243656,0.0033379422804368955,0.7,-870.7394222049862,0.7723989040520394,-0.7893471733580242,-0.6218068058708894,-0.127050287146389,-0.06639226421521728,-1.0847195313255753,2.1610087470266706,-0.1237245341836868,-0.7838353219551841,1.467543573937775,0.016975779429820648,-0.22837003828052715,0.3567320344803413,0.5477334257318169,-1.5743335140636745,-0.4803570192103663,-0.33113222196671543,-0.2662062027775267,-0.2346770676897467,-0.221403921528216,0.0001850563889996196,0.00010172533826625171,0.1,-699.6768738026793,1.6943971491765524,-0.34546634455257674,-0.9877122571968472,-0.5887403839792356,-0.42987774131525214,0.6679499477044644,-0.3374363834202114,-0.11690601573439707,-0.06490599562125965,0.3271659160489904,0.7521359440981712,-0.2309413964254148,-0.6794707132236901,0.1603544150696159,-0.2697634673050011,0.18214826441910148,0.09245426678955047,0.0627933091439914,0.050481054700039614,0.045562611676465366,2
2022-06-08 16:37:25.725446500,-0.0019806587231675065,-0.0002728428390340111,-0.0009401478954536805,-0.00028853341853235384,0.0002187133197541708,3.620579665152905e-05,0,0,0,1,0,280.4965,-11.883567339302092,-21.23795142813122,-17.011845083958686,1227.6845686464994,0.4018114299232505,0.2005997254855629,0.10010681731273824,0.11671503011260233,0.002083979747448244,0.003079300486941971,0.017475152787035063,0.017004582915681413,-0.0917775148454624,0.041308781420806163,-0.003999191272068365,-0.0009378408241664131,-0.015914519103350105,211.2361197916668,-8.921819698315383,5.784456980251617,-11.50092023448936,1972.2819500737796,0.3552948316815049,0.0013010719321446765,-0.06890429507185887,-0.05455864714628988,-0.0017324496646838087,-0.009111767037019972,0.0234983369804356,0.9463196279756578,0.5328448139588415,0.7238232566799828,0.25137693491958546,0.27593915862714896,0.33847915802201145,171.20976530717638,9.773964646452708,32.252930362483895,17.273292879089688,1770.6617909117288,0.429259765221284,0.28671074272576674,0.16372606410301493,0.1321648634524498,0.03867187465605396,0.035170359637182284,0.0808036942528324,0,0,0,1,0,0,0,0,0,0,1,1,0,0,1.1800610831796603,0.5472844054164704,0.0,0.05771381614869366,0.008562869702591687,0.00022136550591230712,-0.0056564526221686215,0.0010044345139979382,0.0005295668120696177,0.011331689965240956,-0.00919333734219354,0.0008151529243341902,-0.007918490743661542,-0.0108211861987507,0.017559732718639438,-0.009195312536340716,-0.00452988230795099,0.006195462740710746,0.008228242311494426,0.005940411186568985,0.004815768050900502,0.0044330689017160665,0.0042429981295827755,0.004161689765892361,1.0722253672668025,0.16757272529214312,0.0,0.0423689238625932,-0.003794975989895465,-0.005605501798739376,0.003822968781450115,-0.006350613218961861,0.0022828811416440377,0.001223015090302841,0.014587069420778753,0.008058539289264014,-0.009795628890698157,-0.005100148326517785,-0.0030612976416217875,0.00314860746168785,-0.00523626985087465,-0.0023690800088420967,0.0008921479283765303,0.0037474844019904532,0.001799703528231646,0.0011031850088476145,0.0007944925442265247,0.000668826235419729,1.4424190165895858,0.1302171809462338,0.6,-0.03200258052726096,-0.008073875519645045,-0.005317596190171843,0.004184657225519714,-0.005100277792363484,0.0066806961248953006,0.012870898895034923,0.005111041747825558,-0.0003913246286433267,-0.0064933565101847465,0.002132600471343332,-0.007567282387465839,-0.004877170619424067,-0.003800978288391365,-0.0023426035229844482,-0.002407605900071625,0.002807470993442977,0.0013697486735893838,0.0011379470264885382,0.0010372280631087312,0.0009971425809154391,0.29512520074667165,-0.23427377555951834,0.5,-0.006806195397835127,-0.0003670491466243333,0.0003512820905399864,-0.0005121461699980505,0.00014970757456417142,0.0006429133376082218,-1.7857305695889746e-05,0.00011464496786775134,-0.0006509348079308361,0.0002573669920713966,-0.00016686252030374946,0.0005592267305105021,-0.0003099933861485338,0.00023492152976432819,0.0005925380152315086,6.155449090389135e-06,2.0779140752715305e-05,1.1702114217623096e-05,9.838275351560612e-06,1.0057942202511677e-05,1.0320761379416734e-05,0.2939102062533973,0.08933916041863596,0.0,0.008567404515876148,0.00020435367688115852,-0.0003092124062424641,-0.0006220099274699166,-0.0002943159507597607,0.00010639432102797428,0.0001996559836566277,0.0009826516939508117,-0.0004575826964171905,0.0007748073459334518,-0.0005178361159827934,-0.00030945737767151663,-0.0004515936295739343,0.00045622392035189735,0.0006312424981990465,-4.391320494424709e-05,-4.0071381429913346e-05,-5.7053955896203615e-06,1.6441586905182186e-07,2.0511920626448794e-06,2.7052882537820314e-06,2.132449285448604,0.6821710074018359,0.0,0.0015416614576720749,-0.00021985537864462943,0.0008006718922122847,0.0002611226847916193,-0.00016483519432715246,9.905036865422265e-05,0.000697852165545445,0.00022889369146160215,0.0010189821383844962,-0.0007855403375595254,0.0001957336636902101,0.0005118908748881298,0.0006681161515377428,0.00029618301252312386,-0.0005710000746927104,0.0002526477591907504,0.00020711934343436983,0.00015260886323915563,0.00014754941348661254,0.0001470850448097379,0.00014728427725264055,0.0005009817081982486,-0.002870969989140236,1.2,-492.0933667944207,1.2577952254951228,-0.5408362506997051,0.5463917006795214,0.3988887256778426,0.053530938741303664,0.0877832034112842,0.7044720054540754,0.3318551219631303,-0.5606035513960439,-0.12004337028947633,-0.8908072877615503,2.1490941037816067,0.6158336555119046,-0.08735458372374616,-0.5366425237881316,-0.1526555962058218,-0.07246676833005594,-0.052715884166929065,-0.04322171608007963,-0.039206651829678314,0.00019651505782690028,0.0026740999670823024,0.7,-871.811187995325,-0.005292802437281807,1.0598472133738002,-0.012432492752182613,0.3689507283880147,0.697530993380326,0.7955307954764095,1.1530048710748986,0.4335811223243198,0.7118568597324852,-1.8560151336901212,-0.08010677899697073,-0.2563957363328324,-0.6173912219445903,0.8192156899319478,-1.1114517722226012,-0.2755871077557721,-0.20961637896586535,-0.17666983036302142,-0.16094959458947145,-0.15426580055726902,0.0001696129805471124,0.004540207606413066,0.5,-699.9357433837463,-1.4747840185739705,-0.6423244456170991,0.028687390638424407,0.2292091682053297,0.7937236314440881,-0.5394941253590417,0.08967508019184578,0.1011331126891406,0.1428740860745492,-0.05278763714207102,-0.667079064641424,-1.3002169777764652,-0.0662468125211042,-0.09021764255438214,-0.3410399475712289,0.15669064629496174,-0.02542686178587239,-0.07191813149859172,-0.0915491794608858,-0.0993468407255036,2
2022-06-08 16:37:28.475446500,0.002328908924285381,0.000966121728686522,-0.00045097148830667444,-0.00021365567128321832,0.00011778290333180162,-3.9458824271741866e-05,0,0,0,1,0,280.4965,-12.001129965232856,-21.448698095803238,-17.055180910774098,2961.370971715077,0.7027352516583307,0.028356000481549768,-0.05591152380697266,-0.011946153820458702,0.0014649757266777935,-0.0032926982880579483,0.008964677039282791,0.006478719407716236,-0.08265209155749678,0.028890864325844312,-0.0040106168081189926,-0.004391713500273546,-0.01502773520925906,215.6324098958334,-9.261371429032412,5.095555891083103,-10.871863703473167,2043.3558335461755,0.3716754330512114,-0.009110722190265676,-0.06934414230289668,-0.05339794691484708,-0.0013410116163408085,-0.009489070465528564,0.02530729702021638,0.8237772449792359,0.5114150441922305,0.6990409544964497,0.2406621205217734,0.21787104941006205,0.3149680603135558,170.45980682090592,9.545653961851409,32.48621121079189,16.538271028633172,1761.1715988084582,0.4305047433620647,0.2781344583368574,0.163869168950733,0.1325840115101871,0.0368936366888649,0.031302926725831334,0.07901091544914189,0,0,0,1,0,0,0,0,0,0,1,1,0,0,1.1884415265284447,-0.016378315893543303,0.0,0.05690391224601155,0.002528367300891279,0.0004156527974204655,0.0015772277356085884,-6.678810343344749e-05,0.013946502337216551,0.008578740726502648,-0.017004183424356386,0.002959887631153677,0.0066142002817517935,-0.007986231130734895,0.010135014966616146,0.0029290286579064795,0.0103570381663962,-0.02280235452257328,0.002541541855681341,-3.186178678396979e-05,-0.0003808214915670873,-0.00035332867921759057,-0.00031099811535697597,-0.00028823928368122123,1.025377475734479,0.13968813867400862,0.0,0.05240340530405821,-0.00044327100385699845,0.002455549859111473,0.003835179284473904,-0.0035556185754548678,-0.0001552011084204777,-0.009118969265567656,0.019093916379415758,0.001051896811005681,-0.004310301578547808,-0.013094498700385884,-0.003571839037799488,-0.0029518288971208764,-0.0015795808804400738,-0.009495083974341649,0.00715559328096481,0.0035035918096553128,0.003408335859154789,0.003023372005342365,0.0028186435720551173,0.0027296038070585096,1.9652629049936041,0.0031365218825194817,0.9,-0.026087624792034133,0.010226479128554015,0.008030234588458467,-0.0061942478499491405,-0.00978656293072657,-0.001908697215873953,0.001968120375946625,0.005928007096842688,-0.01006918863312736,0.011488068647054294,0.008379559529831855,-0.005903066111727653,-0.007706142825350384,-0.0008163217864471546,-0.002213925907520644,-0.0035657384800483025,0.002364081498776683,0.00166551513956446,0.0013147756318343466,0.0011428028408962858,0.0010689986343613792,0.28525164864037084,-0.040446425641444135,1.0,-0.0074399594846616375,-7.008470353077735e-05,0.00019144900576480216,-0.000156324038332041,0.0002482894126064553,0.00013432229816594309,0.000734788614941601,0.00010542123315797384,-0.0003828973493065543,-0.0002848093406037109,0.0010574101820858034,-6.360793467309188e-05,0.0006811614526254009,-0.0003871332385530558,-0.00026232870156003423,0.00013270594223133148,-0.00016708895728219153,-0.00011097885632682251,-9.744776379385755e-05,-9.100951298346202e-05,-8.821981098941506e-05,0.2310831593945311,-0.1157548923427532,0.0,0.00898610027172203,8.291800118430479e-05,1.5553246984363156e-05,-0.0007866450430137787,5.031685394090097e-05,0.00048045450929799885,-0.00011451068090084446,-0.00032891309630213837,-0.0010635321728578377,-0.00048659530317842126,0.0006558165858254549,0.0001490733709490945,0.0005666997757884926,-0.00010769739404833982,-0.0001407244582852587,-8.063722437794048e-05,-9.096384267997588e-05,-4.3019481936535244e-05,-3.1810515843754575e-05,-2.6843446941484287e-05,-2.4842389685753765e-05,1.6439951896782958,0.5235903448284238,0.0,0.0013931451168310766,0.00023069694561695455,2.134870616143226e-05,0.00019008446757545882,-0.00025012245199718374,1.5369805902235863e-05,0.00028834412467433336,-0.00050300836083548,0.00013124824189632194,0.000955137643083074,0.0006695364521300416,-0.00028641239602742965,-9.0201895295732e-05,-0.0003097604434836001,-1.3898900945560204e-05,0.0001457542337106257,0.00015682514435620378,9.310254618802534e-05,7.060419906560538e-05,6.038148320810022e-05,5.611722390751508e-05,0.00024762379245249705,0.0008455365183939079,0.3,-493.04419234421516,-0.2611933254937,0.5535390179908859,0.7734672843076993,0.5020251760054606,-0.5796967136549469,-0.4725904194843267,-0.1899495559050024,-0.6527394817239269,0.5768762333628423,-0.4016720734302872,-1.030041797987801,0.35712151151686994,0.009346340770328254,0.5192316070786589,0.06375510374893523,0.10365060665506576,0.020836222963842133,-0.01334815636023734,-0.029914674929433005,-0.03702372634504103,9.530812055405815e-05,-0.0013966245573983286,0.6,-872.1193097861033,-0.27534552510707044,-1.5191511839640268,-0.3076107196470161,0.1258849144529961,-0.2685672134469144,0.8312030395364474,-0.20131540454165986,0.20048829229880735,-0.5470483033723816,0.6451783889340277,0.24230922387222265,-0.07421616188713287,0.8143007194658516,0.01497372040415357,-0.3764480739003204,0.0470936172826768,0.04689079648716543,0.03951850152449055,0.03590709487676946,0.034238666638933164,0.0002660297305664122,0.0036503122443816,0.7,-698.3975557947833,-1.1569595676393618,-0.6931542211650168,-1.53633355471095,-0.052894847269186585,-0.2778767789198042,0.8428042335635269,1.1995734834810108,0.4859634075480166,-0.0913410898620235,0.7726428862995895,-0.310809786844608,0.23566347264518586,-0.32566577667320473,-1.2122997416393382,-0.383000466341894,-0.02512561625389864,-0.15102713628051667,-0.1775190083024789,-0.1876893648526856,-0.19158986807782696,2
2022-06-08 16:37:31.225446500,-0.0014647371047725615,0.005795206959043379,-0.009814080296261895,-0.0002801218595201228,0.00030186279122055583,0.00021128910986044385,0,0,0,1,0,283.027,-12.022158548646054,-21.526968635481573,-17.042703706271976,2619.214333797557,0.6446156440795789,0.0630925257003646,-0.024173074646282416,0.01415104688896754,0.001835316158368968,-0.0021119142833792713,0.011813762257892515,0.00944347928412726,-0.06838405849469202,0.021407147352261232,0.0020456689549106307,-0.007547953839245642,-0.02029879402042541,219.80399895833352,-9.77973897119876,4.399073249784709,-10.21565957121152,2116.995405086276,0.3886676667405881,-0.02044128942438732,-0.06855361885747617,-0.05297597439254317,-0.00038788980979505874,-0.009298156896926221,0.027233441323211042,0.6080390076242828,0.4546081972431332,0.5458732621421067,0.21842215768655335,0.182538136698644,0.2931267004977159,169.8137368550594,8.974598886667952,32.70563926362337,15.689348263754649,1748.1596765279874,0.4310745690113583,0.2675566260262843,0.16374814894944814,0.13291476281270506,0.03602917290992071,0.02594418593599655,0.07748507196183059,0,0,0,1,0,0,0,0,0,0,1,1,0,0,1.2686901869275362,0.8717898084378694,0.0,0.054808944598644466,-0.01171976515932513,-0.009299397335792593,-0.007510470214999026,-0.008918768705818125,-0.00493595869740349,-0.0023046955666176762,0.0012944965214318734,0.009388898828440816,0.0005632137830511231,0.020504409434658716,0.0005685443584037157,0.009035281131549515,-0.008639371008808391,0.0077383321768637395,0.011580916022369351,0.003188730993324004,0.002184034847790449,0.0017627968192074125,0.0015543310781822855,0.0014656525678008988,1.8777918591568277,-0.4696033128165836,0.0,0.03680969332417796,-0.005004361508418247,0.020798867074898232,0.026919986980111332,0.013915394919768405,-0.003225035597223441,0.007323822081470844,0.007944717469876402,-0.01412889304301191,0.004467177357937051,0.0015594033550051206,-0.011529250057933257,-0.006502426861455342,-0.0002521855311418296,-0.01657363468453219,0.0008152436959780896,-0.0018503047310842887,-0.000631477262581158,-0.00033129943933824483,-0.00021369198846867715,-0.00016780382194147236,1.5918454814706684,-0.28442713334114234,0.0,0.059214115394995034,0.02423995359220756,-0.08908891412873186,-0.09262304757174836,-0.018691647179319544,0.0436751417669788,0.01925953082501284,0.007221530581382145,-0.014157879234264403,-0.0060447832713708145,0.003566306904492349,0.008123276425799405,0.008264269227493199,0.001763027575103568,-0.0071919103218823065,-0.007895724920685826,0.0026137147776597773,0.004036550415753467,0.004458875944912106,0.004676750717907357,0.004771885448085472,0.25645489373751684,0.07069224926312094,0.1,-0.007923862040927977,0.0007689527389068713,-0.00015814630238728908,0.000592594140016062,0.00016071472983440258,-0.0005729279482706702,-0.0005299934219789483,0.0002241206790760871,-0.00021074935317889917,2.719898308704518e-05,-0.00034358795776189027,-0.0004482451935434613,0.00019756458406138919,0.00012593667920771088,-0.0004938571819174339,0.000531944244638298,-1.3158137001231391e-05,1.1725671325213112e-05,1.2674785842246982e-05,1.1866065801381933e-05,1.133390325248358e-05,0.16346179358320645,-0.3161460591715506,0.0,0.009494242431781442,-0.00028895514334936973,5.5891896721865786e-05,2.484959804298424e-05,0.0005270222627695043,-0.0004717915590831807,0.0002618972118371755,-0.0007730249998063153,-4.778843101266143e-05,0.0001770359289822276,-0.0008154484232656389,-0.0004348323788849489,0.00021972213611741608,-7.501769633199547e-06,-0.00023972140685314498,6.632005486985663e-06,-6.577230970235905e-05,-7.96275571478966e-05,-7.495183390928572e-05,-7.17337494762843e-05,-7.025175793400969e-05,1.1446840752336154,-0.2867919411420543,0.0,0.005786210761128118,0.0026855372966763692,-0.0017777644941788426,-0.002026368571607913,-0.0007306200081452793,0.0005295794199564932,-0.0006297787466506557,-0.0005252304253609997,5.7506374016199096e-05,0.0004189341160378685,0.0004712347049858992,-3.355982222264541e-05,-5.148910045213538e-05,0.0003178538958091355,0.00013287383188449622,-0.00018862777366384436,-8.390816824687304e-05,-8.810382684965165e-05,-8.856507130305258e-05,-8.88822344544691e-05,-8.908573967022544e-05,0.0005933918699206145,0.007030777577155053,0.4,-491.13190733960573,0.07886138997356795,-1.307163363430888,-0.32371015514264195,1.2053525643560832,0.4669627616735213,-0.3669882713843222,-1.3341638981029895,-1.046350925533318,-1.1870318697921791,-0.4597085562113996,-0.7158471134903142,-1.033628423434747,-0.4858339027605734,-0.32319828371298165,0.6079629058658842,0.3934889669122619,0.21777602388256406,0.17117241092402224,0.14796677661888855,0.13791310788457167,0.00012376323211363434,0.0014028101322632407,0.8,-871.7496946579809,-0.143312571004671,0.5337890713102809,-1.0834747121686659,0.2613327772246521,0.4306741701444068,-1.3818712317374988,-0.4902287208209799,0.8465519706684184,0.3602546844504957,0.4461451027101475,-0.2181753461085627,0.27375294277212525,-0.7054972845913063,-0.8830814102790683,0.09548836551337203,0.11296741567826984,0.04319921361080503,0.022421161180956158,0.012320993528149415,0.00811493252755735,0.00031815868741230294,0.003909088041736128,0.4,-697.5353221655432,-0.1138088083687876,-0.5573944830387916,-1.1255924482782689,2.072935822199362,0.8199593049652449,-1.9343590946605147,-0.04549619304809127,-0.28588024217336994,-0.2200750058803358,-0.6436607668388916,-0.11337160498979235,0.4449859736046236,-0.6139162498921742,-0.4117462367348459,0.06392307619851678,-0.03639753751887653,-0.03917864325929799,-0.04398401719778988,-0.045886296369465285,-0.04655850085614288,2
2022-06-08 16:37:33.975446500,-0.0021844521258294835,-0.0017702996056933144,0.0011958207795753845,0.0001592808837567878,9.553799397396844e-05,-5.449545081284988e-05,0,0,0,1,0,283.027,-11.892346333230446,-21.300498737174784,-17.282181753002195,3235.0300521544464,0.7500274469242569,0.0034205510698525586,-0.08215728300056001,-0.03385977478237077,0.0013367300100802725,-0.0049302234858258935,0.00906106895552502,0.010063077304282323,-0.04760165087657578,0.0012931186478373265,0.0029747764675106024,-0.0043314822019842525,-0.017756486879516267,224.54410104166686,-10.532882926205248,3.6607645596191065,-9.603592928263446,2194.1490833520465,0.4070212617731457,-0.03210030756919858,-0.0658507867903541,-0.05385636624660338,0.0009939845495218174,-0.008448012557417502,0.029077662757940975,0.3390454423980059,0.3158652293669925,0.17664593699706074,0.14563519248082604,0.13224796946181785,0.2693168590227106,168.56472854444695,7.595335108659982,32.893237897496014,14.858685966760174,1730.5891242475393,0.43032929515185103,0.2557267146105773,0.16227547590686628,0.1327176493340056,0.0337379337318149,0.021432837584179302,0.07555637379928366,0,0,0,1,0,0,0,0,0,0,1,1,0,0,1.67285349250328,0.8652296337669293,0.0,0.04675522237896644,-0.009564639012924243,0.008464787339413655,-0.001786565334230404,-0.001421840587269848,-0.004651585257949767,-0.01475974466874049,0.014799549261695969,0.02063794807952048,0.00938125773730439,0.0007279247279583737,-0.006178146233933972,-0.00142453192970098,-0.002856580392969195,0.009942024549562093,0.015459530274208313,0.0055273347401734755,0.005131086262046629,0.0048208180489461615,0.0046621683184431256,0.004593275118942982,1.9998046244344665,0.046663874868777364,0.0,0.038355568253575424,0.02114181281679867,-0.02789787126051602,0.009142765493827715,0.0067153208766253,-0.011966732455021063,-0.0017092504673569325,-0.002724859848474389,-0.01805955068297693,-0.0030894379479112573,0.0173809849983731,-0.010602270629810544,0.007220113798749586,0.007992360645195744,0.012494185255008136,-0.0044906254531291495,-0.003023678380070135,-0.001282735971745481,-0.0006915574243010164,-0.00043546811488664387,-0.00033201450788832823,1.0825012043560869,0.8137125376071783,0.2,0.00014687529524056234,-0.1158945911438812,0.14107761429044569,-0.04186520496014737,0.012226158261313244,0.013424663041012893,0.015339668164052796,0.008936787461104552,-0.013903068751828177,0.012268675367183741,-0.0063143123831497176,-0.0043532464140092824,-0.009847507326496974,0.007162697779665452,0.014868446125808994,-0.013244395200500629,-0.0011215804080154015,-0.0006176389636644767,-0.00031412845145662236,-0.0001825706130166426,-0.00012944048577707938,0.5180231270009182,0.3879220932614742,0.1,-0.0062982727795086605,0.0014916156727309367,0.0006431190462985869,0.0003026506373998253,-0.0003435476804161326,0.00034877081246182783,0.00011892073065796392,0.00016357431874074738,-0.0001483186536275968,-7.986307405965034e-05,-0.0008269559645787492,-0.0005478798903523706,-0.0004271110079175787,-7.287473476203266e-05,-0.00027961091304761317,0.00045157848826360214,-0.00010494562728851478,-0.00010635416364392296,-0.00011145946210469475,-0.00011473646416211514,-0.00011628687388182669,0.22238599363779954,0.19321810530012,0.0,0.009102657344601313,-0.0007514265274886741,-0.0006594131899545073,0.00024166547405827588,0.0004793401641732035,0.0002458769745798399,0.00038198812916032245,-0.0005812977338769111,0.00034898544725618625,-0.0004997989037381044,0.00020079618829726503,-0.00016974744676415067,0.00015553158867936192,0.00045132718462711016,0.00044210657619494256,0.00032213869989808304,3.07522707821332e-05,9.378153928738642e-06,1.658053484790252e-05,1.9549374138724263e-05,2.0750286537938047e-05,1.1054589182819976,-0.5894758651129587,0.0,0.006220520324307022,-0.004553099886995559,0.0013653170175668072,-0.0006599543937328631,0.0013403627803604485,0.0003501338484787481,-0.00018465237736134768,-0.0007337120954576175,0.0008757149414887701,-0.00041828571074549237,-0.0003981826086670165,0.0004656640092049513,0.00018161560566532908,-0.00026628574674080645,0.00018389001715961816,-0.0003497830966450932,-0.00022795208913643837,-0.00016269227834787636,-0.00013204683327346095,-0.00011703808966947249,-0.00011060208222190581,0.0007602653414601955,0.011095135858260113,0.6,-489.82421588618035,-0.6415824997681057,0.9052476799810378,-1.7585538878600533,0.998039444972683,-0.6893927777347741,1.0727591619726728,-0.5290849774542821,0.04366841890841222,0.09123774453659016,-1.2249572985536563,-0.7134423356553209,0.057673766533874016,0.786529905495799,-2.024688813318612,0.02759030960699249,-0.2695782606955035,-0.2047034756011961,-0.18662319146335984,-0.17934188571231854,-0.17642433136694444,0.000104476614996188,-0.0016254246875237733,0.6,-871.7280150151622,-0.3176940511243345,-0.44278140130205657,-1.0416569673820677,0.2531017048853812,-0.18557412013365135,1.0446194623118927,-1.0231796937625148,0.2879259448510041,-0.17279955086140575,-0.3128167506329547,0.4051415566705927,0.6030022472333716,0.07313586467608957,-0.7597284175455385,0.4582624534571806,0.20920759094764566,0.15415317242212012,0.1299961132896712,0.1181212303152428,0.1130415255239745,0.0005022700644547424,-0.005901072770566652,0.4,-699.0581233418396,-0.8006063457806079,0.3486432815338958,-0.7508704838423341,1.9699674568960572,-1.9418153049437947,1.7181564644107112,-1.4143509394044784,-1.323866915546997,0.04827232554496064,-0.01361660496895567,0.5662614221532962,-0.14749026757387185,1.0143152902372918,0.8864457894356796,0.5951355448840019,0.11966168445600545,0.19714017437805254,0.19712253545000813,0.19204145599112896,0.18892846805151908,2
2022-06-08 16:37:36.725446500,0.0005680300866062649,-9.96613918494066e-05,-0.0011766765489630141,4.683828543161633e-05,0.00011407967168689961,-0.00011994250837761409,0,0,0,1,0,283.81533333333334,-12.003078927483996,-21.2811204124022,-17.121604643991812,2559.7147495300032,0.6332864354666381,0.06927614998945666,-0.019662397666021576,0.016859303363014343,0.0019707756634510004,-0.0021058074971528865,0.01285022108608276,0.002138312939181233,-0.04495965677130302,0.007828571117430348,0.004038740463221563,-0.004981058291981186,-0.015838878578173097,228.2714506944447,-11.40792482384184,2.998011608194873,-9.075042537873546,2229.9989862034545,0.4179132835143092,-0.039664355817527946,-0.058640711395995825,-0.05322272151109373,0.002408228221733233,-0.008049349957560799,0.030541004567823226,0.32189343457930525,0.27458347638339764,0.128584515287026,0.10605984260364948,0.09720516147484104,0.2609917256706851,167.91254986547378,4.999031247622005,33.0806904093295,14.128176514342304,1705.6811541959714,0.42607367419617853,0.2448595933150641,0.16149876697278198,0.13288820907663978,0.03021203826558863,0.020964994590435687,0.07412968997890768,0,0,0,1,0,0,0,0,0,0,1,1,0,0,1.9182034851105736,0.3997788313432583,1.3,0.0035024091659230762,-0.004864140192837018,-0.0005037031363576772,0.017222444120324486,0.0069770026940139535,0.001744593348900292,0.009412406892447404,0.0037588066954324,0.015219110991783587,0.0006300932802298055,-0.004224131995815058,-0.0034074068576162445,-0.0007857074353696111,0.01783959240739802,-0.0195436381754883,0.004832450226712567,-0.0015885373526361671,-0.0007348399364168198,-0.000429203931565092,-0.0003009941528155217,-0.0002496492062946015,1.8091895351499865,0.30886754176865977,0.2,0.005705151161444741,-0.017551745937286124,0.041571055401351975,-0.009059478986469442,-0.000689195571353645,0.015994416694645647,0.0018249054865855905,-0.002215522871771392,0.002251884531042814,0.010659558214179538,-0.011511026370699774,-0.011184130866325031,0.010348654586183406,-0.004727009494792878,0.028427772007347783,-0.0097120813086074,-0.0037774575914734953,-0.0020975288498656227,-0.0016264875040854225,-0.0014126414352316266,-0.0013243818094224515,1.4680037295143418,0.306483479221185,0.3,-0.01660313889281067,0.04854293427535485,-0.14084332723706872,0.09109965919446664,0.05063542488773946,-0.045653274916439016,-0.02144480833298464,0.022334985929826964,0.0013492937564189551,-0.014334526072341775,0.00911171205485002,-0.0019550191555075397,0.005420205912610899,0.0002580851153232439,0.01853422885663297,-0.015928497784473375,-0.002916211025588689,-0.0017995464687043418,-0.001243286242394512,-0.000974605382548818,-0.000861887522843816,1.3925361910124616,0.5052086147022615,1.0,-0.0023216535697802325,0.0003403642611748568,-0.0009741945864382227,-0.00046332024405832566,-0.0006393424476929214,6.848516299193201e-05,0.00014776829056583368,0.00011042654062906375,-0.00014697223832361024,-0.0006823036602426,0.0005324947252437639,-0.00024520147795054043,-7.935319333110649e-05,-0.0004082585980952125,-4.26989830241833e-05,0.0001712203392783143,-0.00019666420612705007,-0.00017373191344270935,-0.0001629266139886197,-0.00015799220383053568,-0.00015592655364651364,0.3008623133434127,0.3401288776815562,0.0,0.007617415198743053,-0.00024556920797899905,0.0009755785798196172,-0.0002974821038092091,-0.00023021560984179336,0.0002574872809296501,-0.00018062186065081063,0.00036112718696187116,0.0002540767579666045,0.00029005093163969923,0.0005366080386654802,0.00028108209931424746,0.0001777339412069648,-0.0005157395258050534,0.0004910765914994887,0.0006490435476846692,4.736352328241829e-05,0.00011599302307905478,0.00011786925810079431,0.00011777065291438347,0.00011755811386840489,1.6001830636071797,0.7336189667645131,0.0,0.004522915810500285,-0.0029917684901073853,-0.00122204167555212,0.0009294494994721381,0.0018073260057687535,-0.0018185573379456753,0.0008270500849680705,-0.0006505447540446294,0.0005320109005014142,0.00012437795701228263,6.142992781690935e-05,0.0008029151312451747,-0.0003089849910683207,0.00035750680099695567,0.0007312832284594718,7.964803399605854e-05,1.713778567053137e-05,8.620554102063406e-05,0.00010090170891589493,0.00010630660243401528,0.00010825815989414727,0.0007740169921925222,-0.0020264901619049067,1.2,-489.2683767864468,-1.0630123021613542,-1.8949827042261236,-1.6333212674477269,0.8141688441103271,0.8587335021022824,-1.038097190833259,0.11254616350177572,-0.15171066686574264,-0.32381852203624995,0.9894766735501612,-0.31829810504395795,1.3185525581794302,-0.921728856764206,0.7753970641492387,0.14245418496411588,-0.19103638191407946,0.0026009579566768077,0.02160369240807292,0.027927634514174567,0.0301370412726345,6.86155044561095e-05,0.00023505112870061411,1.1,-872.3259822490705,-0.2168778594732288,0.33338292948623405,0.7152740272315015,0.4039578699277797,-0.4498686831169749,-0.5695205125326694,-0.8560085811459786,0.12051006420506385,0.4518043713376443,-0.13996626520850694,0.7691503725313744,-0.44974889523694017,-0.2839817807446821,-0.2918679617047744,0.20160977773435815,-0.005543337317071462,0.04203300195175075,0.048002081978962614,0.05002045799595933,0.05077709206793868,0.00042966546560651317,0.0025137324099320933,0.4,-699.3501941083183,0.508414028303946,-1.166707908255589,0.177879937254815,2.166285398268613,1.6851858561308433,-1.058643584821617,-1.7509377106709074,-0.3665724916814384,0.11600153134211055,-0.6106657128986406,0.7805934360250646,0.9074602906559068,-0.12597739768438387,-0.06624426214872514,-0.18765857046462384,-0.4481698543900876,-0.24456935727681814,-0.18789104144748411,-0.16323275743939192,-0.1532392387111674,2
2022-06-08 16:37:39.475446500,-0.00142607423591293,0.00025714802706867045,0.0007349043188036112,-0.0002722750313797769,0.0002075974249216584,-0.00023926238728505327,0,0,0,1,0,283.973,-12.044963570176375,-21.188584851030807,-17.018464645451697,3779.87773690208,0.8435246543984787,-0.05356861772533656,-0.13030552888651153,-0.07412901339206816,0.001465953133795566,-0.0070270188745655505,0.007531840175355334,0.0032899617565026445,-0.039945917649490695,0.003598109680613337,0.005281585933744651,-0.0023778327874375642,-0.013597505876460938,232.97801354166688,-11.467295571932349,1.4410276323250415,-9.658693763216425,2295.120123170704,0.4397244804757638,-0.03628823106150878,-0.05991802212543557,-0.05243703378982397,0.002384756474865625,-0.007705252099638112,0.029880876765857663,0.31908878061985285,0.2655676865857352,0.10232775072972372,0.09941416283021008,0.08280051226181173,0.25884019988985624,166.49839720875661,4.9845108091219785,32.538855295080445,13.871083038727589,1686.0595104256424,0.4159380417321254,0.24530792369545765,0.16221767586928046,0.13384552240335648,0.03005906499096545,0.020531160856216767,0.07390364726059145,0,0,0,1,0,0,0,0,0,0,1,1,0,0,1.8006867784766027,1.0312850102200486,0.1,-0.011968151142576286,0.032005555645418966,-0.0014951501932689403,0.005626258363307806,0.002578964332956589,-0.004148083192607156,-0.002631317300221577,-0.010119667358217094,0.001407794825611239,-0.002263243699930396,0.01046013096786978,0.005140554359734293,0.010228124336201109,-0.016332906982467248,0.006393547832571238,0.006287092266185945,0.0025989024694838443,0.0034363294003114274,0.0034368687209120467,0.0033955562766070056,0.0033713899131625003,1.465997715488115,0.6957942198249585,0.6,-0.0006998919334099945,0.0042747863618260796,-0.04449054848113068,-0.017946352330406614,-0.007882018673655705,0.006355024749524701,0.010597114965724413,-0.00487056785553676,0.0062084854119182145,-0.02001510186093291,0.0016642681816935849,-0.00013158203523317306,0.0007854548353551831,0.004832957514857753,-0.005218679724687013,-0.01512922358667636,-0.0032143529894526684,-0.0023275213591219816,-0.0019341352020441078,-0.0017409794206581489,-0.001659158037006519,1.8269095744765242,0.612123815962206,0.2,-0.06749370701463571,0.0831465790354735,0.12585798870498233,0.08735354435900769,0.051550002597956696,0.02197825672858019,0.02359346313717527,0.03141094851029398,0.016671163733087833,0.014617357442346771,0.005520150010266709,0.007456263796364972,0.022846729689352592,0.01375084674487324,0.010705439661567513,-0.004820409177787746,0.00590429655601826,0.008254160903950371,0.009082355974607673,0.009468834092510368,0.009631203433934431,0.6460105488963626,-0.003886615152274555,0.9,-0.0014672831864377875,-0.004008970792185649,0.0004117639855245192,-0.00012427326048906534,-0.00012013922036070852,-0.00018281656690117388,-0.00018747907779200238,0.0002543027470116834,-0.00016209997556204488,0.0006583350446143809,-8.597835206573038e-05,-0.00023523507721372842,-0.00023778472421732183,0.00018334725209435927,0.00016857275348574664,6.753351380061977e-05,-6.06033415872484e-05,1.2578992547661969e-06,1.804827439618172e-05,2.50742235952102e-05,2.786058939679419e-05,0.5040444731845315,0.12146491741670468,0.0,0.006616665019918218,0.001368159321956108,-0.0005929638651442019,0.00023202887208867608,-0.00016900656364779313,2.204558924964533e-06,-0.00020630854033228748,0.0005737549005865066,-0.00022936348755043086,0.00022451585830202548,-0.0006962793612314043,0.0002811723537043629,-0.0002521074516483695,0.0006967047746201094,-0.0005660723093922086,0.0006272761855622172,4.7524327985211e-06,4.267663646311594e-05,3.996693305326584e-05,3.795046568390957e-05,3.6996670753927833e-05,1.586979749093614,0.6312286930821231,0.1,0.0014140343807687939,0.004280300345038274,0.0006402872159028729,0.0008056642738383157,0.0011954745165745114,0.0012692772882132994,-0.000912727226414269,0.00029147711145721423,0.0004691618759843668,0.0008504169878783193,0.0005736202394039292,0.0011945238458014294,0.00041359037593671614,0.0005544898872634047,0.00023352119862413793,0.0002856289378834669,0.00024225749272935263,0.00033272347277329907,0.0003586040638425616,0.0003697509248813815,0.00037426347556927114,0.0005705495736374132,-0.01662675677198679,1.4,-489.5562360190667,-0.5654519915184508,0.6698102496190614,-0.6743140838058679,0.6667359906021629,0.468192683721675,0.6978827447096769,0.7457418212425395,0.450604408624331,1.2354743432987068,0.25216441092802105,-0.8594185298733574,-0.3396103904848609,0.7870921793942625,1.895810772563676,-0.04023502767934062,0.2423626314532612,0.2957578410240416,0.31436094756927524,0.3223084971740118,0.32550509250834203,0.00011541300303028482,-0.003127593168853539,0.3,-872.78570843722,0.3844247929391145,-0.4399418407230655,1.1914779348365414,0.3002993293272169,0.6432631009944032,-0.23956736845394744,-0.11195661555719028,0.49481361743279,0.2057340724543089,0.5378853077927594,0.36576539993768253,-1.4652366902918852,0.30698686894444194,0.7934524025413197,0.022418373510628697,0.029067791263827306,0.09624030164003017,0.11274820503256675,0.11958040492918975,0.12228141169312855,0.0001868002583316505,-0.004950415990627215,0.8,-700.180002214251,0.03210716281154191,0.7569085981496215,-1.0070287177044437,0.13808907572448706,-0.3151838940200875,0.9456722350815668,0.2052775077465512,1.5336225692939145,-0.2002275036943182,0.2900118795714945,0.6291294277237789,0.6178942964832395,0.2800724959496144,0.5778668701434739,-0.2673215304117065,-0.2152482207760613,-0.0771165353352945,-0.031062518590768917,-0.010702401190136436,-0.002427999420658189,2
2022-06-08 16:37:42.225446500,0.003501066679362084,-0.0010589445070853932,0.00424096722252024,-5.182181924155749e-05,0.00013589640885936936,-3.8573868483061066e-05,0,0,0,1,0,283.9184230769232,-12.248824626347265,-21.290035521647226,-16.873890472897315,685.2331854605476,0.309379729552778,0.2535691406982597,0.15311304260581055,0.1569229889181171,0.003354221757304016,0.005513148370268181,0.021919884759257227,0.003503004524062726,-0.03982966186650299,0.003922044948090076,0.005244765473888084,-0.002344836736244139,-0.013610632386085763,237.85607988782073,-11.5187049747623,-0.1965112939437276,-10.276484885645887,2337.438031856545,0.45811355256064795,-0.03008035013163167,-0.0590255457178949,-0.04959374237329043,0.0025569577434767852,-0.0074799476747424015,0.0291208718828506,0.31907472934613695,0.2655816292170742,0.10219141362330478,0.09941567769898417,0.08279498972765588,0.2588392715899596,164.7901728665418,4.978133031475099,31.83657775115905,13.578886179342575,1670.2666557145285,0.4055731751376732,0.24527119501636105,0.16290781655354442,0.13466816753620595,0.030034753552654007,0.02055150172138973,0.07389563110713852,0,0,0,1,0,0,0,0,0,0,1,1,0,0,2.087808860115099,0.4201524918093128,0.2,-0.019262757490073883,0.012983597190271342,0.024220905563098933,-0.0057840989522245185,-0.010142596566460979,-0.002974755103820491,0.0015714246414785652,-0.0026975037464085517,0.0024254846580233423,0.009010584284256277,-0.014166921525387902,-0.00012385452692477729,0.002516919726515516,0.015195716254020641,0.007191259055711804,-0.009378764755171257,-0.002561624373008929,-0.0012580127174619312,-0.0009123460201609367,-0.00072824883592459,-0.0006471833760308662,2.2479715445301496,-0.3076848531532431,0.9,-0.011325642737077935,0.0014457359196066528,0.016941200162221972,-0.01898959990998616,0.00019097446961809008,0.007725876908612856,0.0064523934764755255,0.005343287485248872,0.005347491684110181,0.017251845048595928,-0.00240148090170614,-0.0027442617393914443,-0.0142615010001851,0.006433882230088404,-0.010170254148877643,-0.010056774153819486,0.002495993155507177,0.001332450212215321,0.0012003346679228914,0.0011597097959068975,0.0011446852082819025,1.9735584992778743,0.9431330525513376,0.1,-0.012704307946695135,0.06115394896842671,0.010199047098642888,-0.028101554503850202,-0.036677687351358734,-0.029991024713614433,-0.03473666550479,-0.022626102913686705,-0.026728491131995116,-0.008663272142346034,-0.0031665082844491,-0.0030212383027630805,-0.0010196310580672246,0.004882777906159269,-0.002105395560361632,-0.011907171260374494,-0.005971294580272645,-0.004397209638420229,-0.004152253380035588,-0.004071879668931774,-0.004044814644405407,2.01081520184802,0.5769187071404848,0.4,-0.0011887387767502136,-0.00023329651994162973,-0.0008870391140760073,-0.0002664450880259094,0.000561902004255058,0.0003940573063167332,-0.00028043782546042796,-0.0004897586378936823,-7.241694425457646e-05,0.00029729308562748,4.129110730925288e-05,-0.00037453190018367537,-0.00022871434361046217,0.00016955505761638074,0.00010587853941183442,-0.0003616671895291885,-0.00018341794468352423,-0.00011255019874709764,-9.169395686265551e-05,-8.142224802470281e-05,-7.704046563535136e-05,0.5596534732587312,0.2577230730830907,0.0,0.005866847827340797,0.0002013625496292025,0.0003682728405471472,0.00037299955366187096,-0.0003534609454798373,-0.00041073520330180233,0.0006683125637454365,0.0008343228351722769,-0.00017348645160844168,-0.0004016300808607866,0.00029454749074150574,0.0005912830919844726,7.945601885178883e-05,-0.0006854034837948153,-0.0005366177097561084,0.000643749310562166,0.00023043700039625343,0.00015024336906147308,0.00013905236856175048,0.00013377419378015931,0.0001316119021245257,0.8832112388994522,2.2879559851188143,0.2,-0.005040244507616243,0.0007774438399348947,0.0014620847436318245,0.0004771349507773962,-0.00031324737778885516,0.00019696395539537287,0.0008230951987410472,0.0008265619717883147,0.00038813932192757945,2.1173232605500134e-05,0.00034722485763127143,0.0008490200261289258,0.0005682547973939843,7.141862632150292e-05,9.975633692734754e-05,0.00011939616113615132,0.00014492113341128325,0.00018153202972467184,0.0001915773599834789,0.00019577624269978504,0.0001974096308749649,0.00035525962332230444,0.004586353519858244,1.3,-490.303391557751,0.6266413612756168,-0.5307887690071809,-0.29330554268648257,-0.01929877105635569,-0.6720429968803927,-0.4791994920555354,-1.0073765928264962,0.08787360923008691,0.1258662820538241,0.62619403738994,-1.1056345454357397,-1.0141725219989386,0.7787346754270636,0.039175798080256286,-0.6293798919322899,0.19640707900171075,0.06024806631305246,0.05211639305362148,0.05027652890927481,0.04973665441840791,6.830052230131569e-05,-0.0009327701529020627,0.2,-873.2612355984506,0.4242392295392108,1.111327853126454,0.42250054075979904,0.2680947867259533,-0.09256796454689464,0.7231194558812035,0.1317994973639287,0.5696237571162683,0.16422373011293698,0.32584448915230624,-0.3574423407183964,-0.3421405727416076,-0.00963014480915092,0.4853792891317674,-0.4619920634183785,-0.10252719054513904,-0.04528972220860794,-0.016903946266099368,-0.0020976333795381663,0.004438785032267134,0.00017917322458091392,0.00237295564079031,0.8,-699.0470917132603,0.7396572635282865,-0.30050715159168817,-0.9622158630683372,-0.7320520073874661,0.5555729536564158,0.12182800625208755,0.6725059728606411,0.7918421367263662,-0.0212219405176306,0.3504780916966368,-0.26008800562186885,-1.1601521911964134,0.024508875882832012,0.6710842549042368,-0.6225569403813402,-0.20766998827389216,-0.1552424982952143,-0.12517214965808954,-0.1102895752489399,-0.10393725536364153,2
2022-06-08 16:37:44.975446500,-0.0027780107134002365,0.00030950031710645897,-0.0011666835105626984,-0.00027187208464168357,0.00014851195980819938,-0.00015144839498250337,0,0,0,1,0,283.7183076923077,-11.922953132280247,-21.49515315500595,-17.39942838086632,1142.3508596736447,0.3898970934206925,0.21366904817459006,0.10875868161916144,0.12237510336694975,0.0025170392794142955,0.0033498220597003373,0.018653281718298567,0.003556158329814622,-0.03968566056860317,0.003972789065185308,0.00521262155910544,-0.002320444685364101,-0.013618587695561709,242.72324230769257,-11.571830768382547,-1.841183822753999,-10.903394016622363,2345.300818482821,0.4706036939708929,-0.02034827689270329,-0.0549762906281343,-0.04420535694824941,0.0027494052208475533,-0.007113148688565941,0.028486843647991974,0.3190710942364458,0.26560144470514624,0.1021767728203178,0.09941719244232028,0.08279510334516373,0.2588388352221777,162.92465933151908,4.970794418784589,31.03174857997339,13.2529635666866,1656.8225494880191,0.3918356504476028,0.24758187339296456,0.16534738412794656,0.1376115835333395,0.030009153428138508,0.020622441410663925,0.0738445273634211,0,0,0,1,0,0,0,0,0,0,1,1,0,0,1.6325636470356455,0.31466744644278843,0.3,-0.05363896216992027,-0.038026946237528295,-0.014068143457466006,0.01912115966597713,-0.016548649468267302,0.003907687903665712,0.000819662193593142,0.002035275445352181,-0.006574217961630262,-0.010886788459314341,0.012968917593016546,0.00123784627036077,-0.0081421988072556,-0.005789490350735786,0.009417310431402872,-0.014789636096766425,-6.653943753876998e-05,-0.0011402455540406218,-0.0011071644335548026,-0.0010701966730836052,-0.0010516905094315994,2.3195914966496756,0.4709986744822146,0.7,-0.014876717824743587,-0.009200124679401251,-0.01164363702060797,-0.01677099802402111,0.007377654146182479,-0.0008648235286130197,-0.01281333128273052,0.008173577640043214,-0.004726631969715782,-0.008320065796975236,0.003504115718431763,-0.001957875273139955,0.0002837326009337074,-0.01025489382826866,0.006107456450723228,-0.0074619234158596484,0.001012613171815484,-0.00018952284018022587,-0.00042423829053962514,-0.0005362972416096951,-0.0005835613234005219,1.556958436135081,0.5675090707256123,0.3,0.012133396299212168,-0.06974738891920174,-0.014969454096494675,0.047924836491994985,-0.04706568902522716,-0.0038916036502950734,0.02308335386522044,-0.01823205970379564,-0.0019384066912675464,0.004557811508582201,-0.011736652449258795,0.0015748287930497124,0.0020463167823844123,-0.008114078486078907,0.0010750461954696408,-0.0074699387183534294,-0.0019226190096504703,-0.0017924504030238863,-0.0017536037197370073,-0.0017429246908007606,-0.0017400309130896914,1.2022336303365395,2.0744929597838886,0.1,-0.0043962047976192405,0.0016330665114101964,0.0007287071996195452,4.861278588723573e-05,0.0009120581717923662,-0.0004519117116622327,0.0009679503883724787,-0.0002507574163877184,0.0008173786128509975,-0.00036095135852312485,0.0008349094544044382,-3.303298673566529e-05,0.0003882624877731707,3.73981461017608e-05,0.0007364450265274282,-0.00016862120599810083,0.00022229324553507118,0.00020537452509116917,0.00021108424726999276,0.00021448556523598764,0.00021603073347003788,0.4919530959529029,0.29654679063848804,0.0,0.005686097595341239,-0.0005695476307004327,0.0008579544643437171,0.00043026480227282665,-0.0005035476844723745,0.0006506009976830262,-0.0004529483431344259,0.0006159450265532403,-0.0002959295689445981,0.0001879273130990916,7.097393530500163e-05,0.0002549063965963608,-0.0002009648698328344,0.00034131114405653885,9.882323198877751e-05,0.00036530613830890337,0.0001327627142373097,7.547473843242633e-05,5.8588905646795766e-05,5.219511351550271e-05,4.975852309327349e-05,0.2818584526866635,0.05273067832471018,0.3,-0.005738588665903554,0.0003839244203982012,-0.0007117356188688903,0.0007870652061716021,-0.00043665499045621186,7.082991583112698e-05,5.78047173101483e-05,9.226897877212592e-05,-0.0001831116625252494,0.00017796556559810124,-0.00011534263878801831,0.0001714377593209292,-0.00016836168760905865,6.569610587902784e-05,0.00017198624911743233,-0.00019182950184740526,-3.052591612853433e-05,-4.090202632492967e-05,-3.713171287377453e-05,-3.472123966230668e-05,-3.359622722401589e-05,0.0005301047089244336,0.001151987994689397,0.8,-491.75788141939364,0.15345394752453956,0.8824011400622709,1.2879208080471187,-0.17031314705456424,0.5348786062149244,0.5598881934215107,-1.0108374253914114,1.3633603699359398,0.11543924038519825,0.23493839000127004,-0.4572301740810101,1.1004492827658563,-0.9705824175121088,-0.8690394376822166,-0.6270625579926694,0.11364655756379173,0.018008036382566317,0.0017037280168761269,-0.0027501275940320373,-0.0040781888141885325,9.911736763731414e-05,-0.0014946621890720038,1.2,-876.4304582994322,-1.1841535651844026,0.2739484214323937,0.6109032138835317,-0.044261763295679664,-0.6704896851055295,-0.3502206686452425,0.18589221876822395,-0.23529826364845266,0.37195909859426735,0.913088626309051,-0.2812176719321293,1.1484019231309637,-0.061620581624666215,0.023586999953728597,-0.4753492465452638,0.03645258172150179,0.021199898282596046,0.025362178929453805,0.0285657968641555,0.03009655984698689,0.00036091747870285214,-0.0018456235416707352,0.7,-701.6168657810457,-2.605283973158308,-0.3523515176337355,1.0312638470699298,-0.917714117955768,0.4849583643493105,-0.07411751769578245,1.3490142119435298,-0.42384002647278507,0.9411572245064336,0.8393432103543823,0.030882527920628174,-0.558524050464964,0.17232524919067949,0.2266971890607117,-0.6141353783437218,-0.012505719287545958,0.006584548873640017,0.028361325180483725,0.040459131391166636,0.04580841897620402,2
2022-06-08 16:37:47.725446500,-0.0015765118669246435,0.00012767780384629528,-0.001266359498032291,-0.0003646833937839209,0.0003125022800856148,-0.00016127665788015358,0,0,0,1,0,283.5181923076923,-11.724066703163713,-21.384101842622872,-17.613337646715948,2048.7526671746737,0.5459621606306689,0.12522860300069075,0.02407977572948493,0.05383529813045422,0.0017491770585019036,-0.0003707829008906069,0.014235111620819476,0.003677119023400404,-0.039558348717410284,0.003982449343672629,0.0051833596748826725,-0.002296670305696473,-0.01362282684122144,247.57983750000028,-11.623159193058973,-3.4835352812894302,-11.536041743662262,2382.804203481105,0.4882077697090837,-0.013527674562697729,-0.05365044326451833,-0.041064278832286666,0.002925562921580417,-0.006859182736013231,0.027703433638804863,0.3190602395793721,0.2656182688165372,0.10217182945363304,0.09941862420762404,0.08279557394965352,0.2588386096527867,160.89548703016226,4.961417181630682,30.113412917747933,12.889145216913194,1621.8665149164044,0.3740001667729857,0.2485377660879203,0.1660936152778265,0.13898798517258398,0.029982161264169256,0.02065686254088256,0.07378909967009102,0,0,0,1,0,0,0,0,0,0,1,1,0,0,1.0982617366091214,-0.16128110308016955,0.3,-0.058690236064414474,0.013457753737463246,0.0026174450179509037,0.015175110545114487,-0.01622696233726281,0.002647647410566771,-0.002632586515662675,0.0074175989649785815,-0.004689734358561201,0.013789218314110922,0.0023349852608937627,-0.0009651163298344301,-0.005952598934129632,0.0022923316620880475,0.0036935440230786852,-0.012695857788155336,0.002485804953564549,0.00083642559182965,0.0006175475309665058,0.0005526182445104354,0.0005315158068742655,2.141156600477905,0.6041179812460875,0.4,0.0025893774081950744,0.01043774607027529,0.0011485993493626065,0.006228756262224542,0.017375919072720618,-0.009395033152321892,0.006598884878848543,0.010647046265890624,0.002475902364310109,0.005830689253862603,0.0014860215133090395,0.0003880637551313174,0.013001264842829006,0.0063679249621871725,0.003082775364000861,-0.0061455538670455,-0.0017014044111796304,-0.0002836714100623054,3.6069900053313675e-05,0.0001905728971901672,0.00025599679646148897,1.7545441424139927,0.4525794918223398,0.3,0.03326600700298457,-0.05970851307158829,-0.007847279107958988,0.042960914557114975,-0.04880919332541191,0.035693813599883537,-0.00450855194059461,-0.00959967242986105,0.014153407202115168,-0.015176978288160763,-0.0002954589917119634,0.0012331058497334882,-0.0019230042103800013,0.0046341302233100685,-0.0018516211717636327,-0.004366427198990846,0.00139599127538515,0.00032910022406500497,0.00015667380945984182,8.447850871047293e-05,5.572727924060396e-05,0.2401204629320816,-0.4620729341305714,0.4,-0.009150992695387716,-0.000709016408003067,1.5032318578717444e-05,0.00036476258059011887,0.0007194980722407215,0.0005558339675746986,-0.00047964586339109853,-7.880987037615732e-05,0.0005884243521565129,0.0006047927347191426,-0.0004177340162036559,-8.026767830953313e-06,0.00034881852713059333,0.00039719502448671624,0.00022275686022610533,-0.0002575603276608468,0.00018011243239838065,0.0001397663774543983,0.00013809890903503474,0.00013815933852518445,0.00013829301339263325,0.3976310215042139,-0.16322649203448575,0.0,0.00665941383822584,0.0012825086261278374,-0.0006720958797836753,0.0005821918163765253,-0.0005692842858083531,-0.00022757930220155889,0.00042334631130238416,0.00023206544643610517,-0.0004348918683764331,-0.00013515302738278134,-0.00021091155262170424,0.00013678206123238088,-0.00016796297241647386,-0.00028215303208462233,0.0002413991138830209,3.922213475451693e-05,-6.138193685502832e-05,-6.470433417743695e-05,-6.927346783917066e-05,-7.125519647238282e-05,-7.203433588348034e-05,0.21090212251677176,-0.0653671186542275,0.2,-0.006176891814748612,-0.0003719761432847983,0.0006206368715443865,0.0004189345693122737,-0.00043559060620269315,7.550432566076508e-05,-4.8874360184648295e-05,0.00011622918029440117,-0.00020439771351555327,3.2617427457546684e-05,0.00036802783877317146,8.96071162110444e-05,-0.00031737819535583274,-5.841492353314018e-07,0.0002441776180015973,-0.00016163465235468955,3.9427722718684974e-05,1.825910426013616e-05,1.7009101731050734e-05,1.6861627147497078e-05,1.6860624671554187e-05,0.00047775100905355126,0.001426049230197158,0.1,-489.95362959295966,1.8185914827743093,-0.38658064745941795,0.7321216526182326,-0.8011251210599397,0.04133215747165764,-0.3833234313226371,-0.8188112202774641,1.1089032791310058,-0.5021432413975262,-1.039594364036489,-0.5508381345469058,0.3019898453620593,0.4523621908932558,-0.03612899261941216,-0.14386609219984334,0.12174438326193915,0.08997150666096054,0.05887782398811225,0.04276305308500383,0.035771054033736586,9.641083550051809e-05,-0.0024682402267042144,0.1,-877.9442466262583,1.4913716040931178,-0.33776296538530914,0.5283460521808223,-0.35369451258371504,0.8472688138864797,0.00015394108794453132,0.4083918673231892,-0.2763884194547401,0.018949716539310657,-0.6653057583335489,-0.4545157662308164,0.4868189309003164,0.3906482773885927,0.034667950701027905,-0.13779340567200649,0.28851024448075435,0.20706607782105024,0.1810415866142048,0.16866640980507694,0.16343737308015793,0.00020913656839797692,-0.0034737660425005665,0.3,-706.3060210497026,-1.87623964653794,-0.07281653001918187,1.2123235316601892,-0.5109514183054458,-0.12234558630846235,0.3443377667629193,0.9087559372693086,-0.774531517842032,0.381597587764265,0.5246980692310146,0.12539475827070135,0.2501624125782964,-0.0807005950974915,0.13703990065367222,-0.2958599646740332,0.1444196003510818,0.14487735362506093,0.154193530897615,0.15952733384796858,0.1619320981122061,2
2022-06-08 16:37:50.475446500,-0.00027990682974422706,-3.801885668646559e-05,-0.0013451769969078685,-0.00045268168719504677,0.0004755987808966432,-0.00016827592387349185,0,0,0,1,0,283.31807692307694,-11.548380273936033,-21.29387352523456,-17.787117554227773,2955.1544746757013,0.7021020172851425,0.03644933544755466,-0.06029530547588587,-0.01445160352257875,0.0010116879999886594,-0.004060903788246043,0.009842661024446107,0.0037186691895385532,-0.039437058686511005,0.003961380367977731,0.0051521814242699296,-0.002273734893460855,-0.013624722248272192,252.45997171474383,-11.666571533394327,-5.124253740526308,-12.172973188488927,2440.8986954937977,0.5093628187094984,-0.008704311055482064,-0.05427177828881392,-0.03945526478727762,0.003077257903447679,-0.006700572372203193,0.02683718914253879,0.3190533076969289,0.26563492738035643,0.10217197927643924,0.09942016000476314,0.08279611777735424,0.2588385101217777,158.65843298609843,4.952713620670461,29.0697528111378,12.485697022360075,1581.0475001835284,0.35490905158778024,0.2482343489226822,0.1659639899362502,0.13926957072556495,0.02995676807231025,0.020664339043948748,0.07374854025408037,0,0,0,1,0,0,0,0,0,0,1,1,0,0,1.2036856916079783,0.7912766694970726,0.1,-0.0666676865909174,0.03453117844338185,0.011063268813786584,-0.00857878680745322,-0.013304570871476221,-0.006066208850823152,0.001224864955720332,0.00019371497794363517,-0.00671924491417189,-0.010687600695981255,-0.006962644165824171,-3.1396538323415727e-05,0.0016309842607106018,-0.004861645303402468,-0.013260512124199486,-0.012363564845609451,-0.0022550367233432306,-0.0023333782204414052,-0.002400337081146617,-0.002410391959551424,-0.002410394322391425,1.9375957851590693,0.3005128157671217,0.4,0.00024129712589220835,-0.006642192950149953,0.002759322909552105,0.010908100501572105,0.01290631166247218,0.008807634219822072,0.002539750916914422,-0.0019872147471060512,-0.003708495785634206,-0.003910689448226728,-0.0037377815020901007,-0.002802668184332257,-0.0003422712628591061,0.0027233009824704324,0.003473949859533781,-0.0011824272690120743,-0.0012332318734008787,9.532890273637356e-05,0.00030508518709014944,0.0003715010002460743,0.00039423335348773254,1.7679127814665148,-0.43262907517430943,0.1,0.03201081794434249,0.0647004571488895,0.0184791207470926,-0.02671956793742049,-0.04727789700504472,-0.03850704405636138,-0.014073076553002205,0.007234558128284269,0.01517994379291091,0.011851523647899005,0.005273537977364889,0.00094080184201248,-0.0010546331455601253,-0.002744182968187868,-0.004130970292677829,-0.0018346046508508074,0.0021053623423899588,0.0014132568628023696,0.0012058626944781163,0.001126790312498307,0.0010966150804780155,0.05645078329073056,-0.4807558137583585,1.2,-0.01201873601902844,0.00014743221991034782,-5.585700213269971e-05,-0.00016860772152817933,-8.964734124434691e-05,9.714863241320732e-05,0.00021817167859084356,0.00019047903184048068,0.00010016882682888207,0.00010070288042666137,0.00024102040635329405,0.00040498669071607757,0.0004264153319219264,0.00026114961364859235,4.106990939001248e-05,1.247897698528652e-05,0.000261342738594586,0.000254389463823668,0.00024675494091984493,0.00024275257787537965,0.00024093741053971094,0.2445615139905777,-0.35611766490030244,0.0,0.009539452531095465,0.001615745499107492,0.0009086608439043957,0.00021064356093464132,-0.00016891209844725145,-0.00022958700423140454,-0.00019025676268367582,-0.00022960688729070644,-0.00032496634830187464,-0.00033081978894911637,-0.00018234186218827003,9.194392616990616e-06,6.996518479886652e-05,-4.5573622321491105e-05,-0.0002018511977853888,-0.0002356292616433956,-0.00022486073404191006,-0.00021370211437339654,-0.00020549734622584906,-0.0002011348275316857,-0.00019919086159934208,0.12823603412195916,0.3312114907265993,0.1,-0.0060532747206134795,0.0002473850497279952,-7.521522667571737e-05,-0.0003297344172815378,-0.00034871666956048074,-0.00016910629260034248,2.709145485754879e-05,8.803589001489564e-05,1.3246765679309332e-05,-8.183814595733976e-05,-0.00010235734839025566,-6.61214032177626e-05,-6.600140177177803e-05,-0.00015563350911733368,-0.0002832427946545645,-0.0003096847692497734,-0.00014923753680097545,-0.00013023054968922595,-0.00012199107188237561,-0.00011722249223887158,-0.00011504239511721184,0.00027668581263180623,0.006735974943245234,0.1,-485.94832300922326,0.9419546563710456,0.483540955923992,-0.1838055025252245,-0.8324019604652406,-1.1635352532528316,-1.0066975429127505,-0.4842831033303483,0.04412051866325229,0.2502090860765769,0.0914031420235144,-0.18574507890516045,-0.2995813772944178,-0.20071620279576766,-0.09431264967362196,-0.17401892245927186,-0.057583522341971616,-0.0589848412897247,-0.07993881775609601,-0.092191498312145,-0.09776085619843712,9.927562983585524e-05,0.001856395584908846,0.1,-878.0595414313476,1.8444380762564665,0.6192495968843019,-0.43695293276859104,-0.7339825001706828,-0.3757712605186612,0.052005724069402966,0.08098288191489901,-0.2460209218659095,-0.5242539772183363,-0.4609503636884398,-0.16348064791618455,0.027283584263821936,-0.06390812434975858,-0.2554974729905801,-0.12976320867999291,0.1593233583944027,0.071324810594664,0.035130379215720715,0.018471782293538297,0.011542369761910365,0.00017172875804082852,-0.006727942533459012,0.1,-713.3342741736685,1.8881317961485,0.96943536945453,0.22074570581109754,0.07961611417736948,0.4036083063677509,0.6765789340499282,0.5320480447794935,0.07876444561595974,-0.2602792270841121,-0.19487728951726524,0.15949991707169886,0.4334317728451076,0.3901520170693793,0.13996972025432794,0.005814983307846688,0.1863064132519412,0.23835364833098185,0.2614582851177367,0.2735663532510735,0.2789030699271393,2
2022-06-08 16:37:53.225446500,0.0010439985084808577,-0.0003681571005166717,-0.001361209553320036,-0.0005366281864349243,0.0006378200240635932,-0.0001728730125178369,0,0,0,1,0,283.11796153846154,-11.864144358845351,-21.28751121725132,-17.327293017941383,3861.5562821767303,0.8582675067950174,-0.05861801796848767,-0.13945547364528513,-0.08070797607006368,0.0011038898808753543,-0.007245053053356195,0.006111394443029786,0.003818699451442797,-0.03935197388587111,0.003932134208005169,0.005121644394826163,-0.002238096737752328,-0.01362391790818904,257.3252512019233,-11.716354885852539,-6.766562268087076,-12.800553619135714,2507.2161902410157,0.5319363928027915,-0.004794008090769935,-0.055571769184510435,-0.03842388341920877,0.003234690775737064,-0.006563588238761632,0.02593483298479972,0.3190511156870578,0.2656467813072206,0.10217303494832668,0.09942168981111464,0.08279698233355645,0.2588385516295313,156.2481716875861,4.942517131674704,27.887328016565167,12.031750880291808,1554.618968802792,0.3393105104324278,0.24631344953781395,0.16560932737090506,0.13861875566835266,0.029927598611543687,0.020642090850764613,0.07372842315749925,0,0,0,1,0,0,0,0,0,0,1,1,0,0,0.3313878444324596,0.4815993741397133,1.6,-0.0577372962808012,-0.002923301760682289,-0.0029270382783593307,-0.0029335006848637364,-0.00294307311098978,-0.0029563647621873826,-0.002974302633708169,-0.0029982910307424994,-0.0030304923401295717,-0.0030743432278097305,-0.003135562833184537,-0.003224281133779577,-0.003359979035395373,-0.003583985789721728,-0.0039818228034475016,-0.0041126707387362784,-0.0012670995277925207,-0.001365215511372219,-0.001610026757550298,-0.0017390669473380267,-0.0017945609131831649,0.3117001437184164,-1.1578201390398752,0.0,0.006141355478425713,-0.000134294627209779,-0.00013240621290886703,-0.00012913995731124938,-0.00012430154391365048,-0.00011758317557797436,-0.00010851746023529041,-9.639875472788405e-05,-8.014653521871241e-05,-5.8059189207310695e-05,-2.734779958252223e-05,1.680080420084291e-05,8.322750853517939e-05,0.0001891528042472908,0.000363901962076118,0.0004062910844711582,-0.0006390685818393137,-0.0006016420665036923,-0.0005373560609715379,-0.000507840330916244,-0.0004957255571776282,0.004916329995065828,-0.03991197975474715,1.6,-0.05313685217530005,-0.0001414689022746999,-0.00014173542929314054,-0.00014219081200983388,-0.00014285234302726692,-0.00014374514697815689,-0.0001449025308262004,-0.00014636490022465132,-0.00014817391735932883,-0.00015035219051802093,-0.0001528382299497721,-0.00015527184908153762,-0.00015620236073887042,-0.00014944953813309306,-9.908238572576632e-05,0.00032447508874621937,0.0007583590695390438,0.0004067094363299545,0.00026651539541134754,0.00020428454340564936,0.00017897819321866418,0.01972511585729074,-0.256832057240865,1.8,-0.01568813487168798,0.0001561355677951121,0.00015605274665646284,0.00015590924146130134,0.00015569605523862106,0.0001553987974573015,0.0001549953047452388,0.00015445144476069236,0.000153713483475252,0.00015269342786874946,0.00015123867116752373,0.00014906243665505927,0.00014556102836139667,0.00013923549780732849,0.0001254502037396561,9.688637650256196e-05,0.00015761224710107838,0.00017635563589926635,0.00017669980313009,0.00017592527706544096,0.00017545750914644255,0.07974298811298952,-0.7873203314672076,0.0,0.014027330060303234,-0.0003057333429852898,-0.00030575017882874243,-0.00030577884067590534,-0.0003058202383947992,-0.0003058756405501628,-0.00030594660959654325,-0.0003060347771198195,-0.0003061411940564588,-0.0003062645500639924,-0.00030639625220704665,-0.00030650607138531824,-0.0003064958134503063,-0.00030602186129840696,-0.0003035742573574415,-0.00029019881892094893,-0.0002846166870267769,-0.00029302226362348766,-0.0002954871744142387,-0.0002965274407373228,-0.0002969551840227143,0.0005943934650064787,-0.015745436320267498,1.8,-0.006700708011694917,6.67465084634234e-06,6.6317388330489925e-06,6.5573864812810325e-06,6.446936803071869e-06,6.2929451649284475e-06,6.083955728555801e-06,5.8023489124236485e-06,5.420439072828401e-06,4.893013552092427e-06,4.1419656333774435e-06,3.0213018642041487e-06,1.2257149461003037e-06,-1.998855594174926e-06,-9.005690424891249e-06,-2.43129472302273e-05,4.1415778549406155e-06,1.4812098275067346e-05,1.567052273519014e-05,1.5598682796633573e-05,1.549086705423281e-05,0.0006203156264507379,0.006248700726619418,0.3,-483.0115807989061,-3.1017224502141834,-0.6606790318718794,0.6818797772864613,0.2313748940738733,-0.7114681845814914,-0.8295048318120379,-0.2791037473821021,0.02831044324907417,-0.1280106788383808,-0.2094701256359848,0.03347378865113093,0.18425352636812956,-0.08530384499701428,-0.4400452820811296,-0.2990132695577703,-0.04222957056907895,-0.07183193304918943,-0.07749941209777234,-0.07969538173331969,-0.08055125450966072,5.736491762437221e-05,0.003444296602669291,0.6,-877.0944181423329,-1.152386961895829,-0.3417203992635933,0.07664611487412287,0.02349030908220584,0.004637723354392165,0.19527853356586175,0.19454544530806567,-0.2273943159128038,-0.6563082116283567,-0.6176630332919189,-0.28473556580880555,-0.1881645894082773,-0.3973569229587461,-0.4472864568782562,-0.01695042146074499,0.1277853525972148,0.010605939188192082,-0.030674436127402064,-0.04947811363175525,-0.05723303291380244,0.0006978224327299191,-0.0012032162232252222,0.1,-717.137804250695,4.7799517876971285,0.22171515211239526,-1.8838105402613865,-0.5532093201230026,1.2161330693064016,1.0145158944733763,-0.2318236097691475,-0.532657596813845,0.0922008179539624,0.2201121607837706,-0.3974275296147773,-0.604483006665598,0.05795706014306035,0.6038841130800989,0.23906916245831056,-0.014847516753409453,0.01163980123043018,0.013749124741156749,0.01364848702802579,0.01339837946673006,2
2022-06-08 16:37:55.975446500,0.00017096947880970072,-0.001864405009200384,-0.000528639452446903,-0.000605802223619292,0.0007964234334046422,-0.0001550352757307683,0,0,0,1,0,283.973,-11.738444106440394,-21.377544657857683,-17.417417956557053,3239.7493046390528,0.7514920289666972,0.004872327518374913,-0.08381850637158106,-0.033788975853552214,0.0012017782575150105,-0.005046644791911922,0.009309037406896398,0.003939900069274006,-0.03924025232249599,0.003914918019247413,0.005088919484742897,-0.002206854940556287,-0.013624901312640969,262.1687927083337,-11.767539990373109,-8.405012232407126,-13.425090341406694,2547.5418326091794,0.5499899265151266,0.0016642428013301804,-0.054506805928133235,-0.035468666611713565,0.003406826255617165,-0.006322780749303636,0.02515024852831579,0.31904865825725626,0.26566237407128274,0.10217383678843678,0.09942333082930324,0.08279778243758054,0.2588384998685598,153.68409800518762,4.9317664092236155,26.55117492839825,11.524730457018,1535.9755090365106,0.3271892099781193,0.2418748445458837,0.1642237897613048,0.13645325711734785,0.02989449864452625,0.02058366472593532,0.0737083266114185,0,0,0,1,0,0,0,0,0,0,1,1,0,0,1.8918756814677704,0.69649396102266,0.9,-0.003285943405949944,-0.0036512876297041404,-0.0008467291710440359,-0.0011135138199371572,-0.005712455573585587,-0.011127132189923698,-0.012325201856960068,-0.00774725623338098,-0.0008692147827499674,0.0031439599327790385,0.0021495898892912504,-0.0015422591773069818,-0.004010107012129357,-0.0035378793912293548,-0.0015457748434792931,1.068921666216116e-05,-0.0002789336785901644,-0.0009151098095097296,-0.0011595758585266438,-0.0012772651059732795,-0.0013275545759162107,2.4842602742313686,1.744628863057394,0.0,0.008691078340637568,0.003090771581121397,-0.004349527486177892,-0.006742507726170864,-0.002193064045651889,0.0027132241693409603,0.0014322608343368373,-0.00434653056574237,-0.006972662920528961,-0.002483947687545364,0.004474677013412,0.006365248139575474,0.0018101968989584984,-0.0030063041224861835,-0.0017944498275182532,0.00440522328351508,0.0025394182655044013,0.0016457397550718475,0.0014355676693720285,0.0013297385654132102,0.0012832339144995756,0.5397472004699343,0.14944586106724467,0.6,-0.04662943373301457,0.002866512589624445,-0.0048559188910884035,-0.006604523992020888,-6.864765611881707e-05,0.007405262621355276,0.007674071987689638,0.0011023396820976396,-0.004640248769296663,-0.004019879885452523,0.0005296748713661925,0.0027925307900993268,0.0007204133162385413,-0.00190219923927516,-0.0012662742147483289,0.0006143026407679472,-0.0013902288280406765,-0.000959845252381587,-0.0007580101626935582,-0.0006724837095227427,-0.0006378868826916668,0.014531854629344657,-0.19422035330075468,0.1,-0.019244577450599692,0.00017785712119143014,0.00017772023821960908,0.00017748315233676666,0.00017713116297770392,0.00017664079548159535,0.00017597597868948677,0.0001750813315144435,0.0001738700152427587,0.00017220055686691986,0.0001698292241649975,0.00016630184546524246,0.00016067151549192007,0.00015059590313348868,0.0001284276896529044,6.705350189146759e-05,0.0001040885978105514,0.00014491338325721328,0.00015503458320873973,0.00015916764961276992,0.00016083094063653496,0.0406303868599024,-0.43343843440818103,0.0,0.0207294824106638,-0.00031262977221951715,-0.0003125181606792502,-0.00031232566357079663,-0.0003120417716531024,-0.00031165001473669983,-0.0003111257415605727,-0.00031043241564514533,-0.0003095153443826981,-0.00030829068539947564,-0.0003066251443969662,-0.0003042956329928121,-0.0003008997219928404,-0.000295613773167914,-0.00028625073850182853,-0.00026712669647312474,-0.00028757826162700866,-0.00030449122439141587,-0.0003103471136576932,-0.00031306009252811434,-0.00031417813197412366,0.0030339631022034143,0.005395922363900689,0.1,-0.006940245285649062,2.8032420266965423e-05,2.7946641124634657e-05,2.7798345119784412e-05,2.7578818411646937e-05,2.7274249488569164e-05,2.686363232850403e-05,2.631514600394625e-05,2.557974001515605e-05,2.4579197290916947e-05,2.318230077560875e-05,2.115239813567699e-05,1.801494977642397e-05,1.2642897961504975e-05,1.3714703762422265e-06,-3.351306272534173e-05,-4.2129443696070617e-05,-2.33454596627139e-05,-1.7183378751235573e-05,-1.4277371241703298e-05,-1.3016331998803524e-05,0.0002529895782670368,0.0031727307153048365,0.3,-481.4577550058242,-1.3415773053727946,0.3933182067558292,0.6004442210472689,0.2950966375456332,-0.4884973720042254,-0.2508225243403892,-0.936566523341245,0.2975832780557717,0.3033916817031041,-0.1378794358686779,-0.3391061296025324,-0.41418283174826703,-0.3066564934950655,-0.09496496476434224,-0.203425965240422,0.12376338987523285,0.06536572691757138,0.0554460032395081,0.05140371275430322,0.04991227622099848,6.485197667332749e-05,0.0016349576062424495,0.7,-873.3436827065033,-0.23083808821787954,-0.8696043808619862,-0.9063579764844434,0.05550511439416539,-0.0030669899443296345,-0.4465546167122838,0.38017174549837307,-0.5229027559708328,0.1199611766055746,-0.2536906210081611,-0.450403950474584,-0.18216336355734694,-0.1278532399001122,-0.6925446985118421,0.1503209549228366,0.2288184477112196,0.1380520829610603,0.11445189498305552,0.10423769150715324,0.10015277351344977,0.00012664461286332444,0.0010638348600273317,0.1,-715.2524840699115,1.115954092045456,-0.2260304439703873,-1.532207811205012,-0.11548245072591355,0.4535026477079285,-0.10733663223560086,0.2938423875561078,-0.4627059146132986,0.032489257621751484,0.12978447828290385,-0.4323580992563976,-0.05221011087666128,-0.15952977428603354,-0.08354134011693404,0.4240353912481965,-0.0533483009784419,-0.02407908521416502,-0.02142286021587303,-0.02218696689616273,-0.022858459231960282,2
2022-06-08 16:37:58.725446500,0.001971974255979689,0.0026991563331816627,0.0006013205746666495,-0.0004813869019128252,0.0006465547294357933,-0.0002778336007278919,0,0,0,1,0,283.973,-12.08489905733334,-21.178443866331712,-17.293499818164683,3548.59913214274,0.8040337168979522,-0.028314267056766262,-0.1092951275191093,-0.05871790119676515,0.0018230688767324847,-0.00584887252651468,0.008115008300309355,0.004011345800759785,-0.03915995484787959,0.003887604220872054,0.005076395994009142,-0.002193567785063545,-0.013628762406330234,267.0068333333337,-11.823072026050403,-10.0452501599691,-14.049184752568786,2586.144898191669,0.5677594442420643,0.008283482509480425,-0.05324169003122969,-0.03239211553376116,0.003586373896628421,-0.006070329688602143,0.024366750657149883,0.31904750016305183,0.2656739435050322,0.1021743749448548,0.09942398301128064,0.0827981705275359,0.2588382986970743,150.94119470491802,4.920491895399408,25.039530108480797,10.952484608502242,1523.3845823659808,0.3153897309195748,0.2370623819668616,0.16306628198642678,0.13428152586117986,0.029859976400558888,0.02052282822295024,0.07368239309378605,0,0,0,1,0,0,0,0,0,0,1,1,0,0,1.1723568156863076,9.546821299363444,0.0,0.04098903643751218,-0.009297998495785564,-0.0047728212369913,0.006807944160196933,-0.004121896296714703,-0.0032012120014871877,-0.003123455963297855,-0.013793620183080956,0.009580048636212866,-0.003660392243990611,-0.007542696353321177,-0.003302670591269844,2.5825655210278117e-05,0.0031015529737837885,-0.0032501900297799862,0.002428630067810319,-0.0010231976221366588,-0.002179735238373854,-0.002453254495157731,-0.0025791230242585327,-0.002631348373972246,1.741374811203685,-1.3404437346385043,0.0,0.025637103789818268,0.004876136574442326,0.004207267951178874,-0.0006396711380899497,0.011655693499333736,0.007322719354707889,-0.003327101875059372,-0.0051355345870277526,-0.0006039962830806309,0.0034187743293335442,-0.02113302696399559,-0.007595429532196099,-0.007821769822074174,0.0031974945428018464,-0.006150215191446514,0.003511126123206543,0.0011646655852927193,0.0011146819812661922,0.0010170193903744347,0.0009658753269362944,0.0009438310475550736,1.0939072482978551,0.33905556303574136,0.9,-0.040505887296146785,-0.002333234114286325,0.0071922340224440185,-0.002179573272105833,0.008045182118804266,0.00019832736613793447,-0.00875344724948325,0.002076633734868653,-0.0018254377357043816,0.013381488326224657,0.0007558645400580793,-0.0037169262616932744,-0.013522721031185278,-0.005000893290892564,-0.0013857211866864347,0.0014346142135650644,-0.0016140198579154687,-4.600464915461102e-05,0.00025701806312741,0.00037253403302796805,0.0004173340183385687,0.05117467834557839,-0.05221565442393047,0.1,-0.020703722393434185,0.001616762415587565,0.0003103600556428978,-0.0003526295849540584,-9.902217933520883e-05,0.000246361428810346,6.900294136810401e-05,-0.00026073163284548787,-0.000152852254257057,0.0002207697496225309,0.00025512540042823314,-7.390430980955052e-05,-0.0001966557151430664,7.570650859656106e-05,0.0002418469413014581,1.025338552707218e-05,6.719520964347915e-05,5.8683840738220715e-05,4.61993998766346e-05,4.002535472134568e-05,3.7368887587825394e-05,0.07556135207348623,-0.15764116450741833,0.0,0.024303007513485436,-0.002329817410510612,-0.00023147171453563814,0.0007438985139402061,0.00023067449068783468,-0.000449308022052901,-0.00041960801530294524,-0.00013993460640643394,-0.00019327682612305238,-0.000328229006074011,-0.00013999237591861386,0.00011147013084329097,-1.8348678596558456e-05,-0.0003482837819442727,-0.00037284265883722834,-0.0001272505468598303,-0.00011210226988241956,-0.00010539144260543736,-0.00010136301190305276,-9.886503670970457e-05,-9.766028818189992e-05,0.12246211615058347,-0.15981506881072166,0.6,-0.007898861805521261,-0.0004249741187755749,-7.128320946995592e-05,-2.072044630953697e-05,2.532846213155473e-05,0.0003516887999407925,0.0004881343004600756,3.416650114507365e-05,-0.00043920398903207015,-0.000239484246249096,0.0002627326349301848,0.0002685780521005111,-0.00011740365943219003,-0.0002046820633109767,3.298970923207596e-05,7.804764976906771e-05,9.38528807397233e-05,0.00011016557913327859,0.00011265808807794165,0.00011364127813175076,0.0001140174978107806,0.00033063091710841536,-0.008919561206838395,1.0,-484.2374405525216,0.6723143866480683,-0.29271296340904485,-0.06681939046696073,-0.6519098272470174,0.04763027715737067,0.9625399070495106,-0.6062220823786824,0.9403947984963851,0.3352927069457419,1.0601281963448947,-0.3918490663142329,-0.6187251327542551,0.2520753232936297,0.20662907546634732,0.022027766141807348,0.3684555744560605,0.3287398406221058,0.29984013609166915,0.28624378048016297,0.2805010898303215,0.00011549883228878327,0.0016358690300422724,0.2,-872.0763700640114,-0.7820955558393621,1.121574399423082,-0.7087953005668908,0.3599198996935513,0.03790507338219129,0.13080222254100704,-0.04313309267676146,-0.414780166438014,0.6325897172191688,0.6070583392720081,-1.3278670100948702,-0.7873615058918446,-0.14833908749860214,-0.21640275604839945,0.14362133844244696,0.07951541807131335,0.04296324565289567,0.02116254556272068,0.010060252679469528,0.005262684137711915,0.0004099478696829942,0.006460828913731415,0.4,-709.6501200837483,-3.2254134696637924,-0.9112308238276156,-0.4782954764472578,0.6757941826781604,-0.9140003323677705,-0.8791942557822949,0.33874138520279473,0.026129525213420383,-0.13814909961731558,-0.6939732684995725,-0.8108434802160289,0.3760139997416694,-0.012139575932350157,-0.9956130113598752,0.2860558758139824,-0.1681755309089752,-0.1323951629391189,-0.13676444154156187,-0.14071022633537922,-0.14270313281205116,2
2022-06-08 16:38:01.475446500,0.004373727437414414,0.004135471929968831,-0.00391254226097061,-0.0001849552647669155,0.000519490243727596,-8.209320339554543e-05,0,0,0,1,0,282.99517857142865,-11.772490899638548,-21.226758701054614,-16.88229166666627,1467.6710529752925,0.4433974482432801,0.17639046529474886,0.07757772543527253,0.10024297167668622,0.0019356476520592284,0.0020479662026522947,0.01805178941091551,0.004033263956541768,-0.039171307769208456,0.003946421970739193,0.0050747216713384145,-0.002187516655855092,-0.013632644111763565,271.81783058035757,-11.874422018199427,-11.684419331994535,-14.67068546245821,2627.8240520920112,0.5860385576636268,0.014575290493696762,-0.05229440836133045,-0.02952002543882555,0.0037509508849784133,-0.005837787349183479,0.02356357261569396,0.3190427633213379,0.2656716085488872,0.1021750655393909,0.09942406667168588,0.08279834275574648,0.2588380953232047,147.97304846825062,4.908556496821099,23.3146195956161,10.307641508919712,1496.3322389181742,0.29640039006539765,0.23368046922018296,0.16236402306856826,0.13306518697867042,0.029826974485859487,0.020483826259904643,0.07362697573111472,0,0,0,1,0,0,0,0,0,0,1,1,0,0,0.7791043264100525,-0.9600572342130468,0.0,0.0714352620259252,-0.00940760301762575,0.00038136468677267554,0.008643611488455657,-0.0005702722616368129,0.0006584960156303145,0.003674930065226847,-0.010764236927574623,0.013136289918337648,-0.00896287091484092,-0.0039179185723691645,0.0009160261700100213,0.004464685028233844,-0.01623553175742181,-0.008936001517555123,0.005019995696248327,-0.0015278636219656118,-0.001613894428794184,-0.001682032426893634,-0.0017139256590961408,-0.001726864920591258,2.038100384414847,-1.8441043722931236,0.0,0.028491622663948325,-0.007069147453039098,0.007891926769366217,0.012444186211160977,0.015230569225987041,-0.017364406569186353,0.008374349231730051,0.00231208753723166,0.00048085015206260616,-0.015460041566426668,0.006995114852124153,-0.016028826346875736,0.0042712908600127724,0.0008907511926228608,-0.0014953336302795475,-0.0012548042480535872,-0.0027433213128588998,-0.0021232909067198345,-0.002050636044716366,-0.002021661360624486,-0.0020105632083649238,2.0213886779885333,-0.6242674003964186,1.0,2.687115641370375e-05,0.013271227930773084,-0.02960205199077265,-0.02943548819156538,7.637063470554114e-05,0.0014620623369774825,0.010028887523919386,-0.014095046248322132,-0.013604893132820336,-0.012340303542446,0.021676024473527244,0.009189315842927072,0.003412020311807189,0.015826075975694447,0.0008075673011261463,-0.002018037604713053,-0.0014206879107453699,3.4061886669653665e-05,0.00028332244236189047,0.00039409131261200763,0.00043854649841374685,0.058643920725942524,0.13780750149925738,0.1,-0.01933520213918876,0.0015445597060265235,8.121898037055002e-05,5.578615558941413e-05,0.0003217431500705161,0.0001256025723152484,-4.008453957246409e-05,-0.0003078466468130008,2.3698336578826065e-05,-0.00030551609960241305,-0.00030256075259126904,-0.00011552495390251773,3.207323894154247e-05,-0.0003236200475336895,-0.0004272578373288129,-0.00024017463968780488,-2.594779392837271e-05,-9.362011716859755e-05,-0.00010547757050711558,-0.00010986887854842813,-0.00011152889235870698,0.047379553397005926,-0.0043811532840702504,0.0,0.02444405101555204,-0.0014855755890778794,0.00027817507942101086,0.0007024829498889626,-0.0003531074784274848,-0.0006683077911578275,0.0002745286456701454,6.43200767264868e-05,-0.0002442735806538164,0.00020962553940804271,-4.506578425303529e-05,0.00014777045331212154,-0.0004190086454652269,0.00022542900520314282,4.4475323426591915e-06,1.5834726257451365e-05,1.977367358389087e-05,1.4509453470376056e-05,1.1379779585919205e-05,1.0105820519008153e-05,9.588521039655217e-06,0.2639945694397519,0.08820762331675037,0.1,-0.0081572412185711,0.0006666175194323731,0.00026284848062922407,-0.0003444819650384673,0.0001106589793991666,0.0006393175273342473,0.0004133769188016768,0.0003890153460390728,-0.0007878070770875426,0.00012119983927551079,-0.0006626535526820362,-0.00010850787307991954,-0.00030257303742050673,0.000549316526966246,-6.226361263868854e-05,-0.00012222911962813494,-3.824436983239197e-05,-3.933684492997167e-05,-3.86422880713533e-05,-3.831860871568336e-05,-3.8193004618931226e-05,0.0005045444289339889,0.0022487252000157254,0.5,-486.97073654532755,0.9558427999812408,-0.33073691844208497,-0.5360462592894777,-0.2099447397455876,1.7430672753376868,-1.3196049187894374,-0.8691622618862311,0.8846028683953975,0.3411441688666557,0.2625747445836346,-0.059915229356594324,0.5543687981777534,-0.08164986286591612,-0.7131958158860598,-0.6109664941953259,-0.02140003804775681,-0.03296421185165066,-0.025136752964453283,-0.019630942985399358,-0.017016582326157215,0.00020157999973078285,0.0016860309465782312,0.4,-871.3763794286607,-0.3006178297574138,-1.9565215827613969,0.4454988112500473,1.1966931408314423,0.6248566067105088,0.8415909297447755,0.05436020671117348,0.03019081798095513,-1.5382294754275383,0.09183415125625416,-0.7732185854629741,0.9750489213880692,0.29958609899551897,-0.1040763226052448,-0.2810965924699573,-0.2271928757616095,-0.15706177601837368,-0.139966062106609,-0.13204423081080918,-0.12871173291949667,0.0002225089020343868,-0.0007399412663455231,0.4,-700.724269958047,0.6032371025744112,-0.270795337198436,-0.5615633219977525,1.7975982125215495,1.0773651664641122,0.7235022200811443,-0.7289343356516547,-0.07621768457888578,-0.5525166600746338,-0.16254903883512384,-0.9330778985714758,0.5349206124422139,0.01994554118951619,-0.16447629019179288,0.28441427065668634,0.10493663196017876,0.0612423637594901,0.0315928993379444,0.016627731494437192,0.010200728108848978,2
2022-06-08 16:38:04.225446500,0.00403787067056092,0.0056221510272626354,-0.0027473453540828962,-0.0002441702588685693,0.0005944039824709829,-0.0001752149926214883,0,0,0,1,0,283.00814285714284,-11.918186329966392,-21.35654203154045,-16.910511585752527,1576.765947624444,0.4631974789579038,0.16573873022302044,0.06927159940705843,0.09206687351869657,0.0021728242667386254,0.0018278151095392735,0.017230121649486164,0.004093945340193605,-0.03909016128725204,0.0038766151327621116,0.005075634279732721,-0.002178187717301149,-0.01363351893861044,276.6424477678575,-11.9288764841343,-13.323527942376796,-15.288341816926591,2622.257918046101,0.5961547543239103,0.025541440389071395,-0.04702165464296478,-0.023119209259085914,0.003945929539344025,-0.005414495805568754,0.022991610742377225,0.3190423320582832,0.2656843463001365,0.1021785331903509,0.0994240134271829,0.08279862163837694,0.25883804837613583,144.7860307291931,4.896625770927193,21.32523132171016,9.588083792696649,1477.7731438991195,0.2803986816175785,0.2280037292133756,0.1609760848963962,0.13077274907606096,0.0297896507548572,0.020428684038885682,0.0735640617972341,0,0,0,1,0,0,0,0,0,0,1,1,0,0,0.4517056686991898,-0.2019973742850759,0.0,0.10581567138513724,0.00877207303179871,-0.007487454765876405,-0.011839980119517009,-0.004867107021749235,-0.006776423952053867,-0.010898855009968416,-0.006699315181202147,-0.0009145814835429016,0.007861238265265313,0.003154279795302761,0.0010077872910937346,-0.008849634601552565,0.01308324827550742,-0.00696596597749664,0.005776427446757886,-0.0020063504995222244,-0.0010366723892492255,-0.0009338112402245595,-0.0009107737288583061,-0.0009057116399405727,1.138410819098565,0.015180674601682431,0.0,0.08186026861551311,0.03153007046870111,-0.012373996389520851,0.003523600762413269,0.010096875398962807,0.006799648195221575,-0.012005549186675893,0.008778764295168806,-0.002932164042546222,0.013266053580455944,0.010529107514243742,-0.018993609125994564,0.012469157964993972,-0.0064845105069501145,0.007110274913686023,-0.0029877078099264853,-0.002363856727313541,-0.002067230045737647,-0.0018701675149223696,-0.001779047537407146,-0.0017406452824224126,1.9956647811990187,1.8354990246624905,0.2,-0.019666096479130528,-0.044319714723808135,0.04018499553530354,-0.005351906972384968,0.009262446617220144,0.013217525442211579,0.008490899427592949,-0.003699780423843236,0.005174033767306862,0.01921628517254133,-0.0223634662829974,0.01079157207460288,0.01400077596093383,-0.015395339405402287,0.012177851038850942,-0.0023392127593309365,0.002568522984439933,0.0015489951997320725,0.0015369486298555384,0.0015507320969197784,0.0015603162966733894,0.06629581987427,0.1804307379190906,0.4,-0.016057195148353753,-0.0007810217444227963,-0.0004294441804504395,7.036609409788279e-05,0.0004203466361942948,-0.0007114409904420949,-0.00019824075041370847,-7.772799178886392e-05,7.292291852378568e-05,-0.00024351033123786518,-0.00038106643655599513,-0.00012856320509293466,-7.163297158385408e-06,1.6567880801671287e-05,-0.00048334877180858653,-0.00029146658943100747,-9.216092609869728e-05,-0.00015141915447685722,-0.00015684286458663696,-0.0001587477795611036,-0.0001594254608633632,0.07968194440450202,0.041578627228914034,0.0,0.02396634775027057,0.002272585720827322,-0.0003019386372707859,-9.972085375675103e-05,-0.0008578873022025237,0.0009745660430104078,-0.0002287586099620376,0.00011852595280699993,-0.00012733491693431442,-3.316904892070326e-05,0.00018658233460044275,0.00019855454931303227,-0.00013109638628554335,-0.00016108919866160307,0.00026013088901099255,7.054304349945643e-05,7.162640846324243e-05,5.4369088020026564e-05,5.136653121477048e-05,5.0050042798687815e-05,4.954164955992849e-05,0.3195404609428482,0.01381435764985872,0.7,-0.007756325000650806,0.0006968338540512308,-0.00038878105227575896,-0.0002008035653524257,0.0004637129889380584,-0.0004442914286659957,-0.0003951241655438476,0.0010373492754499167,-0.0005101286739442087,-0.00026750197172178183,0.00022658690105920165,-9.716278057843352e-05,0.00047314199496941854,-0.0005746383738883228,0.00021386091018133968,-9.732981215203328e-05,1.904921960183345e-05,5.742112343277788e-06,4.842909922772648e-06,4.482551979022239e-06,4.341685576634381e-06,0.0005646963467886736,-0.0027842146601198404,0.6,-489.05777484178424,-0.3628425194075859,1.0262227640559516,-0.7837466752415949,-0.3586532777238247,-2.22427882568682,1.129780528982348,-0.3051472225409384,1.0593929879718935,0.4522385767715242,-0.4281521216342252,0.04388848716159188,0.318961000242286,0.16901739100703314,0.6766090559371793,-0.397875858255528,0.07284872590420477,0.03281397483134185,0.03694672931309917,0.03864787868234743,0.03931905878367248,0.00016361753994652704,-0.003312022174034336,0.4,-870.9250884870053,-0.16324048359231824,0.4906901728792974,-1.0292171769098957,1.3473034338882712,0.4434841000753096,0.0596628515390023,0.6237605927568026,-0.3042890966792342,0.8800491212370858,-1.2571514203514482,-0.18328218415405928,1.2204663023845708,-0.1801375855995353,0.8918350735653071,-0.11730524557547994,0.0058110405820350755,0.045581950311571966,0.062143825084538314,0.06951912756002088,0.07247092644494035,0.00037150976423552215,-0.0014045094758884824,0.4,-697.1993607355472,-1.4548852925256597,-0.952953262548192,-0.17246881481460008,3.1216486490766537,0.2864042326822869,0.5407847859167347,-0.4809828108839724,-0.19850783715077824,-0.13784580684917813,0.0921452805515628,-0.2447904489459827,0.7199573539437978,-0.3796945405494617,-0.08826662864844792,-0.29284190531927123,0.1425041426265139,0.06124410117478263,0.05415239817576989,0.053560294761384235,0.05375228035365786,2
2022-06-08 16:38:06.975446500,0.003625285492378929,0.001028638661464523,-0.0017164562009552705,-0.00027990733571952616,0.000666367927484534,-0.0002682160224558513,0,0,0,1,0,283.02110714285715,-11.876281994899998,-21.27434154305213,-16.94552128799969,641.3118599733525,0.3011263979995341,0.25920274451184633,0.15365049312696824,0.16124603437438412,0.0025994833060604787,0.005381017108038536,0.02170690982556094,0.004134347586815889,-0.03903351537194976,0.0038408956866352118,0.00507738565783195,-0.002166166686103138,-0.013636145992258495,281.46166726190523,-11.980997839682678,-14.967453707370336,-15.913473170820556,2600.416178532801,0.6034933596161508,0.03821023698743988,-0.040285081664754085,-0.015512282050113409,0.004144462121587198,-0.00492781792732386,0.022474937076533853,0.3190419383982821,0.2656935504103597,0.10218008590497067,0.09942387733718512,0.08279890018632291,0.25883789914683075,141.3707905877497,4.883564755979033,18.98024249174009,8.763107643908738,1481.75327212018,0.2760085892391957,0.2168988933495708,0.15754691455125666,0.12507540176442086,0.029746185093042568,0.020290178666024263,0.07354699256371587,0,0,0,1,0,0,0,0,0,0,1,1,0,0,0.35042559982050314,-0.5525609264868149,0.0,0.11733344322408168,-0.016315848219260472,-0.003445291024116358,-0.01824295150718127,-0.0024002865595045084,0.0032529172104258184,0.004311902391190829,0.0029256132212593785,-0.002566789348915677,0.003000464890441405,0.0015727354334933866,0.0006531807112913636,-0.007988484708427062,-0.013113948683890542,0.0033980752804569072,0.00156426190176973,-0.003203184441748737,-0.0019190257295371852,-0.0015578658726348735,-0.001407096076782309,-0.0013467081092261482,0.8313330428490204,-0.17553809734602727,0.0,0.107930081505862,-0.027144397577323374,-0.007582078928032341,-0.02635122961753468,-0.004909829488515156,0.00925650105817002,0.014756051232093325,0.01631915461320775,-0.0007224709510955914,-0.004911002338052415,-0.010591926727805302,-0.016332607130352672,-0.0017485067067060682,0.008731337682670728,0.004350261935917543,-0.0017963466260310622,-8.058649965768729e-05,-3.539352468969999e-05,-1.4735449301020526e-05,-1.3128832770778387e-05,-1.5246286084938299e-05,2.1297298615040128,-2.28040523417988,0.3,-0.033746525670547166,0.008732138119317102,-0.03431744861945127,0.026274922838808588,0.007781236694021519,-0.015981870292291873,-0.01821885098346297,0.003052576012423618,0.007483372086077696,-0.02583642769123515,-0.0035721155591250968,0.007958883130003239,-3.066682345814753e-06,0.019845341527529897,0.006136123826201322,0.0010464527649603683,0.005967560030434031,0.0042036912461391315,0.0038661043074245407,0.003713134427052083,0.0036474115778662975,0.10961522319203144,0.043465294714799776,1.4,-0.012484013132679177,-0.00154423375820275,7.651503224414279e-05,-0.0003979655552189905,0.00021509600804592147,-1.6371148844969603e-06,-0.0003581712576366401,-5.002124176286594e-06,-0.00013768065229811835,8.971174174847094e-05,0.00017141728943028217,-8.070363888268873e-05,-0.00017496348266343408,-0.00016326942938240654,0.0003449221681273307,-3.660846457591505e-05,-5.5844968299829406e-05,-2.660116858668136e-05,-2.8547133280733258e-05,-2.999633113905776e-05,-3.074665496077997e-05,0.03319177982428092,-0.035051451334730366,0.0,0.022894199062897483,0.0006739799812436101,0.0005072295307748035,-0.0004281532011416167,-0.0008906253973721477,-6.599847652895632e-05,0.0003700297848267273,0.0002334997284743552,0.0001598608600677894,-3.3930643673570006e-05,-8.263526101819855e-05,9.605535509558612e-05,0.00024847440118072985,3.123425252990898e-05,-0.00014194872140401465,-7.338765636914344e-05,-0.00010768793494165357,-0.00011484767635300081,-0.00011191975229175681,-0.00010902400322714543,-0.00010756706076499633,0.3456082150703959,-0.5789273961857687,0.7,-0.00800047846737438,-0.001276929726527742,0.0004193197357372425,0.0003467050026889751,0.0008362890050095318,-0.00013478675831643386,0.00015774907179344822,0.001020819875509102,3.203413539021153e-05,0.00016403979489201803,0.0002884517872984846,-0.00026137683573717284,0.0003249477555711086,0.0004863379169480372,2.410043128198647e-05,-6.864367269403574e-05,7.313390975986172e-05,8.470875727148525e-05,8.665693993396855e-05,8.753726819905155e-05,8.792233297794984e-05,0.00039204461441735936,0.0018538017989229245,1.4,-488.9960204498658,0.6383485119060595,-1.240557190444349,0.13463613094521776,0.013803014839965044,0.9584583988035148,-0.9179348900892564,-0.44801820835143497,-0.07061297794254884,-1.2198385013239952,-0.21242935588704626,-0.30525814640059323,-0.4742173086230075,0.1329312686837767,1.0593117084185586,-0.15324084444525532,-7.093383832135203e-05,0.05634518199953398,0.062139449168759235,0.06421726409138627,0.06483036979137191,0.00019202556291136064,-0.0021862431896457588,0.4,-872.0423237802338,-1.1350919428467563,-0.1969635947325372,-1.6963109034536217,1.7521653183612216,0.15542001504702085,-0.1575497892557749,0.5779869427360111,-0.9894540277048378,-0.31184188715687,0.5576716666047581,0.008729262091740964,-0.2992085575885213,0.8718314914898109,0.6696740188085002,-0.08790218995744681,0.024991028642268983,0.04120033672897705,0.050213395203966726,0.05219318713746901,0.0525668986471084,0.0005932594587588456,-0.0014248741593967573,0.4,-697.1057656068697,-2.3380540653231776,1.9207911621524405,0.016889081047125387,2.610303116779704,-1.5278659333843263,-0.10023488135870906,1.2921061618715513,-0.35177899251928224,-0.15360253379388136,-0.6950836970914622,-0.015600750686367347,-0.4054719444944155,1.0093477845215286,0.5768422953790022,-0.5723937359290794,0.04060738459392965,-0.014479976302304463,-0.0014076978943542429,0.006228644688503593,0.009582018704177742,2
2022-06-08 16:38:09.725446500,0.0029191171765702763,0.0007540642235688201,0.0018427052909569669,-0.0003415104594074353,0.000460696608794141,-0.00022106659936742281,0,0,0,1,0,283.027,-11.703953754997013,-21.653327556917876,-17.08246062580561,2004.832902824481,0.5387755546843105,0.1257870892136595,0.029151329654345987,0.06182142176384756,0.001443931407896339,-0.00011182451770982143,0.014730259448705868,0.004171334141188103,-0.038996159166825466,0.003809498479012338,0.005075291941762304,-0.0021547088737441907,-0.013639500408410584,286.26763437500074,-12.032062649408962,-16.609728420820588,-16.538260870555956,2586.8940570456302,0.6122555502564545,0.050041785446766435,-0.03431911043617862,-0.008528936846522537,0.004336268536087153,-0.004474896435176209,0.021915439051927568,0.3190401877462554,0.2656990735118477,0.10218087909594176,0.09942354349938323,0.08279838932201522,0.2588376193356286,137.70854168297646,4.8701546990570685,16.137248106774198,7.7987112244018295,1480.3471327188818,0.2729313582662097,0.20230026188421807,0.1523926408388497,0.1169552106280284,0.029700913282713955,0.02010379113901989,0.07354157046098762,0,0,0,1,0,0,0,0,0,0,1,1,0,0,0.39245912268347466,0.00863675964977437,0.0,0.1186121090014354,-0.020151547953957218,-0.0022787701390718663,-0.0018008642460592555,0.01437368194235469,0.010877889428741992,-0.006116543776014061,-0.004143467312554614,-0.004828819126821565,-0.004327265182401464,0.0019337452235516168,-0.0033893605316699933,-0.002440170231577907,0.00987526451521787,0.010197487336617496,-0.001827801070937404,-0.002040075736513621,-0.0014820623082593028,-0.0012778295159386387,-0.0011735392797958249,-0.0011287958421530402,0.7066944847175526,-20.216688914949764,0.0,0.1274000117701265,-0.04205811452972405,0.003179452728670304,-0.024025308744260062,0.0055903364318265186,0.005485084455001753,-0.012592814866817115,-0.002240189547095364,-0.014168453595441341,-0.017167102264091214,-0.009095157714407687,-0.008126573250359623,0.001261247829405337,0.0026193812805258513,-0.00218850829177015,-0.0028452121848514408,-0.001557147234605715,-0.0014672556016679106,-0.001437958799776169,-0.0014239924208383648,-0.0014184716780245696,1.798333759002867,0.5902484791135788,0.1,-0.04394217690201392,0.05070237925201549,0.04106389395099641,0.035870538596547326,0.01069003813214307,0.004557459672360683,0.017794880620569956,0.007881589641308173,0.004130021376687036,0.017268912296529153,0.00967460821962061,0.0011543502235471536,0.007357529007062924,0.0012345992134855366,-0.006003014877970584,0.0005451879003170695,0.0016987718613100705,0.0024430611530489995,0.002620890039903759,0.002703104289511835,0.002738001518188475,0.09125786864381563,0.019901278322529,0.9,-0.011732515660500613,-0.0011024923011306949,-0.000565191670344015,-4.205190318248592e-05,0.00021748231690845257,0.00020251188633405414,9.196451181564244e-05,6.262902883069735e-05,0.00014198362918046582,0.00022780345856844643,0.0002249111861485501,0.0001455809360577173,7.722921069737791e-05,6.61678220348787e-05,4.144734911266942e-05,-0.0001886742435692029,-0.00022575312883350084,-0.00011538807649108576,-8.291287949255201e-05,-6.838004518005888e-05,-6.233521393057529e-05,0.04869089373999517,-0.07566065683475938,0.0,0.023714706673536763,-0.0013702221036227039,-0.0009061170545170916,-0.0004578049369818212,-0.0002264826166795543,-0.00019588473548643446,-0.0002035746079172309,-0.00013256325174899362,-2.6850887647888276e-05,-2.2679492990478797e-05,-0.00017726567025740006,-0.0003772345239050625,-0.0004244301248880765,-0.0002181426035120968,0.0001404556182607224,0.0003661247603155792,6.929880017024102e-05,1.266670492858842e-05,-4.9126905483982855e-06,-1.3670774887117821e-05,-1.7420586482689998e-05,0.20266090618715524,0.029606660151893067,0.6,-0.00866536219364816,-0.00045420053907778586,-0.00020933984547258418,0.00013693885263945922,0.00048327439545785245,0.000708695688822142,0.0007297506793132812,0.0005513741459554628,0.0002662993813985319,-3.5832084652949762e-06,-0.00018029871072776615,-0.0002608974003507811,-0.00028871471748590085,-0.00030007636988627334,-0.0002982845346773189,-0.00023888375307422403,-8.135051776041017e-06,2.3685581021011107e-05,2.9911279748153443e-05,3.260696237113526e-05,3.370579299249617e-05,0.00046398122325044393,-0.0013395854524938823,0.9,-487.8566724739292,0.7161685455117279,0.7411671072573611,-0.3610350184665094,-0.40348542052328895,1.3047026548338179,0.9824482916534584,0.3793030419437571,-0.7737752906960846,1.5161031029810594,0.26044200653859306,-0.4834780367308937,0.38890065160959786,0.4808470395667754,-0.43638376536377343,-0.2814644191976789,-0.3022615680131402,-0.1616907626605162,-0.11762903803936275,-0.09895338298455414,-0.0914088261830326,0.00012788028684867093,-0.0013520023636297122,0.4,-872.4505798696512,0.4801012064679924,-0.9722795217032,-0.8503484132701686,1.7799571139491093,-0.3478400774716377,0.5211426813366344,0.91201386305125,-0.20616059629082173,-0.5750346439369309,-0.11690453830224,0.06329411789441153,-0.04933072958755247,0.04106529619159005,-0.12489766637377285,-0.05165372583118,0.043064783463123035,0.12037074494560684,0.13518925284295769,0.14241620357985596,0.1454494438509104,0.0005429894295398967,-0.006745730204879378,0.7,-697.9581722988356,1.9378187515870449,-1.5260265455226898,1.3430708833732226,1.6513053006540943,0.9664371740296858,-0.5706468421595332,2.29237340593469,-0.5014195876377343,-0.1951691502839168,-0.2761556090659347,-0.14424561393265026,-0.20195477931663494,-0.0872508381807755,1.5611479793039074,-0.16922971768887507,0.029252566090029575,0.1467572381136062,0.1812005967628494,0.1962713006411274,0.20243353098303807,2
2022-06-08 16:38:12.475446500,0.0027826888802525173,0.0013965046398680511,0.009516570093655138,-0.00041216421562418015,0.0006246109980076308,-0.00042483418942045314,0,0,0,1,0,282.1748367346939,-12.068855609629125,-21.34605828873504,-17.05065595065394,2983.6457974284276,0.7064826709422372,0.02604704522346316,-0.05750484859589518,-0.014324402250918024,0.0017599150846992855,-0.003645416269057271,0.009980194872545136,0.004271561256023615,-0.03897224076494092,0.003980753041651824,0.005074958437485353,-0.002154498900719515,-0.01364607876980035,291.07186461522195,-12.087049656257966,-18.250712609656905,-17.16341225239156,2582.203837450015,0.6225422423262194,0.06098258699928912,-0.029126097558719626,-0.0022298498680827514,0.004531997133896547,-0.004052582371623289,0.021313386268133682,0.31902125078803906,0.2656978649775572,0.10217406286437132,0.09941927695502112,0.08278581121342529,0.25883606302216416,133.76507753060235,4.855929187549194,12.47793312073346,6.635033007605378,1474.8697871089475,0.26825314365519976,0.18606243585518492,0.14677580889163386,0.10785659791411513,0.02965344256156143,0.01990264123399943,0.07353358732066033,0,0,0,1,0,0,0,0,0,0,1,1,0,0,0.3904501331321391,0.08433586194592735,0.0,0.1172235333594095,0.01581881370269396,-0.0042391554881474535,-0.001803926061674005,0.012169668955280606,-0.01754498369014375,0.014158969691718325,-0.001099362567093592,-0.00303387872091108,0.0034120747258109593,0.0002188737376833797,-0.0029342360287252928,0.008362033671716337,-0.004517215007185179,0.002628508445175748,-0.002200695233349681,0.001060462284692359,0.0005181862236652659,0.0005204035409473813,0.0005314579357795797,0.0005374597048260026,0.5533524621737326,0.19150715766537035,0.0,0.1188072771372454,0.015310373524747643,-0.008423474785950128,0.003648847894915958,0.005209129022197812,-0.01831135584185374,0.020324072525742903,0.002844699664948767,-0.014090195375830929,0.013084169773444123,-0.002296640561303053,-0.0014249024019857904,0.010191149275048187,-0.0066440170045021655,0.0022625273053987725,0.0019812346326370705,0.0016870004930127597,0.0015953326660998954,0.0015833337073658355,0.0015742848844862726,0.0015701767865536965,1.7245338188281618,2.960120239082465,0.1,0.04273029506712105,0.05650847188387525,-0.01855458595595394,-0.019750062771958742,-0.011794149133108285,0.0075338367422567425,-0.010222443919985244,-0.006931525570211879,-0.014915163388783428,0.00016605129829027395,-0.001449297069717572,-0.015292734276244663,-0.0019109989929057358,-0.013609373440523268,-0.0007345925463783863,-0.003339807225724846,-0.007413802430610125,-0.006235719355449068,-0.006220974005947235,-0.006234455714421468,-0.006243096699522879,0.03253997080965757,-0.15576284934805945,0.6,-0.013104389175873563,0.00017179308209700712,0.00023256064295692182,-1.8472518301799112e-05,4.788767326660646e-05,1.8445779706018897e-05,0.00040401374383006834,-0.00015442246924155998,0.00014373651524276482,1.067396251916875e-05,0.00023723450079750743,0.0002352934088556833,-0.00025579098695436767,0.00017410649734795033,0.0003426803527935893,3.949424174509264e-05,-2.614552006802856e-06,4.796240988390462e-05,6.095137991402353e-05,6.633538985167383e-05,6.843697803023615e-05,0.02380101107656351,-0.03435321411620455,0.0,0.02475686853595114,-0.00046998472423808585,0.0006689746197913918,-0.0005305373128181858,-5.1539487753626295e-05,-0.000105472652786079,2.873089395653535e-05,7.086028323132626e-05,-3.4765603378711114e-05,-0.00031875769555483554,0.00015379339654794506,-0.00014153897222412778,0.000124374881349957,3.831559306901537e-05,-0.000613057673213891,0.0003782748374342252,-4.259482916639946e-05,-3.430769266318952e-05,-3.5039436580433536e-05,-3.568742509007193e-05,-3.5988634620605424e-05,0.13020120423959625,-0.3999164109797829,0.4,-0.01104090206063704,0.00012844712348547994,-0.0003567650903307077,0.0001062169808137218,0.0008310957442186793,0.00037484890928359715,-0.0004887067371619182,0.00011996682666093313,0.0004940286397395575,0.00020163693345054317,0.00021309453289986127,-2.334976166120314e-05,-0.0001289921813484455,0.0006092726442767826,0.00036767419287911087,-0.00019155471519408665,0.0001416902599485046,0.00014321839522175725,0.0001460059132894017,0.00014750606690788182,0.00014814655882419708,0.0007210043096026607,0.005461982292039139,1.2,-488.95521507337935,-2.630398783527156,-0.933446168210665,0.17985238809566084,0.5005614794426592,-1.5534713572395802,-0.7563995319858918,0.4355669311600288,-0.8492788759568874,-0.7112570830897678,0.5126482767919764,-0.6436319762735092,0.7346561187148017,-0.20705973564852972,0.06318068946028177,0.049249650007123336,-0.17466576833501435,-0.09120634535641514,-0.07603301721653821,-0.07073908808553497,-0.0689268241603429,0.00011516446381287839,-0.0046411916864668185,0.2,-874.2168338446835,0.0925013099275418,1.4794694802086212,0.17420566834785234,0.8916653435281745,1.0047941559152065,0.3555302207409383,0.4516428981274458,-0.2234879480855909,0.923734160291172,-0.4980339329267132,-0.05402696741387558,0.6230525888002454,0.07734493376209528,0.031107749017539987,0.04042259457310493,0.12140476223878947,0.13377074733681835,0.1404471293414158,0.1433401170113644,0.14453186722072786,0.0005007213589301184,-0.009995985180894508,0.6,-700.3547716168008,1.465453070833675,1.811209768718399,0.9438044082742464,-0.09436674834810076,1.0831708962541882,1.8703629692425068,1.6130826188305818,-1.006031057035102,0.8255312201648906,1.450978040191373,-0.4552793754175681,0.5580172619249755,0.3972032414754363,0.3550539358407292,0.038447030062648935,-0.12311474828798195,0.08590113146993872,0.1212943983517647,0.13656889287083904,0.14276171420920836,2
2022-06-08 16:38:15.225446500,0.0027129688376913595,0.0010499705383922768,0.008587908954405123,-0.0004596686520443467,0.0006508941496386519,-0.00043954710496759786,0,0,0,1,0,282.39461224489787,-12.075516383877163,-21.35873242672097,-17.04710109218874,2988.7497246355406,0.7074848623121532,0.025574900339768544,-0.057854856401167276,-0.014622510173790772,0.001794507471488382,-0.003658611226428732,0.010060953671810804,0.004466910362630822,-0.038911478785762066,0.004155609416407258,0.005085333511536201,-0.0022736303877178557,-0.01368601731763648,295.87495650510294,-12.144413061427672,-19.89291607684596,-17.789082270629372,2576.601312309453,0.6326818317802174,0.07201617003131976,-0.02382760661310318,0.0041318653912479145,0.004733092537548067,-0.0036206954241281056,0.020706012502184762,0.31877947528506684,0.2656498733738857,0.10205087759341422,0.09932710931868667,0.08244149157150295,0.2588117494660325,129.52490838775992,4.840425483020097,6.7297058693745075,5.1338309685785815,1468.4677688259662,0.2621070456842901,0.16810915816283106,0.14098214485810054,0.09795455770761502,0.02960269284669737,0.01967511451439612,0.07351126015691196,0,0,0,1,0,0,0,0,0,0,1,1,0,0,0.3363187425017837,0.0786270049632075,0.0,0.10316264725143574,0.006827113216709702,0.005856254921732612,-0.0011082610465014756,0.00878608177455582,0.012894647626633523,-0.011882186279711078,0.0019019394462467746,-0.001305864297789759,-0.002221383101912688,-0.0019647636615719283,-0.001697533988765982,0.009196107794027663,0.00525374013926049,-0.006182020276775946,-0.0024003642225310885,0.0011343380881416105,0.0005775440266566769,0.0005159888600733149,0.0005012054229058451,0.0004971110440979724,1.0485274115064271,0.3545934189026493,0.0,0.07430327532067355,0.012571165293374766,0.004231639681549425,0.025847594366236612,0.007040536250899859,0.023057660614381442,-0.01031742415308618,0.00782139399810923,-0.004981000939107005,-0.006428114482552264,0.007167943205439097,-0.002119869327369345,-0.0018440422369026656,0.010478923962142237,0.00025748122895154907,0.003401358661795693,0.002332085178156255,0.0025033625827458176,0.002513843031700141,0.00251651551218717,0.002517131950695093,0.4558698938194478,-3.2121129807937785,0.0,0.17436012022690195,-0.03334763389501559,0.011597283457900207,-0.02318570013486923,-0.008142562459916819,-0.013179867111020356,-0.0038388068412664148,0.004964212973460268,0.0026841326313828,-0.01271314648610004,-0.0030208713201240085,-0.014958317540130987,-0.011002054898918095,0.0015385513239168395,-0.005933021730590453,-0.0029108687741968807,-0.00527729222203639,-0.005291615341730325,-0.0052955830185986395,-0.00530973927628086,-0.005317221203326955,0.02664913567869085,-0.16368464096676438,0.1,-0.0153201753812077,0.0005371666040356925,2.077963373319728e-05,1.3715153681289779e-05,1.760916737652391e-05,0.00035937147872808147,-5.583000262896572e-05,2.1496696183943907e-05,0.00024561663954855093,0.00015369201644917246,-0.00014249354016900023,0.00033234986855518997,4.5459716489344234e-05,5.6379252954609045e-05,0.00016367679483851464,5.5553483110344496e-05,0.00010859991029018688,9.683791533219296e-05,9.780948565987752e-05,9.838358693159402e-05,9.863759192826363e-05,0.02766296264186796,-0.003768259122894281,0.0,0.025390149548615668,0.001075709910046401,-0.0006853758139151858,5.230025219877784e-06,4.357662568099359e-05,3.937989119808536e-05,-0.00013712427772650973,8.120250862611144e-05,-0.0001805684310850744,0.00026119248534767453,-0.0002383102137845793,-7.034857416346886e-05,0.00024644414182173953,-0.00014326955296918,-0.0003146250213381022,0.0004226761085890669,-5.08705189859914e-05,-1.2108644080189615e-05,-1.0175074937199256e-05,-9.839484076127097e-06,-9.783823014797709e-06,0.11816048007326363,-0.21429783694646184,0.4,-0.014088359459931431,4.53369520108562e-05,0.0007545030971570329,-0.0004484624840654906,0.0008098471585692697,-0.0005619592818280014,0.0007142924951124662,-0.00027077431385441565,0.00033427017640715034,2.329564547513558e-05,0.00018958407629085248,3.3461011158381873e-06,0.00037546860134952064,-0.00029314741224130165,0.0006329293615145463,-0.00023192456462015849,0.00013580857404724972,0.00011308705059857715,0.00011310051141812036,0.00011339059925153987,0.00011355000562453328,0.0002415554630857989,-0.005623787506126804,0.4,-489.65788225140284,-0.12168673209844627,0.5549458997364667,0.05813417075058425,1.0638325193160938,0.04725358605304919,0.08453327659244181,0.8062867182007949,0.4186238162791618,-0.22691544673714856,-0.8985537773923884,-0.5251824264941867,0.4699518738119188,0.33478367414398313,0.5083543808297488,0.20734656456450828,0.06842844276037496,0.0950473865771837,0.10376633775300803,0.10718147676653088,0.10852147415069302,9.39776261262197e-05,-0.0031188740089361988,0.3,-875.2795599033183,0.38653362233148414,-1.1291742579384447,1.1253107095387946,0.10603126563603382,0.5681360678002463,0.4640909811697185,0.3432310997573467,0.08130919202709208,-0.4854411486533685,0.9983296036339268,-0.22496111026723756,0.2809137670294106,0.15255332360928264,0.2328741782776085,-0.05470394434053105,0.0650832239983643,0.05376866673256586,0.06188600195242878,0.06564051892163293,0.06718431342649643,0.00013766967380966937,0.008741183736808527,0.7,-700.4290735248887,0.002124423714121804,-0.3813341587264176,-0.030961776389332837,-0.6868322691980353,0.3650685492244961,-0.12824447691248508,0.36644383298848027,-0.8906986905549559,-0.4038028195512915,-0.15092055996399267,-1.1171618432880628,-0.013349821766853507,-0.2346960595472289,-1.1277926056908711,-0.054940196961403835,-0.19834358563175414,-0.195270459271244,-0.19118694480785334,-0.1901020872620265,-0.1896956429610892,2
2022-06-08 16:38:17.975446500,0.0026996910563363906,0.0006984628119249114,0.007530672448256545,-0.0005096248277481996,0.0006744119634410876,-0.0004502564185583458,0,0,0,1,0,282.61438775510214,-12.083126261599364,-21.36226223944152,-17.057268285424712,2993.853651842653,0.70846249618087,0.02519209979591357,-0.058237533307313925,-0.015057123643195981,0.0018399962138008661,-0.003664853738582015,0.010129268796806248,0.003113559710635665,-0.009994192238396316,0.001383876679370823,0.0025328128582134822,-0.0001113550693395242,0.0030123681785923346,291.23058647959283,-12.122603129022211,-20.6523803591605,-17.659118984571396,2637.8944040721044,0.6461381388328171,0.06575421302295399,-0.02744643266983736,0.004282917458804893,0.002716900733225907,-0.0027512144880617326,0.016800869513652287,0.14023537479873138,0.11800474885778313,0.07658142156351297,0.07641891259272783,0.05271533643641836,0.11224460661842248,108.96611600892423,4.82250224504994,3.084873077466773,4.049344241656315,1419.9521341495224,0.24787460383829196,0.15535889173890755,0.13760360500656446,0.09663144559734096,0.021463654778932195,0.011519912653852812,0.06304362137220106,0,0,0,1,0,0,0,0,0,0,1,1,0,0,0.21042822397159425,0.1856962116596308,0.0,0.09996089080191722,-0.00898942130578773,-0.006035106130425041,-0.005890660740846515,-0.004795915730890986,0.0010099621323619648,0.006851933448633624,0.006502260049270715,0.002130428812612468,-0.0004383173141641562,-0.0012534849060136222,-0.003049665523970345,-0.0036703069233342094,-0.0003780100082982733,0.0028452879691129914,0.0017575177587278445,0.00234342617207907,0.0019535920430233107,0.0016760535141915793,0.001532499770608627,0.001469471414321903,0.8822279091121847,0.052161064018004064,0.0,0.0531686370032308,0.0033290259993250517,0.008930699770536399,0.0016388491324708255,-0.008990827189638192,-0.005667646551261179,0.008256440442310007,0.01479148764905893,0.008917813164864313,0.0014924719530329074,-0.0013537528450748267,-0.0038065504414100493,-0.006814379833626,-0.005377320031123968,-0.00019678925490612242,0.001363081407073789,9.42237584190314e-05,0.0002913047339648348,0.00033857940700166077,0.0003612348048774514,0.0003712751090135225,0.3927737587549015,-1.4376959832724234,0.0,0.28163940795894304,-0.07907071133159405,-0.029904379082011007,0.003169146799365245,0.003902253891549006,-0.007688932619907697,-0.0074622234189620955,0.0027663833175929128,0.005322075612194888,-0.0036746262883578756,-0.010761647555824988,-0.008797334396242902,-0.006638664428010475,-0.010685762859398738,-0.012603153041995977,-0.004698103885168479,-0.004183733347410474,-0.005119002378047272,-0.005221355961808947,-0.00524901476353778,-0.005257115129379996,0.02020290094533916,-0.17979290076110388,1.2,-0.017641491955599636,-0.0001501706339431274,8.959225927233114e-05,0.00014595573255889342,-9.233842989688887e-06,-0.00010702665831427187,3.279787873882974e-05,0.00022976743477281654,0.00022265756871774425,9.877586930061488e-05,0.00016132981947022994,0.0003976074168140816,0.0004348586403102183,0.00013374488128624132,-0.00012407428180410615,5.1670970840181764e-05,0.0001558452159131599,0.00012449089074133697,0.00011947381854027576,0.00011763183756913335,0.00011692362421867273,0.015536696716068875,0.0729686812490347,0.0,0.025439580762700156,-0.0002661668532735078,0.0004044607209304687,0.0004764456142268202,0.00011342400531214004,-1.4690820381341348e-05,0.00010340328878475408,2.3477686280425767e-05,-0.00021141449286130368,-0.00020770436435056078,-2.3258559193397814e-05,-1.4106248378898236e-05,-8.393266251362382e-05,0.00013465160404149335,0.0004989852304509426,0.00043701413372554035,7.799592800668166e-05,7.41825330361711e-05,6.999237785686066e-05,6.69135408146618e-05,6.542386613622955e-05,0.07291397441120721,-0.11025837853967732,0.1,-0.016234515078242952,0.0008316046180225687,-0.00033112746519719036,-0.00020014141582368452,0.0006564259997224113,0.0006457034020572879,-0.00015749706479553017,-0.0004326610355472408,1.6447437284873293e-05,0.00022183119697119917,-1.5232480384277991e-05,5.100471560493935e-05,0.000481621605054433,0.00048469636594316483,-5.8526961232800755e-05,-0.00027231507179478705,3.2715015418273864e-05,4.496916830801169e-05,5.1053178163173465e-05,5.434241993307039e-05,5.5773147855245384e-05,0.0002820233115295855,-0.011442297841340274,0.1,-492.3878103210768,1.606365757224033,-0.0017386581281826352,-0.4518677724861817,0.3252221195560025,0.9277751799596246,0.6562770389339612,0.1540902369199415,0.056373631282053076,0.17099472089559598,0.17682990087276804,0.20263489231459172,0.3694449269437303,0.4389518436099689,0.28826146212368897,0.23590370185885054,0.24258303916649915,0.22721170431779925,0.22766668902482576,0.2275785114248743,0.22741430713950986,7.121813003176565e-05,3.396980250330689e-05,0.2,-875.5260296054463,0.4999272317475629,1.0790011931082262,0.8514821585521872,0.052427606483135485,-0.35067132377055543,-0.0735828778029628,0.35816565031274905,0.5084043927047155,0.31928530614221273,-0.14874588361394814,-0.6052880425378149,-0.5376672292673916,0.04430893522715351,0.333272627440639,-0.1085705831939876,-0.06538930187995362,-0.022502507075618183,-0.01367048551935923,-0.009050772179044486,-0.007036503273431194,0.0001229510824991487,0.004121632668199319,0.7,-699.8109316530264,-0.6373464670175508,0.040522539791084,0.1684557652252323,-0.324744354588951,-0.5955597109722746,-0.0916704474028407,0.5086437137517557,0.19486693452541104,-0.7870684191944086,-1.1793947956504454,-0.5973960670794476,-0.07558889291810011,-0.3212985442415697,-0.5359808816638889,0.2310306245288274,0.22647033183974585,0.06241584599517401,0.02499451033169286,0.00856495078782693,0.0018481624481694323,2
2022-06-08 16:38:20.725446500,0.002699590326704205,0.00033829605719926266,0.006467959460358722,-0.0005591410189754256,0.00069608596878285,-0.0004590700474537793,0,0,0,1,0,282.83416326530613,-12.090558698291133,-21.36483711251674,-17.068105411713454,2998.957579049767,0.7094358770134159,0.02481288620793832,-0.05862523879130487,-0.015500329961110662,0.0018855666707151871,-0.003670738901092253,0.010197842219591895,-0.00013557581422512924,-0.0005388408638277341,0.0010783680470562377,0.0018228129124762183,-0.0007264992617476028,-0.0009934310047408806,276.74595558035804,-12.006083181971187,-21.005746947392065,-17.259240777585333,2706.56654220494,0.6558378235408621,0.053468086559520414,-0.03443528298960495,0.0029471931826130326,0.0014272376361641294,-0.0022051351788693213,0.008378798810349595,0.054570617325708684,0.07864404663513377,0.052029002152602616,0.06877184767980182,0.03708019209261055,0.0992190813914964,48.20855176340349,4.72543486389397,2.036845675066118,3.0834359216604303,1361.8736692156015,0.2416693510881937,0.13542571784028568,0.13091500942486844,0.09633695714881874,0.01918012336714817,0.009067390968572493,0.02765515044970509,0,0,0,1,0,0,0,0,0,0,1,1,0,0,0.008369541647037699,-0.15883011220888665,0.0,0.11055346962945696,-0.00039377612059951153,-0.0003954768945386572,-0.00039841787747010686,-0.0004027730018194165,-0.00040881810816760413,-0.0004169730062079215,-0.00042787406889001263,-0.0004425026866864204,-0.000462423569081564,-0.0004902575007385262,-0.0005307083388966195,-0.0005930923179285402,-0.0006988330569922727,-0.0009109612947798727,-0.0014200024204979028,-0.0011322329197605892,-0.0008496731063653796,-0.0007775317992376991,-0.0007445062638919152,-0.000730271851753217,0.02140308312456721,0.06716799436914485,0.0,0.04086207976585175,0.0004794628877343365,0.0004793758114129496,0.00047922676762967355,0.0004790095537020246,0.00047871478671902265,0.0004783290915849298,0.0004778338573003773,0.0004772032985497241,0.00047640118219600215,0.00047537419887204403,0.00047403365561407166,0.00047217948196860525,0.00046897995209236866,0.00045601413679696376,0.0002515968522396484,-0.0003783440425686655,-0.0002937591840041422,-0.0002262449160183042,-0.00018909635963381503,-0.00017224135385983548,0.018138339765707192,0.17733457319375825,0.0,0.34402153643892897,0.0026568545611290947,0.0026587773346522067,0.002662105376002845,0.0026670411788214947,0.002673907480865677,0.002683199012404519,0.002695673284570025,0.002712514876827305,0.002735649676268968,0.0027683953526001105,0.0028169637474142264,0.0028945242359770824,0.003035264648839989,0.0033677601217683858,0.004639858626911284,0.004956298859023952,0.004021186574912973,0.003696616491439682,0.0035528617057527688,0.0034938907634934537,0.009100551671445438,-0.16370937837790572,1.6,-0.01925986775023418,0.00010608927657069493,0.00010608809233331053,0.00010608639632089975,0.00010608470306594117,0.000106083970270115,0.00010608595746512098,0.00010609394450636791,0.00010611423209599937,0.00010615947343591692,0.00010625670515881912,0.0001064690011944788,0.00010696418633934969,0.00010829857061767794,0.00011328296398652617,0.00014751334630691917,0.00018712286722019807,0.00016130180579342768,0.00015021075483329278,0.00014503760615697286,0.000142873323095832,0.0016540041594371438,-0.059267899516981686,0.0,0.026951431548159703,-4.748545876062226e-05,-4.74268189447815e-05,-4.732509566940249e-05,-4.7173714421356455e-05,-4.696213554777938e-05,-4.667408456644935e-05,-4.6284437282996006e-05,-4.575358212842808e-05,-4.501670418112437e-05,-4.396201369443896e-05,-4.2382581647717934e-05,-3.9858139092198076e-05,-3.5437165214222545e-05,-2.7089758193891565e-05,-3.04816095536742e-05,-0.00012717912917740342,-0.0001240221495082091,-0.00011536253761525826,-0.00011045217159992208,-0.00010825392416614832,0.0020819822493414893,-0.06336081785421198,1.7,-0.01818672116696786,2.336044497074649e-05,2.32847719680079e-05,2.315394796519152e-05,2.2960287711199304e-05,2.269161362497248e-05,2.232941394863781e-05,2.184566919896116e-05,2.1197247323041852e-05,2.031552641660868e-05,1.9085845922066835e-05,1.7302957897146224e-05,1.4562096479253704e-05,9.953304120336654e-06,1.357040633670535e-06,1.790733517035247e-06,0.00010312304046151044,0.00010948748222443298,0.00010462907383846726,0.00010127233027274267,9.964851934485897e-05,1.0993493561630309e-06,-0.0011291768209524364,1.6,-495.18506618592863,0.012175785675680116,0.01211227904123291,0.012003382371368332,0.01184425849071147,0.01162759659634105,0.011343033283473858,0.010976391800443965,0.01050887203247619,0.009916782264081549,0.009174024053395513,0.008265577620706566,0.007245499737749128,0.006502644698846538,0.008366601554211428,0.03179407089213626,0.05993711831960269,0.047090462176415215,0.04313179417489188,0.041532052127060126,0.04087933712347658,4.323936271759787e-06,0.002401766974218605,0.1,-875.7698137288093,-0.04841959580483035,-0.04861236650003775,-0.048946099181819136,-0.04944121232983889,-0.050130230559133786,-0.051062952563960096,-0.052315456166859065,-0.0540062215459578,-0.056326471564180025,-0.05960141791817719,-0.0644263025450087,-0.072012326894761,-0.08527108360936707,-0.11364959855149336,-0.19741218568481853,-0.18245072042950386,-0.12643313706387715,-0.10873392700341357,-0.10081270509631146,-0.09753248815769576,1.6122175701957787e-05,-0.004834949904851095,1.6,-699.076012841118,0.07658524969929204,0.07667087687698881,0.07682047443130813,0.0770455641665535,0.07736503224820268,0.07780892858998101,0.07842545174546345,0.0792942906101608,0.08055371394549128,0.08246033799446195,0.08553657073870724,0.09099621164332206,0.10230774646728946,0.13377559772861858,0.2774832384283812,0.3401165093407812,0.23424207242702266,0.19742162398155827,0.18138372073631887,0.17486090188445935,2
2022-06-08 16:38:23.475446500,0.0026998359667369434,-2.641144934438637e-05,0.005415268662472952,-0.0006082307793280461,0.0007173206823513648,-0.0004673705782313832,0,0,0,1,0,283.05393877551023,-12.09633064627602,-21.367667929097067,-17.07921982494264,3004.06150625688,0.7104088784033729,0.02444065736148156,-0.05902702192892041,-0.015936443877102375,0.0019273697802282802,-0.0036788297936878813,0.010266727098887036,-0.00015839667995654793,0.0009473589203623252,0.000389057452922475,-0.00028095138914662187,-0.001130801789317316,-0.0006162809946943729,277.9751575573989,-11.528996888222258,-21.27531727105197,-17.468504126980612,2775.3551348419323,0.6691719893330628,0.050491261145693835,-0.04424642570339329,0.0003633459699890035,0.0005285076550932864,-0.0030689098965440173,0.008172127648927423,0.019235658004057084,0.0269562089360443,0.0159325819058354,0.04040026845819932,0.021339846503357532,0.07207369040054358,42.46498322150558,2.005307088826111,0.24685019797781965,1.5387487097838186,1297.589930189508,0.2277891461209572,0.13258304831775353,0.1126833601813295,0.09496022553526454,0.009492243065909744,0.0070254584042149905,0.0237425103161966,0,0,0,1,0,0,0,0,0,0,1,1,0,0,0.00010908034606127341,-0.010438006652618006,0.0,0.11075998667526668,-4.771570966202038e-06,-4.726479402222816e-06,-4.649648482974583e-06,-4.538567918545636e-06,-4.389820494623242e-06,-4.1994500133805965e-06,-3.9641043676754894e-06,-3.6843026559535766e-06,-3.373694097464925e-06,-3.086395164986905e-06,-3.0049251502194813e-06,-3.7651085353898523e-06,-7.9445014603244e-06,-2.957889517532855e-05,-0.0001703170822190776,-0.00021623179017068656,-9.727878412916795e-05,-6.29408715532207e-05,-5.0460883630279415e-05,-4.5881235630646556e-05,0.11834483631709132,0.3650942579758918,0.0,0.026088536830017463,0.0007039612298479878,0.0007041198887632384,0.0007043951019547225,0.0007048046433969482,0.0007053770327934443,0.0007061563740048216,0.0007072109150725735,0.0007086486542930096,0.0007106473081042138,0.0007135160767740014,0.0007178351760215512,0.0007248102895894477,0.0007373091305777771,0.0007630350860368045,0.0007973402969499363,0.0006556082253712834,0.0006437379190899986,0.0006523913798195947,0.0006575506170634283,0.00065981613619923,0.009989366103900586,0.1272734682262164,0.0,0.3002197793158432,0.0019683937233578586,0.001967908696737769,0.0019670694523387933,0.0019658254821523363,0.001964096636573001,0.001961760905470228,0.001958633498723111,0.001954430376648223,0.0019487024135628449,0.0019407112931088663,0.001929186109388234,0.001911850789531631,0.0018848394923999025,0.001848532227136953,0.001974341740192025,0.0024414177415702783,0.002283829484687014,0.002202963369823765,0.0021676946011359717,0.0021537117709815507,0.004393504614450133,-0.09989229134365704,1.6,-0.021286033859712446,9.045399838966856e-05,9.04339059727261e-05,9.039908723373033e-05,9.034735332445928e-05,9.027520621232186e-05,9.017726691369655e-05,9.004527469517272e-05,8.986628814006191e-05,8.96192951301408e-05,8.926840437708345e-05,8.874804055890209e-05,8.792765636829496e-05,8.652166984813171e-05,8.394349700656247e-05,8.349392337800124e-05,0.00010239751611160501,0.00010052266640305473,9.842441432357205e-05,9.740363255302995e-05,9.698281057426288e-05,0.00045304260845944013,-0.026688183134842287,0.0,0.02783112447664835,-3.5990735931621706e-05,-3.596813205237418e-05,-3.5928857622955893e-05,-3.5870260491364936e-05,-3.5788055560451785e-05,-3.567555171692171e-05,-3.5522259571597794e-05,-3.531129367361212e-05,-3.5014232585456314e-05,-3.4580102555136134e-05,-3.3909140267907786e-05,-3.2780886424947165e-05,-3.0616202990334305e-05,-2.549801395836126e-05,-1.309802503227412e-05,-3.3372259077942745e-05,-4.1129843740596805e-05,-4.140784555623612e-05,-4.1176604227258586e-05,-4.1030664231531924e-05,0.00012243989732954388,-0.011237525966303523,1.9,-0.018540861983504568,1.1943196687237829e-05,1.1923683324608325e-05,1.1889756998206474e-05,1.1839088695198787e-05,1.1767907116992401e-05,1.1670305810551444e-05,1.1536989866390386e-05,1.1352924843767605e-05,1.1092654983926616e-05,1.0710190502800855e-05,1.0114685807595045e-05,9.102881281975923e-06,7.130572400588132e-06,2.3247393678814806e-06,-1.059013370773498e-05,6.242566692428605e-06,1.48631556625389e-05,1.5701577172061844e-05,1.572841122589563e-05,1.5686217144962007e-05,2.833550186353718e-07,-0.0005428887093270134,1.5,-495.4640034711533,0.011530999228902772,0.011532567075356326,0.011535321659813745,0.011539503187130151,0.011545513741680223,0.011554011859555402,0.01156609463141578,0.011583666118479384,0.011610239278596168,0.011652857788540416,0.011727314233784371,0.01187486418212913,0.012229314977917127,0.013383253169891418,0.018408216476647254,0.016675455838885966,0.012781050519576452,0.011989727426954032,0.011767556800381662,0.011697687611507137,4.4466234576927644e-08,7.645029069526211e-05,1.4,-875.8360055775541,0.003064188897866416,0.003089749919453766,0.0031339388055044988,0.003199344948157545,0.003290058792629225,0.003412266378653328,0.0035752507411785928,0.003793097052025019,0.0040876647791421306,0.004493882682709227,0.005069082401170988,0.005906478250464532,0.007119528179977408,0.008274333736061124,-0.002061780427752069,-0.026565304568372028,-0.015374722872682156,-0.010382419696487231,-0.008268055740670022,-0.007438277687070283,7.4757707731608e-07,-0.0008536591373285497,1.6,-699.5042086885443,0.015567214253266569,0.015498592646238762,0.015379823245403657,0.015203699882789582,0.014958772479658931,0.014627578622089743,0.01418360375387451,0.01358595257748263,0.01276965597860169,0.011627194363210693,0.00997159471634923,0.007461980530216294,0.003492542287810707,-0.002123608174500191,0.013665746988927195,0.07997601453390146,0.059078081126193276,0.04799976231693215,0.04315223275824387,0.04122958116676045,2
2022-06-08 16:38:26.225446500,0.002679600461554644,-0.00040584157326985687,0.004362701237095056,-0.0006572551968289636,0.0007389177813684725,-0.00047549566822339295,0,0,0,1,0,283.2737142857143,-12.09429949645298,-21.368436688731588,-17.092285562140315,3009.165433463993,0.7113635645905757,0.02409820236093221,-0.059504694815876974,-0.016361876647146802,0.0019531693411182927,-0.0036984003061167827,0.01034011168495735,0.0008329345026183727,-0.00014458853586119569,0.0005428722234624483,0.0008658654736187454,1.6863293685796633e-05,0.002665698816276721,283.22402938988193,-11.679812205668998,-21.300353744643353,-17.30176646862578,2844.213962106732,0.6822971312070429,0.04310980560443018,-0.048481146220146085,-0.003947075404759315,0.0008211518973416513,-0.0034611389827458308,0.011129763440374744,0.00998149037580265,0.0200016300511573,0.01127446256799123,0.035827858778046985,0.014660888938938316,0.040034214636955216,25.00227270728899,1.6816289671072286,0.1447867223722272,1.11015507191098,1226.213186254142,0.21279187186519555,0.1246025101190314,0.10953819294195703,0.09120411917491066,0.008033484460987624,0.006174791839583031,0.013559353169332922,0,0,0,1,0,0,0,0,0,0,1,1,0,0,3.06852905150787e-05,0.0009999251069846564,0.0,0.11059465461308124,1.1756123638823054e-05,1.1629510319582578e-05,1.1409538915959153e-05,1.1081389320700267e-05,1.0621120970447791e-05,9.991359183656767e-06,9.133526663947407e-06,7.953347930269444e-06,6.2921662291855534e-06,3.865464972488929e-06,1.164957662059575e-07,-6.184182502358936e-06,-1.8256037467578e-05,-4.661541518224564e-05,-0.00011241855200497426,5.683366568132002e-06,4.495118747300424e-05,4.4759354371216524e-05,4.275254580504511e-05,4.166886918846732e-05,0.4787810869137334,0.5896778338463113,0.0,0.011073593311667159,0.0006868949492583066,0.0006867980223967714,0.0006866301023364905,0.0006863807161776518,0.0006860331469516731,0.0006855617320644776,0.0006849271512252956,0.0006840679980689619,0.0006828850088570483,0.0006812097273694716,0.0006787376042594358,0.0006748742985925851,0.0006683815026573093,0.0006572509487166268,0.0006642870888922452,0.0007595520365704782,0.0007416670098590526,0.0007287700725490524,0.000722848303479153,0.0007204640665961117,0.012312796123602086,0.13834045659274907,0.0,0.25708690922676386,0.0019496909699296301,0.0019494601637311813,0.0019490594800731442,0.0019484624658320587,0.0019476265170581648,0.001946485400870113,0.001944935885026219,0.0019428130191910858,0.0019398417927400805,0.0019355350665673547,0.0019289553782347692,0.0019180815925351688,0.0018978205157436246,0.0018528216409531405,0.0017693454124137649,0.0019883809769179928,0.0020293947677958763,0.0020207917249176924,0.0020142647069024203,0.0020112672829850965,0.0036438858941720007,-0.08832470888009357,1.8,-0.023296238488104856,9.079105326516636e-05,9.078533536342356e-05,9.077539822549445e-05,9.076056678281237e-05,9.073974917591949e-05,9.071123793691436e-05,9.067235090089772e-05,9.061875869807353e-05,9.054314787452284e-05,9.043233869408427e-05,9.026037083512184e-05,8.996938922787021e-05,8.9405763931489e-05,8.805429295313002e-05,8.470505149083744e-05,9.002091923198329e-05,9.210567791074173e-05,9.217760540345158e-05,9.211431778664934e-05,9.207502638247776e-05,0.0004921816244175041,-0.02810184350792256,0.0,0.028696949998281263,-3.8358097672473904e-05,-3.8355270552431486e-05,-3.8350337561001216e-05,-3.8342928716318496e-05,-3.833243734478937e-05,-3.831789687054154e-05,-3.829775207637261e-05,-3.8269416020662536e-05,-3.822835281945309e-05,-3.8166001607753495e-05,-3.806449074294355e-05,-3.7880872756229764e-05,-3.748855055690456e-05,-3.638370394280441e-05,-3.236278836369342e-05,-3.479213097732248e-05,-3.779583431288958e-05,-3.8356430509158186e-05,-3.850600616210273e-05,-3.855076518983008e-05,0.00016851932328624917,-0.014961740128763947,1.1,-0.01888066092841836,1.4856288161924601e-05,1.4857804784181201e-05,1.486039606629912e-05,1.4864159536090783e-05,1.48692343347398e-05,1.4875797875228476e-05,1.4884045845099908e-05,1.4894121698472477e-05,1.4905894609367008e-05,1.4918259108089526e-05,1.4926768511821195e-05,1.4914502976462927e-05,1.4808329185290134e-05,1.4184908304890106e-05,9.757000848208976e-06,7.899071038338311e-06,1.1780310034281094e-05,1.2941634550682653e-05,1.3365235498428094e-05,1.352006810229372e-05,5.505846045313866e-07,-0.0003477708874574497,1.4,-495.737827496434,0.01599299309894775,0.01604010241413079,0.016121666659422832,0.016242684411189146,0.016411111376250176,0.016639110085108655,0.01694521014394823,0.017358125164756544,0.01792377570852466,0.018718911239647085,0.019879134212075652,0.021659091861403468,0.024547288442860804,0.02902534419209246,0.021483396966917926,-0.02391844424890444,-0.012280732245402605,-0.0053725527984092025,-0.002280699226213656,-0.0010440077532294367,5.467965858418034e-08,-0.00010263287090359164,1.5,-875.9507493701656,0.0059264814913149175,0.005957832763357374,0.006012224329907667,0.006093185443589277,0.006206384678066002,0.006360600738240407,0.006569445399044582,0.006854517519961689,0.007251490636836166,0.00782273638901998,0.008686027253709483,0.010087795652845344,0.01261634524562538,0.017820547794165975,0.023921835489172597,-0.006470814844728778,-0.00752320639509918,-0.005151549180199666,-0.0038611237378098906,-0.003313614631780925,2.4738897256687216e-07,-0.0005179237367289863,1.6,-699.8763738093814,0.010646527437870644,0.010627711794583659,0.010595231129990168,0.010547264723683723,0.010480956652706652,0.01039203169802505,0.010274165317277095,0.010117952499513194,0.009909220401283392,0.009626352802982295,0.0092367921984291,0.008698218163992522,0.008017856412482871,0.007981028327503026,0.020589961723814557,0.04082690835913638,0.028044434170812597,0.022866557123045084,0.020731116487124446,0.019905294027970036,2
2022-06-08 16:38:28.975446500,0.0025608055472583565,-0.0008422408014500763,0.003273541990189871,-0.0007069533498917892,0.0007614533155626211,-0.0004833756367828712,0,0,0,1,0,283.4934897959184,-12.049722044239273,-21.37000438061612,-17.076930410861067,3014.269360671106,0.7122162630991147,0.02362112211392289,-0.06032019615071803,-0.016432044852962787,0.0018743870888387128,-0.0037866154913644328,0.010487730200187648,0.0010249130736157486,-0.00045942156484845935,0.0005646790212804202,0.0009348871577932784,-1.6402974240711154e-06,0.002586046367654409,282.8580679528072,-11.931360082651125,-21.306865748113445,-17.139446012725827,2873.4111863790304,0.6873552333985913,0.03816407245975539,-0.04877326420695706,-0.006264061930303019,0.0012777585872742769,-0.0032441832650665,0.010902321707213374,0.008692552217419594,0.01913210353085129,0.010863702540408571,0.035409549351013224,0.014557956640481153,0.039512264887613086,17.539859638893528,0.4596980137321728,0.13990117953275907,0.3486674674989429,1189.0415008418674,0.20631709706527407,0.11837168573423072,0.10721595090676574,0.08827921813811962,0.007382492845206058,0.005712599479149765,0.008832971108648783,0,0,0,1,0,0,0,0,0,0,1,1,0,0,0.0005971193173753488,0.011490974666276672,0.0,0.1103574737879681,-4.365866434465418e-05,-4.4243292070759305e-05,-4.525504705893239e-05,-4.675512113578965e-05,-4.8840698169894815e-05,-5.1659897490655485e-05,-5.543743553083555e-05,-6.051956252302532e-05,-6.745573829507537e-05,-7.715433477397749e-05,-9.119455086858704e-05,-0.00011246404464838659,-0.000146189114421593,-0.00019515477923459122,-7.811947112290649e-05,0.0004739943606298296,0.00031626487368314376,0.0002282128500914005,0.00018895554861322625,0.00017323592097043847,1.7792663907624586,1.5500396801773362,1.6,-0.0039676024539024865,0.0006435849639112919,0.0006432589727532389,0.0006426952901015625,0.0006418606725465518,0.0006407025571553476,0.0006391413487107223,0.0006370573925243392,0.0006342687047221573,0.0006304919293014201,0.0006252721164067957,0.0006178564982225184,0.0006069994948434961,0.0005910621736388339,0.0005745554622502727,0.000694316908575101,0.0009984752955978144,0.0008673112593323532,0.0008079317692285034,0.0007827038233452463,0.0007727793113476816,0.017237329808960162,0.16288612289456328,0.0,0.21396784599613672,0.0019446858711939065,0.0019443758652535855,0.0019438380036558426,0.0019430373308908391,0.0019419176815229226,0.0019403920261600507,0.0019383253152449355,0.0019355030163167829,0.0019315702420551696,0.0019259051267776046,0.0019173297404219145,0.0019033684878885767,0.0018780772101704515,0.0018257047480923262,0.0017640940257259352,0.0020723492325885897,0.0020817448296225755,0.0020568520614618136,0.002043391229458038,0.002037702093397099,0.003168968708895805,-0.08150385111112424,1.7,-0.025306487203805177,9.107934374759896e-05,9.107370723185827e-05,9.106392399845389e-05,9.10493514445197e-05,9.102895543308609e-05,9.1001130021627e-05,9.096337578060076e-05,9.091170660132004e-05,9.083949342542128e-05,9.073503352432447e-05,9.057591168447462e-05,9.031413859902438e-05,8.983019703054254e-05,8.877333858212597e-05,8.696500618381457e-05,9.233506740021131e-05,9.314336268734615e-05,9.288179999130558e-05,9.270475995868637e-05,9.262532391847272e-05,0.000501474806598305,-0.028964230997748776,0.0,0.02956522359610678,-3.827160026526619e-05,-3.827086279358915e-05,-3.826962014265474e-05,-3.826785677583369e-05,-3.826556389622008e-05,-3.8262763024960985e-05,-3.825956084113256e-05,-3.825628088297136e-05,-3.825379710332359e-05,-3.825444683912369e-05,-3.826481955375449e-05,-3.830571432108685e-05,-3.8456829603796866e-05,-3.9138929785312406e-05,-4.331170340146596e-05,-4.433933599089874e-05,-4.078530411435153e-05,-3.978254061655405e-05,-3.9425937755603146e-05,-3.929711816557411e-05,0.00019584739528428046,-0.016584790012160767,1.3,-0.01922223402724121,1.5988576620017993e-05,1.599077101182016e-05,1.5994553188104126e-05,1.6000124530240675e-05,1.6007797578691633e-05,1.6018032626796252e-05,1.603149391301835e-05,1.6049131412834358e-05,1.6072285344350475e-05,1.6102754218800196e-05,1.614247115942633e-05,1.619077307702527e-05,1.6225912691800095e-05,1.6048970542752993e-05,1.3573020390521969e-05,1.122798814967964e-05,1.3562085947853548e-05,1.4366898224644324e-05,1.4677723135380291e-05,1.479447243575955e-05,5.253642806612728e-06,0.0004664564912211128,0.1,-495.9812620719629,0.050801946866009466,0.050764499425959286,0.05069890773997798,0.05059982311924216,0.05045840998601392,0.050260462320089516,0.049982887794350006,0.049586864094599996,0.049003617129413264,0.048102126156960516,0.04660645906591121,0.04384505803703664,0.03776358432470417,0.01895675865833724,-0.0830877832665653,-0.15093353214417782,-0.0721770877567014,-0.04395932121553514,-0.03207894273713308,-0.027391989434494942,1.4580107268183933e-07,-0.00011608999913980921,1.4,-876.0708393082422,0.00348070531899225,0.0036339117196320095,0.003898248555941564,0.00428831484519776,0.004827009598137978,0.005548636409649532,0.006504067068156871,0.007769420088266087,0.009461036551140722,0.011762197696750576,0.01497213547032672,0.019593947243386367,0.02643703919423856,0.03581113575728168,0.02553568557440755,-0.03342586537080905,-0.015246100441807188,-0.006695432378791111,-0.003312624523358565,-0.0020514402222748807,1.562894567191564e-06,-0.00018356158626586496,1.5,-700.2348385468537,0.01946883889746687,0.019629896461694333,0.01990815120037581,0.02031963360197864,0.02088968093677579,0.021656678603626744,0.02267847442615789,0.024043643397348543,0.025892228221337632,0.028456649437377024,0.032150597241706436,0.03779148250349351,0.047293045978470616,0.06657420705659334,0.10768783120188984,0.012085378959145745,-0.03968082237569704,-0.055551879610099775,-0.06273862085321458,-0.0657076812482833,2
2022-06-08 16:38:31.725446500,0.0016176144461203686,-0.0019091901965843847,0.0023408494709993184,-0.0007591855407302233,0.0007838268352679253,-0.0004916400914674034,0,0,0,1,0,283.71326530612254,-11.982789281105466,-21.316663182051272,-17.242076627507036,3019.3732878782203,0.7130529169445489,0.02457125804684101,-0.06167409565704536,-0.017776828192369098,0.0018216618361061984,-0.003908310189244722,0.010421653807315422,0.0011002588364703678,0.0007511758722467205,0.0006291092941081675,-0.00027276361501578784,0.0003300407365524495,-8.113496884339665e-05,284.4603774128411,-11.960487851307272,-21.30462755670023,-17.124859569918858,2940.213710177051,0.6992485509819798,0.03167088535632124,-0.054507536271960665,-0.011121985939611691,0.0017456029259449966,-0.0037110257680325813,0.011429015177030056,0.0020534550277853635,0.001994147539689125,0.004616199358952194,0.001290629758324838,0.00026360235491453416,0.0009009819600539994,3.3228093865470374,0.15453627909123135,0.13503790232087245,0.20028420070390307,1110.1614418624392,0.1918096655715092,0.1108766308393052,0.1007845529206797,0.08268070010511941,0.0006494670253284977,0.004391927180883973,0.005229464699096494,0,0,0,1,0,0,0,0,0,0,1,1,0,0,0.014193166379279162,0.0804293265159964,0.0,0.10950534706890132,-0.0007127181163474328,-0.000709784833638134,-0.0007047119769999933,-0.0006971984993497693,-0.0006867668306043866,-0.0006726898730109603,-0.0006538649434510305,-0.0006285905399719405,-0.0005941515273457633,-0.0005459929537223925,-0.00047590670075486815,-0.00036743426079529446,-0.0001810075460189956,0.0002219058280235513,0.001688910711486084,0.002399654739404212,0.001367405462064695,0.0009557305711901412,0.0007614863154807071,0.0006797491927848147,0.2794837546168083,-3.686399709269551,1.6,-0.0194655700975776,0.0001444749702686314,0.00014689011792300144,0.0001510699283781582,0.0001572676576412596,0.00016588606773806436,0.00017754041561165459,0.00019316768233346854,0.00021422089491993112,0.00024303172822698793,0.00028353434956211314,0.0003428493038867184,0.00043523000765691936,0.0005941334670033503,0.0009258880080869553,0.0019364326558693626,0.002170162619805925,0.001598617705115261,0.0013982020271051468,0.0013026351643998931,0.0012615499384558042,0.025976693972896828,0.1917691085530555,0.0,0.17096532289712624,0.002055653816541058,0.002053535219296597,0.002049881096605786,0.0020444917963902648,0.0020370547141074745,0.0020271027675290605,0.002013945817982328,0.001996556613131143,0.0019733771426684327,0.0019419825710077169,0.0018984979020212774,0.0018367021148153692,0.0017479998991448017,0.001640430120242801,0.0018582275907898297,0.0023971580185279014,0.00200445083612873,0.0018602906970188195,0.001809643081690145,0.0017924913308515246,0.0027764912775079,-0.07641235184148477,1.6,-0.027318606159059997,8.949501181090575e-05,8.948218300799862e-05,8.945999976081543e-05,8.94271528200678e-05,8.938157166250653e-05,8.932012008541963e-05,8.923808185827076e-05,8.912828132725072e-05,8.897954277813872e-05,8.87739289963499e-05,8.848184118580479e-05,8.805491706054117e-05,8.743475061711323e-05,8.686072867258691e-05,9.245725822166486e-05,0.00010517477254186238,9.902916268263206e-05,9.634946710063165e-05,9.52317789448601e-05,9.479713886981846e-05,0.0004946236441860632,-0.028631514695707936,0.0,0.030435168286799638,-3.65204438483608e-05,-3.654149444767352e-05,-3.65781518131005e-05,-3.663303436717783e-05,-3.6710403213968845e-05,-3.681697633745322e-05,-3.696341378713205e-05,-3.716713087469125e-05,-3.745796049818681e-05,-3.789052531246026e-05,-3.857436018190415e-05,-3.9758727829282176e-05,-4.21248814147701e-05,-4.810297516498897e-05,-6.59047642181524e-05,-4.861279770714921e-05,-3.624642945883219e-05,-3.436649024430585e-05,-3.3941629795203726e-05,-3.3833708622293595e-05,0.0001993085354336057,-0.016824746947682327,2.0,-0.01956434624140706,1.6578063009198285e-05,1.6569643325853875e-05,1.6554990843169236e-05,1.6533075529622052e-05,1.6502224572027473e-05,1.6459807852874354e-05,1.6401666387255904e-05,1.6321034640330553e-05,1.620638330306496e-05,1.6036737283132312e-05,1.5770373964861322e-05,1.531338224534153e-05,1.4413429232312629e-05,1.2200487737098075e-05,6.134507360004682e-06,1.3418531628408355e-05,1.7434310726599273e-05,1.7892187672028347e-05,1.79501581980946e-05,1.7951757242068927e-05,0.00025449275947429047,0.002767596856888537,0.1,-494.2849429804106,1.1185993987064933,-0.22429138001572116,-0.2572063097382937,0.312836064722255,-0.03428549395033542,-0.8834417596317188,-0.8701437662388116,-0.1110974625265797,0.22741822408873524,-0.08183150433863062,-0.2395597264941092,0.18394205853310552,0.7244813714181824,0.6731356785640585,-0.17921716530716658,-0.3335819539375411,-0.2155876510197121,-0.1900881210701879,-0.17974130316519604,-0.17567839553931064,5.250727524423552e-05,0.0005386884923189345,0.4,-875.7598251919277,0.25964338936573483,0.14156066662938827,0.4663229097956503,0.7378218398972649,0.3554706117794808,-0.32522908743528944,-0.5704912398042126,-0.4241461796314425,-0.4319756689902867,-0.6015320874301402,-0.4961434866709276,-0.1050855721608528,0.17056138262971388,0.20538754850476693,0.07519711467034895,0.018916994215125268,0.09469756608052292,0.1095303798014271,0.11382849941296234,0.11518559286202912,0.00012153076131425268,-0.002636431673030576,0.4,-701.5962113677401,-1.005102301110071,-0.6253032170067314,0.31260407396857204,0.8108429573329303,0.4907331995351569,0.2171098110650007,0.2115603977235878,-0.1749957180451176,-0.5833647218577482,-0.0903784772876044,0.652953776029495,0.34754047427014,-0.4583437481125472,-0.3531379359050142,0.314399334459015,0.17067414889434218,0.15164095074919715,0.14868632600826892,0.1469494252402903,0.14614287735724396,2
2022-06-08 16:38:34.475446500,0.002313835181760705,0.0012855843045742926,-0.0005282489262847783,-0.0007129476418336349,0.0008077288478795737,-0.0003352684065443742,0,0,0,1,0,283.93304081632647,-12.040852873903036,-21.3393905421488,-17.232987759074426,2872.096039161991,0.6878417880811782,0.039150921880694266,-0.04769477635292233,-0.006856779525906363,0.0020263566358456465,-0.003185004849988754,0.011146235210847993,0.0011825369317185696,0.0007396845500754923,0.0007403209230264134,-0.0002710884374094371,0.00034541061810772016,-0.00011405031428844792,284.3879254783173,-11.960924076049356,-21.309997169920702,-17.125066419386506,2952.921171464584,0.7014578649666795,0.030402086182977288,-0.055650454097889886,-0.012045683822565044,0.0017365397444358145,-0.003751473333765304,0.011322053779784864,0.001962128135823719,0.0018320692712616442,0.004406293184342356,0.0004025234439895112,0.00025864383476150024,0.00036618954866243216,3.2981194081523713,0.1530863796941086,0.13505840945497968,0.1978069461457668,1096.5038051992756,0.1894544975843156,0.10946257354007603,0.0995561624444329,0.08170808174775818,0.0006361457655558563,0.00434408706540011,0.005145469379972439,0,0,0,1,0,0,0,0,0,0,1,1,0,0,0.25745201602169177,0.05362571375014608,0.0,0.10241234698458933,-0.005727073326841376,0.00035273152632274776,0.00735580383314302,0.007930970853549065,0.002058348074710479,-0.000828412748988476,0.002150213779958275,0.0016233579807969445,-0.005907949832396651,-0.009251339538965722,-0.002534146928460912,0.002134034459384309,-0.003918142899570914,-0.008212409030579414,0.0016513721883499935,0.0043128739543771685,0.00306504464962812,0.0026628792257470503,0.002472929414067185,0.0023940895529489703,1.6108343824884743,2.940123144662721,0.1,-0.003324404915775845,0.017949300533091385,-0.0023906073932554854,-0.003813727386796844,0.004944929126829508,0.0013574849512296633,-0.010003544266382513,-0.009044165405960293,0.0022780732510175056,0.005548270803704985,-0.0006776747292349134,-0.002510666288730709,0.0011992037503243973,8.545927553491636e-05,-0.0039028666616906117,-0.0005794143020189416,-0.00018229941070803564,-0.0004949045366926479,-0.0005030802721528857,-0.0005042079452202007,-0.0005039075707853519,0.4754489654187444,0.3804764573428297,0.0,0.10679732887527726,-0.006924416742702624,0.011388414357782744,0.011192504962328141,-0.0011385654655538119,-0.0028678244971836763,0.007226857078886805,0.011346744658053905,0.004114401073939704,-0.0030789690293710767,-0.004758234009725407,-0.006331199535369417,-0.008241143212782841,-0.004576638570901652,0.003245720652334049,0.008876436916878904,0.008283722183942775,0.0061790118592543325,0.005453607706413311,0.005131722861614319,0.005000489356217654,0.003280819578584425,-0.0411461923368578,0.1,-0.02922879634143382,0.0001885409713087401,0.0001846573316002689,0.00017828889616461208,0.00016959000622839918,0.00015877271541760813,0.00014610325929484544,0.00013189842263454637,0.00011652301325444063,0.00010039108429276475,8.397738875557184e-05,6.785737375615455e-05,5.283755699465686e-05,4.04450384843308e-05,3.5461170098963755e-05,6.147990993352732e-05,5.088681964545229e-05,1.5167719409575491e-05,2.4509413342479417e-06,-3.4703278056257346e-06,-5.982230396297497e-06,0.0013584031309686506,-0.027634502370084326,0.0,0.031344294547473284,3.423951804680005e-06,4.379990876180253e-07,-4.469422411960012e-06,-1.1197174628665813e-05,-1.9609015494487493e-05,-2.9539314793728058e-05,-4.0801128892455985e-05,-5.319767015766119e-05,-6.65393804793698e-05,-8.067159985216081e-05,-9.552517099010972e-05,-0.00011122510087858235,-0.0001283786263261786,-0.0001488517588368514,-0.00015846455457861478,-1.9104629937619468e-05,2.1019946360281094e-05,3.625146649420454e-05,4.469051512873053e-05,4.854032318703202e-05,0.007769483512175027,0.054800359128090684,0.1,-0.019728491093422663,0.00019286139618710866,0.0001860743742171027,0.00017493521554302676,0.00015969805215498584,0.00014070932484050707,0.00011839846966773008,9.326589580410976e-05,6.58680080828268e-05,3.6798590576631424e-05,6.664834973213917e-06,-2.3946271381096202e-05,-5.4522423744035084e-05,-8.473108112750055e-05,-0.0001145273151063641,-0.00013565998800802424,-0.00010123580563941983,-0.00010403039451638628,-0.00010903768960753962,-0.00011211096992819892,-0.00011356621642754692,0.0003031200879481705,0.001387269445365653,0.6,-493.03917701797445,-0.8868220387330439,-0.11636018443725504,-0.2521561467214539,0.5485764665299868,-0.4136747341091365,0.9803929417964952,-1.009490432176371,0.21645016834471772,-0.4822131551617037,-0.026279368871747973,-0.12762764147658068,0.5127870515793607,-1.0424124941116857,0.5988939080744462,0.047381213817915935,-0.049286844473288134,-0.013018679424146027,-0.008066817245461877,-0.0055292400197659575,-0.0044514187497224356,0.00011059838721136016,2.725014369886828e-05,0.6,-876.7163244818277,-0.6576420120615865,-0.025959150132734976,0.3039997210062353,0.8544725861580105,-0.34284593035846456,1.281631332129102,-0.2140912634819188,-0.6903508404829282,0.030850374489890694,-0.15820260133742536,-0.9050445134716548,0.8668495056523078,0.6100235145124309,0.059141720335883725,-0.3970568185364094,-0.1735585770440906,-0.048822046797781134,-0.027520432072982715,-0.01862237845490711,-0.015096109454001194,0.0001558408457713109,-0.002314156881803992,0.4,-703.0419897476776,-0.08560399578190925,0.48836435753372603,-0.5550510181462939,1.2727170945954709,-0.20118780153035232,-0.2044071594750534,0.07316541789721498,-0.3542012615429968,0.7613840015965785,-0.92917901574749,-0.12770661486110768,-0.4842259642184921,1.053299996667775,-0.07392437378720372,0.3034752643832661,0.07811100907021283,0.10826743273172568,0.1051273759812883,0.10179649742398487,0.1000685796603773,2
2022-06-08 16:38:37.225446500,0.02218415340562244,-0.004851283344767426,0.02298064004595664,-4.130639045525715e-06,0.0005232628085833993,-2.8930462317761187e-06,0,0,0,1,0,283.027,-12.067862467182513,-21.656214820354485,-17.052344052670026,35.77869157962796,0.19899349376172126,0.3210300953805641,0.211170647082028,0.20717297059759973,0.003231244911243373,0.008531958959395469,0.023889190725636847,0.0012812923317235554,0.0006846099974587225,0.0008498488547081043,-0.00026940096797447584,0.00034571725533287024,-0.00013076926526086943,284.2798395833345,-11.962926339654773,-21.31363770781129,-17.119965249045848,2950.8019026722322,0.7010810838651732,0.030550822289974,-0.05543400507758163,-0.011853776284352779,0.0017327713102102211,-0.003729566537252368,0.011274050951755205,0.0022856104230476685,0.0018093017331216649,0.00458067526903861,0.00024052282631630405,0.0002577774251504129,0.00024035286464264513,3.2526485389123865,0.1525385234847656,0.13748467374990528,0.19850190928419092,1106.3236920070672,0.19114640511890246,0.11043538886975077,0.10045530758951116,0.08245214239374123,0.0006349586530747034,0.004391400305994765,0.005156575131331638,0,0,0,1,0,0,0,0,0,0,1,1,0,0,1.4637519980946816,-1.456465897064953,0.0,0.11544369515157572,0.03127723878733168,0.038902830386630165,0.034217686187036925,0.02615548949328749,0.00611584351607539,0.01295224230271997,0.0075077260268887796,-0.009989437050851126,-0.013567414989064724,-0.016841156838514764,-0.022234708482634504,-0.010971429940055332,-0.007262151154539948,-0.021887316739842927,-0.014369102945183825,-0.00815229494041639,-0.008459809239541113,-0.008551366675210028,-0.008565227622218341,-0.00856589703767297,2.0047996557234993,-2.2522453910063542,0.6,-0.012694452337728344,-0.023716051558691748,-0.0031437890655560017,-0.004590764388985353,0.0033925702217136146,-0.011050801276566215,0.009019030057347268,-0.012169081228012793,0.007881352445118991,-0.0034285308921552697,0.007671143032469347,0.00235714678383448,0.005100217897191079,0.0026727156479796677,0.0035708230835034727,0.002566743421813148,0.0017325331041332466,0.0019900293464994493,0.0020044384607162333,0.002008818943088216,0.002009797668449637,1.7517305215638983,-1.1711864061547026,0.0,0.10194063803025503,0.060687598900958435,0.03014181339680948,0.039323017771889984,0.01814862926361709,0.027069876718657758,0.00637033368672397,0.010971501700479908,-0.014319563609389366,-0.010928307948137164,-0.009500430900447124,-0.027077322929417447,-0.018221032325573396,-0.011747861142137942,-0.0305795224043213,-0.005745640919046917,-0.004935938211474233,-0.006911887306304589,-0.007315996537656397,-0.007471937671801201,-0.007530373204827454,0.19375846857594525,0.24874854123713475,0.1,-0.02415408193867373,0.004326873885365182,-0.00029444751527839735,-0.001139030777758366,0.000346648649519889,0.0004829150376268496,-0.00031162968281098886,-0.000343658478734164,-0.0001955013261428255,-0.0005482093839910178,-0.0007091286072605715,-0.00045268509996401133,-0.00036906109274284466,-0.0005036033949787452,-0.00045483814673683975,-0.00018525198730577348,-0.00023828839137564562,-0.0002842268586790487,-0.00029442812659464493,-0.00029883162323574844,-0.0003006087504827324,0.18068856099485306,0.0992245280031615,0.0,0.025693802933629845,-0.003354943754428155,0.0015711557802464506,0.002189960918063084,9.021320596689504e-05,-0.00012549744311177342,0.0009873616529890953,0.0006215429552409335,-0.00030518360213974843,4.625607203665111e-05,0.00039111952437801117,-0.0003689469908061258,-0.0006342210459527051,0.00016605844979830143,0.0003925206139851927,3.970749413088393e-06,0.00017591643523264382,0.00015203019158885713,0.00014599842870362516,0.00014365166719865617,0.00014273545537401322,0.3470539619446885,0.29736609217842885,0.1,-0.013982978817490159,0.0033199674251780764,-0.0010166563154522992,-0.0013112426250855805,0.00018846971985808127,-0.0001303258821498494,-0.0008747099469747215,-0.0003140830610292645,0.00016529678283668794,-0.00024555420271114213,-0.00046342880719938437,-0.00018577445540079893,-3.601349010794603e-05,-0.0001133565754993027,-0.00026271385900362407,-0.00034355998073686976,-0.00023793583007011016,-0.00024204339630620362,-0.00024190724243866558,-0.00024165483387121958,-0.00024153240083074693,0.0002517857021742498,0.0020312966352556555,1.3,-491.8956111857717,-1.1009493682325129,-0.09425054826179746,-0.9015180336843684,-0.16015268310877673,0.4796734599313055,-0.1008839768618124,-0.408811783076434,-0.02408327078865113,0.17606783663857328,-0.042493911741637184,-0.12686951492330326,-0.29488034582374745,0.9933824955543624,-0.9223276472580312,-0.005267567864645883,0.07040439921779472,-0.010851368705766971,-0.01898635532911186,-0.022316029119190617,-0.0235839806796212,0.0001947659202553067,-0.002902877923551245,1.0,-877.0453744778459,-0.07129540993200577,-1.0971919056118369,-1.470285126850328,0.480173357867443,0.6300106952387097,-1.0106846695859415,0.4195327777488629,-0.3593787767375254,0.7530148716368537,1.2952163614721215,-0.659415565501277,1.1773878834259308,-0.4216749973901344,0.6047868243570242,-0.5232890503243759,0.12955874451659355,0.11906931532629272,0.12399316837840145,0.12714935235131009,0.12858704481273794,0.0003658235493679689,0.0003140226249556701,0.1,-702.1042961596482,2.760129613243436,0.0097815121693543,-1.4821769304394363,0.3095936399904744,-1.2049436111916805,-0.2766678264737763,0.18200119992610908,0.36389682146295854,-0.3525195600648878,0.9663589503403108,-0.3813649574717069,0.5753596927469342,-0.7582556423534985,0.380624788155405,0.0035059331085740553,-0.0815450823024868,-0.029330953765914106,-0.023091004415160654,-0.02049632880763141,-0.019483971973810462,2
2022-06-08 16:38:39.975446500,0.017945868127235268,-0.003707144174744122,0.01868870574558648,-8.479035524264209e-05,0.00044997802398059737,2.0749465402491994e-05,0,0,0,1,0,283.027,-12.048587770313356,-21.62896402607041,-17.042777310315458,427.73735475620947,0.2665314784637822,0.28183684768348866,0.1753487675597816,0.1779422154898164,0.00298562440674104,0.006855236053158589,0.022092317332973888,0.0017033930797951534,0.0005846415132909039,0.0012957867089053582,-0.00026960291375897357,0.0003545892727696167,-0.00013299126910604471,284.1439843750012,-11.965237351981216,-21.322102593290207,-17.117504327748314,2885.150917720774,0.6897516759096401,0.03706265645390597,-0.0494350630688494,-0.006919509734899272,0.0017586509412375866,-0.0034454919833329504,0.011497059685072513,0.003446281176673839,0.0019269210657558325,0.005342856865821623,0.00022693666934905953,0.00025454607918389005,0.0002228245522639312,3.165541862099638,0.152227908892394,0.1451043695363466,0.1974693558634283,1165.270362329602,0.20124698504699406,0.1163071565328427,0.10590292329051952,0.08693409844843816,0.0006598118067350632,0.004658133874971912,0.0053685765126889225,0,0,0,1,0,0,0,0,0,0,1,1,0,0,0.7394352774957169,-0.7439095865246005,0.0,0.29095306741790344,0.10467648472446532,-0.06645604478517522,-0.013380551490847685,0.018560834790153767,-0.018715000537386815,-0.017674048281074346,0.015709270102545782,-0.02925074812272588,-0.005725277868096935,0.01256639915825149,-0.02295577104500235,-0.00881621531042985,-0.006464926373108068,0.0033435792088578717,-0.014603323478222397,-0.0071864571590359435,-0.007484949157027608,-0.007443065854720889,-0.007421045950642855,-0.007411453379909209,1.1790699944557623,-0.7998897096063924,0.5,-0.04914243062093263,-0.029616220612226126,0.007015007658490432,0.0030640018828698287,0.0011012731262137324,0.011153594563248395,-0.003630155898307468,-0.009376083366529238,0.010429464780010476,0.006989571616846825,-0.004984392434578927,0.0016191945772476765,0.0007812059037713637,0.0006791610986811049,0.0054244735723287685,0.002242077282468904,0.0008286876942939595,0.0012631322196577724,0.0013381411960551688,0.0013634516528066062,0.0013726567923285505,0.7786712752762559,-0.7948958033103165,0.0,0.2786009565629494,0.11368817275799882,-0.05517127867029276,-0.014136925270275116,0.01506359247865987,-0.029497750631677144,-0.007010140467612729,0.01752316319953547,-0.0325984144995248,-0.007428666729656973,0.009024354111566952,-0.02324754142097997,-0.0014658628831878179,-0.003244315854823375,-0.016357297423208888,-0.00619448835322799,-0.007082175017819687,-0.007469783499075216,-0.0075443091566736575,-0.0075723993434250216,-0.007583015233465632,0.113272166992279,0.2856210119384278,0.4,-0.01701093581595631,-0.00022674998935018125,-4.94594477327367e-05,-0.001130620390914815,0.0006467295728296678,-0.0010591919011156184,-2.2979824954010063e-05,-0.0002707488404145871,-0.00045451687019807714,-0.00031926007700671587,-0.0001622752124605349,-0.0004921464877906003,-0.00030254846407609085,-0.00014069778957545608,-0.0005924697248651319,-0.00017960767386954873,-0.00031007381915914087,-0.00031277463191089344,-0.00031377188799246376,-0.0003143359560184799,-0.0003145736937348851,0.19250186060406294,0.12138584905140914,0.0,0.022541396448566398,0.002934623821635525,-0.0020239870106289358,0.0011637387612950213,-0.00030982106800709426,0.0006433799891828046,-0.0006505247692111334,0.0010822129860909508,-0.0004998441980376701,0.00031342249092070355,0.0003940275192233069,-0.00015022224154251766,0.0002954847909482329,0.00019143456098615213,0.00016647994391430986,-6.863320691287292e-06,0.00020197885358660538,0.0001657487284876539,0.00016306459308811034,0.00016212683976868497,0.0001618015957606525,0.4733159210060094,0.3765034683774008,0.2,-0.008543871954170015,-0.001652128542909129,0.000980434881320043,-0.0010723694201061117,0.0003372968652533888,-0.0007609325649893523,0.00025664984474499045,-0.0007059998783064585,5.4002767644807924e-05,-0.00038247161546252784,-0.00023349059260426738,-0.00027156655950080023,-0.0001704385212881508,-0.0003881450280425733,-0.00011137245843995862,-0.0003557400224843758,-0.0002418164988356544,-0.0002536473739888114,-0.0002541433092503998,-0.0002542892350501446,-0.00025433280985482184,0.00017692495838832892,-0.0009715173888400242,0.7,-492.0102400489317,0.03243120311894643,-0.32090519283061525,-0.3579946081251535,-0.5578117597388541,0.04781357681045506,-0.7292482217628731,0.6725238179546054,0.04260900624585773,0.3110116436360997,0.1524662480127521,0.08260223033422243,-0.42001033414148026,-0.7691543134714696,-0.3857932390726866,0.3406413670925268,0.3214769913786473,0.21298880879904125,0.174450116569691,0.15713523119646397,0.14993780031937454,0.00019116960908459543,-0.0033589332374473393,0.2,-880.4902059224547,-1.51619470880631,1.5255312102373182,-1.2717280919489298,0.16350904534562005,0.023782655244239947,0.5614170932346241,0.9178832629141168,0.8510030722627207,-0.14011711759686207,-0.2139815282920381,-0.5478107412864297,-0.4558175537657423,0.8574037725783938,0.5112190982412201,-0.5401722139652065,0.33262790198036285,0.20264556574350576,0.1866944193362716,0.1804495021310597,0.17799327083107608,0.00015463171315775506,-0.00172634448406149,0.5,-701.7968499067032,-0.785491451088717,0.06763108786698524,0.5935575568731295,0.004910625652883027,1.4921758814084498,0.1949767511710689,-0.04991257506550184,0.9757939263715834,0.1782219408177248,0.29493823248465034,-0.6918368289248811,0.5142822342548694,0.3415645647718275,0.08157100435298759,-0.3253315935813461,-0.12239327154619772,-0.11549041831893625,-0.09694035002409862,-0.08718582386102014,-0.08286585609441223,2
2022-06-08 16:38:42.725446500,0.015728886421167168,-0.0029332259047268,0.016465502419855192,-0.00015739015911101647,0.0004019099631617247,3.8927082098935135e-05,0,0,0,1,0,283.027,-12.040055902918928,-21.58936473632087,-17.031759363236457,819.6960179327913,0.33401292769983976,0.24257520314785866,0.1395719556373365,0.14861151828605387,0.002774314158999949,0.005237354257907269,0.020323326627478808,0.0020717187541235984,0.0005031651561565873,0.0017095436993105097,-0.0002727345949412386,0.00036227423821559584,-0.00013263846197330716,283.9916010416679,-11.96526394634928,-21.328702470543387,-17.114471187199698,2812.8342046168896,0.6772527500109119,0.04423121460334013,-0.042855746051066616,-0.0014877339951968474,0.0017815529376241466,-0.0031394497605545385,0.011746163808299348,0.004102885595341507,0.0020067594816466088,0.005856632204330993,0.0002224212508944189,0.00025130826257527527,0.00022131745957253927,3.0499191260965417,0.15160881207467675,0.15089003246695246,0.19709043391401213,1200.547624467414,0.20726678190838307,0.11983359934067801,0.10918720725052518,0.08962405308011613,0.0006783585101384059,0.004812669629324271,0.00554143888153758,0,0,0,1,0,0,0,0,0,0,1,1,0,0,0.3889408626463318,-0.7007761093335511,0.0,0.44374806899228864,-0.08914836551006762,0.05445116056426851,-0.05307440797786663,0.0072396096833896315,-0.006467630016508102,-0.008668451682722983,0.015029792220371029,-0.02686360804744809,0.000632088982479892,-0.009915038939147068,-0.018899681700095674,-0.0019001331754735019,-0.007791827597934457,0.007688305412290884,-0.017129458098351112,-0.01025647948676655,-0.00935618735762962,-0.008939321266527538,-0.008742750191758256,-0.008660651993217321,0.6535026459072116,-3.69588441718436,0.1,-0.08318387754813149,0.03376861062169413,-0.009245156794572714,0.0020284284017530077,-0.006351417988687675,0.0006947269232028246,0.001073514800883699,0.0005769422181778651,0.008778496095072835,0.001074527209265159,0.005490619545179321,0.006010666498020653,0.002257267523357025,0.0053643109435144755,0.0017237833861673338,0.0027828279224997345,0.00205112860468142,0.002269380908450659,0.002351936204567774,0.002383430739439695,0.002394711482084393,0.4477563238430677,-0.9496595178225936,0.0,0.4521082934639042,-0.10466638374085137,0.05079176297656804,-0.05277046434051565,0.01271114264040843,-0.01529118145856314,-0.02087734458703782,0.010665291344949798,-0.03195631764381995,-0.006793480095111425,-0.02209147456232846,-0.02070003458838606,0.0025847045000577523,-0.014585625213545006,0.01348144627389273,-0.006654620126924093,-0.010383476353729949,-0.00907518349287997,-0.008905541882426284,-0.008853871124748744,-0.008837104925627937,0.6889490193862635,0.3182332233088867,0.4,-0.010139322742729476,-0.005195528638865175,-0.0009540183603588047,-5.198071750916794e-05,0.0007544548086240034,-0.0003174072383425383,-0.0007818452302795125,-0.00021643531699112097,-0.0005985507597888437,-8.430144373582467e-05,-5.102998188860733e-05,-0.0005061281905301691,-0.0002557094388591006,-0.0004898269869096882,-0.00019808172908614805,-0.00014307078338267185,-0.0003437028434594852,-0.00030934437357741436,-0.00030631767810867746,-0.0003053202160988286,-0.0003049756450795162,0.2741466019981463,0.15847524722748255,0.0,0.01865622174120022,0.002467983119262893,0.0027586617426573045,-0.0012159135778072956,-0.0006020968356516409,-9.64762916285094e-05,0.0005741942369457907,0.0010398128947792787,-0.00016158163790668944,1.790528260018937e-05,-0.00024871331947144215,0.00011892589013758848,0.0010306062991627043,0.00012592866893358735,-1.9643373565535508e-05,4.637178101911898e-05,0.00016769664574761912,0.00017702605536190082,0.0001786012686694643,0.00017976255235509084,0.0001802991911915644,1.4160403151095646,0.5124662465922462,0.4,-0.0028082765902222844,-0.003275697420742399,-0.0017942323946335628,0.0002643315645220918,0.00036410306419051516,0.00018472167227676542,-0.000412601846564576,-0.0008446437964510201,-0.0002991057637590879,-3.784342587752708e-05,-5.8845745233755053e-05,-0.00035532339393413965,-0.0004378180122975552,-0.0001202110507418225,-0.00022563967806373447,-0.0003612467069163087,-0.00027995032759688777,-0.00027441329463509615,-0.00027336918409086075,-0.00027277126238567557,-0.0002725140810418601,0.00013853611054456051,-0.007679610659447381,0.3,-493.02627323351373,0.06225525480877536,-0.0529590398917108,0.9785985251775672,0.19213846061090575,-0.21902602875235996,0.4684899253415509,0.7742214905820609,0.4077458971450003,-0.14540089227968522,-0.004389177797348154,0.1863785343596476,0.14324222012279542,0.18036768226378008,0.06050595905119849,0.2477439682547153,0.2074301240465335,0.165863158131474,0.14743591545027002,0.13942854535299,0.13626499400481373,0.00013481118496502876,0.0017051580701515127,0.1,-883.0771753781211,1.0518613368976162,-1.6887565095239123,0.7569568546028336,0.5751175639321104,0.4181982607391461,0.3807008203861528,0.1274439728663168,0.7916688354876698,-0.2941797716152692,-0.6718842926986497,0.034919635006893664,-0.5271852415552267,-0.3327683046948735,-0.25752517392662355,-0.6054410746273824,0.0808254372024173,0.03890716401209104,0.028259989509772158,0.02500646319539257,0.023906880836497724,0.0001950138998601168,0.004742886745333285,0.3,-699.971200265796,-1.7363304000875532,-0.7189892708083079,0.5297187327899096,-0.9758314160531824,0.07216375557377575,0.4775179356216768,-0.79059298002554,-0.07873070975819729,0.05843482649036603,-0.4507700743688083,-0.6180028835425837,-0.7072849357665358,0.012558599451537587,0.16963037353667332,-0.21560880875488664,-0.012291615230804355,-0.05513629097392325,-0.06486552680936164,-0.06959284273627375,-0.07169904045790343,2
2022-06-08 16:38:45.475446500,0.013676140068005035,-0.002177288580046132,0.014343048054666054,-0.0002307901909020304,0.00035560762039617885,5.7566414735110645e-05,0,0,0,1,0,283.027,-12.032499177219147,-21.544280606354466,-17.018026789186553,1211.6546811093726,0.4014612237214184,0.20327429381311907,0.10378994757745286,0.11926157758970728,0.0025668654634563234,0.0036233101303766576,0.0185665528798844,0.0023900177535376268,0.0004291515730924872,0.0020657641940844307,-0.0002753936609197139,0.0003689705559420181,-0.00013082714887332326,283.84801041666793,-11.966282005743107,-21.33499668001047,-17.110640617945602,2758.962293783152,0.6679411053677828,0.04955258967523092,-0.037942891968089996,0.002569193926979689,0.001797648547722169,-0.0029064140927302115,0.011915221463034384,0.0045025556857050475,0.0020527127695952967,0.006192318960469863,0.00022012812565930064,0.0002474842351274621,0.00022186958565979301,2.933710449874205,0.15129428819271873,0.15346187420122345,0.1963372428387397,1219.9821012113166,0.21058011575114816,0.1217739362582006,0.11099220120974944,0.09112107653185786,0.0006862248314446101,0.004897253157745498,0.005629636052097135,0,0,0,1,0,0,0,0,0,0,1,1,0,0,0.2919877265901156,-0.9035758117240812,0.0,0.5912088742493469,-0.10606334816133306,-0.07373485016768766,-0.0340859888378167,-0.0014657790602711634,0.014394441202015397,0.012196042612891532,-0.001412880581149318,-0.016089181705488627,-0.023384387660513886,-0.020707510252001755,-0.0117481420949096,-0.003461224171166856,-0.0015678313104180474,-0.007258821406307904,-0.016360787092763056,-0.012453299213679058,-0.010478049508549806,-0.009942399454770014,-0.00969950755098004,-0.009599581144101291,0.2400454460064563,-0.5111336498074778,0.1,-0.12184451650044692,0.01962244558934953,0.013362265712069742,0.005856317372486182,-9.914250033268152e-06,-0.002399259259069664,-0.001281119185401059,0.001760090096166405,0.004513028103831655,0.005355869686586403,0.004037652081860977,0.0016294444675385368,-0.00027418518413109295,-0.0006074607043741165,0.0004852609630961197,0.001633137464562882,0.0011551793123179526,0.0011119110518476262,0.0011092768004915222,0.0011085605370128523,0.0011082523184356946,0.2679103167989381,-0.4276406104453477,0.0,0.6226426111515004,-0.10892315860963618,-0.07415840762882066,-0.031625202711887825,0.003153126912406337,0.01968083071275565,0.016639987553106653,0.0013754721559302956,-0.014721121723404569,-0.022310395502055342,-0.01847177570292444,-0.007242803356256523,0.0035950225651306626,0.007394773348548577,0.002227080570775849,-0.009496363720927235,-0.011195738984127526,-0.008963417452577577,-0.008293669165451783,-0.00800306667332941,-0.007885862649044352,0.3429266969764143,-0.0665922057341512,0.5,-0.005083657238009463,-0.0009265901853930435,-0.0005942326113956613,-0.000177759531573928,0.00017823706292101742,0.00036538114746994263,0.000351972444651022,0.00018807320611018176,-2.448402571606187e-05,-0.00018099550505733158,-0.00021832290268137584,-0.00013584876360802842,1.3160458139250743e-05,0.00015127458087024743,0.00020823834785884705,0.0001035038937491158,-3.529620202207258e-05,-8.6155341767773e-06,4.0100084335099504e-08,3.7051682658181687e-06,5.195276881649822e-06,0.15977027537412428,-0.1880888815394444,0.0,0.015805698202802428,-0.0019531962804965287,-0.0013741605201265045,-0.0006595191239292185,-6.505245732325946e-05,0.0002303679134554712,0.00019446851411150458,-6.098862381874535e-05,-0.0003488380427501314,-0.0005030184199881144,-0.0004537528211290494,-0.0002468203075261898,-3.6199002871028503e-06,0.00015052091580816367,0.00014717446457452018,-1.0260821945462918e-05,-4.4928247963842345e-05,-3.8511135551311296e-05,-4.532008472336977e-05,-4.979274808742052e-05,-5.1892465488290787e-05,0.7756025099698158,-2.966240637301645,0.0,0.0014551976535371438,0.0003820048819298279,0.00021227753892444012,6.434790862845535e-06,-0.0001584129747499173,-0.00023101582576036465,-0.0002064939976158601,-0.00012304837835638434,-3.807978408663685e-05,2.6272679538889225e-06,-1.380790477421096e-05,-6.599973634664752e-05,-0.00011592464838632259,-0.00013442797262613472,-0.00012023398610492253,-0.00010039266037712744,-6.326547505106817e-05,-4.956414572957324e-05,-4.600610646650196e-05,-4.44382626376918e-05,-4.379088635254059e-05,7.914365162177787e-05,-0.003801126675484339,0.1,-493.05693821055513,0.7777602639726027,0.6162785353786546,0.40985557362360936,0.22344214732373047,0.10430935256565732,0.06481089606409185,0.08249518086189768,0.11614889158269648,0.12864881912613946,0.10483140689404637,0.056076335982437435,0.010790663233619213,-0.002648451895103321,0.029870987496630974,0.1044648240195496,0.09838862720215856,0.0807494783192535,0.07574247318257754,0.07361872882857945,0.07279914108201703,0.00013645305827824394,-0.005928931263223134,0.1,-884.6959555003299,1.8175571524166398,1.3705680322487694,0.7991479211957113,0.288901782733646,-0.015393174342513303,-0.06126833085679095,0.10160491816137096,0.3539565092944059,0.5637920918133759,0.6405467048854447,0.5636872745840193,0.3771464440520269,0.15719755319182127,-0.02825474449445053,-0.0994916984461085,0.18544972271668314,0.21247378271936407,0.20946947336136645,0.2073318676221163,0.20634740725441247,0.00010340842656794332,0.007143507940049869,0.1,-697.9830038004366,0.6546210003641733,0.2635393100243277,-0.2240671588114651,-0.636779323401548,-0.8478289023942835,-0.8217751689570534,-0.6176630907720657,-0.3510348392214624,-0.13650659456749634,-0.039902515240381575,-0.06121825796202529,-0.15195637164501008,-0.2525344893182062,-0.32624569416921645,-0.3415089150684381,-0.18578630879618172,-0.16534071974530914,-0.16007220465415986,-0.15701704101487213,-0.15562254916804452,2
2022-06-08 16:38:48.225446500,0.011645598243356758,-0.001425917179541215,0.01221154189039255,-0.00030507274649974736,0.0003092496753996116,7.625162337700759e-05,0,0,0,1,0,283.027,-12.024964981370244,-21.497766570776967,-17.003533818684716,1603.6133442859546,0.4689004913756965,0.16396324610764887,0.06800476434146112,0.08990784663122972,0.002359963618925616,0.00200969098624728,0.016812940723942217,0.002655295172414901,0.00037917822813122537,0.002376838096758849,-0.00027945892360245624,0.00037381667752695984,-0.00012872070727450744,283.69774166666787,-11.96546200437728,-21.339379499452942,-17.10692367063115,2699.954302368775,0.6577279681766779,0.05538496620951692,-0.032584912329678986,0.00700427399047104,0.0018121277214111734,-0.0026572803417408016,0.012107397911786113,0.004747655123137769,0.0020738144793596013,0.006396491401008637,0.00021812599763817374,0.00024449374199508043,0.00022314044927509478,2.7933063927806057,0.1485499338947148,0.15440312716972734,0.19378091706333125,1220.0248412367814,0.2105319856735717,0.12180010244559095,0.11105247506269787,0.09114771404887027,0.000689737760400669,0.004898813304778632,0.0056738494846160295,0,0,0,1,0,0,0,0,0,0,1,1,0,0,0.005756223949154214,0.08966687772805756,0.0,0.6294487499478719,0.003414793724472509,0.003413818882566977,0.003412111574381975,0.0034095331684795074,0.0034058553986005685,0.00340071305973122,0.003393516783220498,0.0033832860618345124,0.0033683100159543275,0.0033454005623711858,0.0033080626580670198,0.0032412969130288256,0.003103235955156249,0.0027347145736210665,0.0013898928346122892,0.0018224571392915327,0.002843290669236711,0.0031064441899433005,0.003203068043957959,0.003238749520892537,0.026389081570973232,0.1962370656959504,1.5,-0.11443978835026986,-0.001344877322172866,-0.0013445411309465742,-0.0013439572844103195,-0.0013430869707370663,-0.0013418678787142351,-0.0013402036462113306,-0.00133794534044208,-0.001334858098712156,-0.0013305581753477722,-0.0013243862425150225,-0.0013151295413394116,-0.0013003360419576056,-0.0012743005923696016,-0.0012205969901860649,-0.0011087105000067562,-0.001288210144927691,-0.0013659821464986359,-0.0013786761952427954,-0.0013822845688374078,-0.0013833674074465985,0.0063102511478856545,0.09245596831641717,0.0,0.6606612525530295,0.003752442361072847,0.003753083643309646,0.00375417823589555,0.0037557658840000757,0.003757903927137471,0.0037606675147065713,0.0037641460066359968,0.003768427431407914,0.0037735475919941654,0.003779331244793089,0.003784872816451864,0.0037866082837832203,0.003769248683084557,0.003641681175684055,0.0025676398984791353,0.0015952851240367064,0.0025437383058365143,0.002902748366342807,0.0030541516479896703,0.003113712172214463,0.06985038491291322,-0.6768064695439282,1.4,-0.006946860151894347,0.00014129309794409773,0.00014134706544396332,0.00014144046395456905,0.00014157894712248098,0.0001417714963649947,0.00014203180680087408,0.00014238067301988692,0.00014285018487850148,0.0001434914141439739,0.00014438929427005743,0.00014569341570728776,0.0001476863467733946,0.00015093585398049354,0.00015634031543180132,0.00015361803075368327,0.00010818857829528376,0.00011443614983766485,0.00011974072493456861,0.00012231003091125678,0.00012337909552334174,0.005509228877868542,0.08867952674543067,0.0,0.01615323453639554,8.332374713634558e-05,8.333731674243193e-05,8.336052469219962e-05,8.33942915820765e-05,8.343996502096834e-05,8.349935325529514e-05,8.357469617793854e-05,8.366840928145764e-05,8.378210786754066e-05,8.391334594874385e-05,8.404457786377742e-05,8.410190336313066e-05,8.376731326701622e-05,8.126496303096899e-05,6.245209093709906e-05,4.973451114713862e-05,6.512730633610854e-05,7.035157541608616e-05,7.249108005800736e-05,7.332999143756205e-05,0.07376337343176707,-0.7412938425516271,0.0,0.001736872078284242,-3.516124634927263e-05,-3.515949740603535e-05,-3.515648721219741e-05,-3.515206522258801e-05,-3.5146006041529505e-05,-3.513799797859329e-05,-3.5127640024229196e-05,-3.5114479290937176e-05,-3.5098194861602706e-05,-3.507929287085534e-05,-3.5061680410662656e-05,-3.5062972475786324e-05,-3.5163021523416216e-05,-3.580095375179092e-05,-3.9745427240725064e-05,-3.9590217076683376e-05,-3.6420866872176615e-05,-3.575365872061091e-05,-3.5572088459225545e-05,-3.551688072616353e-05,2.0697138038229412e-07,0.00034461581139536257,1.6,-493.5939957037346,-0.012228289806394343,-0.012232269196019274,-0.012239018402183888,-0.012248704258496446,-0.012261533771891207,-0.012277697830466394,-0.012297230057100705,-0.01231965415806435,-0.012343080040540856,-0.012361756954623715,-0.012358833859252629,-0.012281790562975736,-0.011938788825839096,-0.0103717377927115,-0.0007202235411831738,0.0038193250756943797,-0.004018194503361272,-0.0065773121350680705,-0.007610244185976889,-0.008010949599885464,5.27359206264355e-06,0.0024449788703503053,1.8,-884.8742663908173,-0.0976403593391808,-0.09770376164649974,-0.09781391968084564,-0.09797826400398436,-0.09820879541562988,-0.09852424181645604,-0.0989539372269732,-0.09954504674067977,-0.1003768310661286,-0.10159114687995796,-0.1034649336818525,-0.10660878790199924,-0.11262789663853925,-0.1269154181747716,-0.16343586817045974,-0.11132630023289636,-0.08705624464846196,-0.08491643927196435,-0.08495576796668303,-0.08512629063395938,1.0851040338069788e-06,0.0010495234817064856,1.8,-698.2255755841071,-0.032288575259286745,-0.032319948690272327,-0.03237449051997743,-0.032455937383709,-0.032570339389039304,-0.03272717077805254,-0.03294133796001475,-0.033236942474609066,-0.033654758857604605,-0.03426832283986414,-0.035222336518529566,-0.036837875886794436,-0.03995922015061382,-0.04737678970495551,-0.06563527802416047,-0.037684906274616736,-0.02623557624062656,-0.02553540249146735,-0.025695065569212968,-0.02583007609849197,2
2022-06-08 16:38:50.975446500,0.009609800034590605,-0.0006752746328124158,0.010067128934880569,-0.0003796659577093116,0.000262704465613294,9.491340491166212e-05,0,0,0,1,0,283.027,-12.017413973385134,-21.450953445019298,-16.988942963149118,1995.572007462536,0.5363379548578981,0.12465063536143345,0.032218737133423506,0.06055301443866365,0.0021531348592136886,0.0003959243986935642,0.01505982247060316,0.002886267838048905,0.00035005858985227763,0.0026490593662040016,-0.0002859323508481091,0.00037784095058321333,-0.0001260729329175996,283.5516208333346,-11.966293699692498,-21.34111922900015,-17.104654661520485,2663.214140367585,0.6513537353139829,0.05899911315433728,-0.029244553316510668,0.009750098074588421,0.001820816072654338,-0.002494723085195291,0.012197899727621172,0.0048761916411937094,0.0020656069674762387,0.006505922256064968,0.00021565463288425967,0.00024132797758995425,0.0002248410008396332,2.6462004416292477,0.14615194918294602,0.1545762114485493,0.1935359044273725,1212.9209613386095,0.2092745145388208,0.12109702170144432,0.11043011561456377,0.09064898382172606,0.0006859582159672176,0.004869792951489039,0.00565648752589459,0,0,0,1,0,0,0,0,0,0,1,1,0,0,0.010072863471961232,0.12340483499814887,0.0,0.5461310473823819,0.0037692949910971547,0.003769671306437489,0.0037703211938575273,0.003771281543005455,0.003772610299713021,0.003774394367545203,0.0037767625931272655,0.003779907047724386,0.003784117834465464,0.003789837937440532,0.0037977327440987594,0.0038086505355013757,0.003822321801133068,0.00382212467160342,0.0035671423153777297,0.003185984464511236,0.0034414500689334444,0.0035403259518158123,0.0035802115905772813,0.0035955070389860743,0.05007992318620419,0.2601458303548189,1.6,-0.08368443553700948,-0.0013918766587772515,-0.001391875751192183,-0.0013918738268680205,-0.0013918701429473275,-0.001391863354804776,-0.0013918510516223806,-0.0013918288131881682,-0.0013917881988096189,-0.0013917121518943786,-0.0013915635045778473,-0.0013912525952041392,-0.001390530083720751,-0.0013885404102017265,-0.001381214308333394,-0.0013432946722673257,-0.0013414274256471539,-0.0013724167029812821,-0.0013806417564693938,-0.001383517658199709,-0.0013845500220725493,0.010587345912663438,0.12687388515158712,0.0,0.5728928549200939,0.0040232821292754475,0.004023902754221431,0.004024977954145616,0.004026574794683775,0.0040288003298174285,0.0040318189089368975,0.004035882372551747,0.004041384091244844,0.004048960185860129,0.004059691039373564,0.0040755333704417815,0.004100323170707021,0.0041421640234905015,0.004215294399864124,0.0041875084404903356,0.003587240559350433,0.0036835546181424148,0.0037604678229173454,0.003796471139316353,0.0038110922095038412,0.03778985930043999,-0.4124463771044334,1.5,-0.010005139154651644,0.00014062747878970628,0.00014063948629579285,0.0001406603427918803,0.00014069144503652757,0.0001407350472028624,0.00014079466362525443,0.0001408757922728844,0.00014098726023195282,0.00014114387458490565,0.00014137207192081442,0.00014172326533088924,0.000142309960134975,0.00014342252812001938,0.00014598331057915585,0.00015153013231802826,0.00014035240541233508,0.0001371999888369931,0.00013735355981068457,0.00013758598011765372,0.00013770287397534816,0.008236572016689479,0.112536367285887,0.0,0.014245974468043338,8.70793694419847e-05,8.708917376116673e-05,8.710615473196139e-05,8.713136353046859e-05,8.716647590669521e-05,8.721405960058896e-05,8.727803884203232e-05,8.736452044932766e-05,8.748332735734437e-05,8.765101056045159e-05,8.789716516750126e-05,8.827847780633894e-05,8.890843389523369e-05,8.993689563131931e-05,8.877988308103032e-05,7.926124692240018e-05,8.139408142685879e-05,8.27625403353174e-05,8.338042485785111e-05,8.362803402084008e-05,0.0372441564732983,-0.41020028957032745,0.0,0.0025016337193397155,-3.480645341354832e-05,-3.480490948697346e-05,-3.4802238426297595e-05,-3.4798280206250944e-05,-3.479278110841386e-05,-3.478535541411281e-05,-3.477542010366921e-05,-3.476208180903229e-05,-3.474393515888598e-05,-3.471869106542853e-05,-3.468248252708432e-05,-3.4628700932667933e-05,-3.4548009066700815e-05,-3.4461520422646906e-05,-3.5090605191989395e-05,-3.667232854715399e-05,-3.594350572104963e-05,-3.561879956011491e-05,-3.548398685255945e-05,-3.543184292722538e-05,3.514192833815817e-07,0.0005734348603256872,1.6,-493.2821039822388,-0.014332082984921612,-0.0143370976061874,-0.01434578021816435,-0.01435866360518645,-0.01437659591499596,-0.01440087414147939,-0.01443347496984515,-0.01447746285503726,-0.014537741174997619,-0.014622509258058969,-0.014746256439460481,-0.014936159758692112,-0.015243971977945138,-0.015716000581043943,-0.014836928284442052,-0.00993946476148011,-0.011267841431903848,-0.012032630836253944,-0.012371684117653105,-0.012506648580733692,4.185515482651601e-06,0.002212797319154252,1.0,-882.9600464255083,-0.08906751256161273,-0.0890647694329374,-0.08906011606833886,-0.08905343749758288,-0.08904459535305165,-0.08903347600278266,-0.08902011310340896,-0.0890050013791246,-0.08898992886383539,-0.08898033470852695,-0.08899270808636928,-0.08908160680139332,-0.08946344459756618,-0.09131553225492084,-0.10322793751922532,-0.10692852736877967,-0.09666043166050996,-0.09369047583405177,-0.09262260359964357,-0.09223500841143206,7.66413586118821e-07,0.0009123756715012727,0.3,-697.627970470444,-0.028257383473771824,-0.028257311298858667,-0.02825724036375732,-0.02825726210421209,-0.028257547239817882,-0.028258412068694838,-0.02826045535807964,-0.02826485533497447,-0.028274060675311574,-0.02829355240398357,-0.0283369126529216,-0.02844300724906823,-0.02874954406793861,-0.029935349759043106,-0.03638230603359816,-0.0369540897179732,-0.031581716495059815,-0.030151432103807,-0.029658120698668355,-0.02948282728352058,2
2022-06-08 16:38:53.725446500,0.007569067239423297,7.400658350363221e-05,0.007917527380861399,-0.00045433165982722783,0.0002160840084768365,0.0001135733107091587,0,0,0,1,0,283.027,-12.010006770462615,-21.403343625032992,-16.97430606464474,2387.530670639117,0.6037712272134076,0.08533521800937745,-0.0035681776682298257,0.031193210101686606,0.001946847660188005,-0.0012180516350530509,0.01330775822724343,0.0030501499054866607,0.00032936384079686626,0.0028566523088704074,-0.00029335023852792615,0.0003799703397179288,-0.0001243120772368103,283.4138656250013,-11.968963255560027,-21.344276489681718,-17.10320196937061,2642.8033749471506,0.6478144291176761,0.060992914921328426,-0.027367890466456143,0.011275404029459998,0.0018257906143764944,-0.0023953521946345627,0.012212131928119957,0.00493330036415095,0.002058327504374049,0.00655619180139352,0.00021454870260723515,0.00023943851324088617,0.00022620958314191383,2.500714100896193,0.14452113370260708,0.1534540972216152,0.1931544223000376,1197.7313414829155,0.2066353146982263,0.1195910618949038,0.10906369539230293,0.08952134958921777,0.0006808059336920692,0.004809315976819782,0.00558256605461202,0,0,0,1,0,0,0,0,0,0,1,1,0,0,0.014343977443183985,0.14799679024963305,0.0,0.462504045650398,0.003813994268771589,0.0038141800979651017,0.0038145022389976593,0.0038149811431320603,0.003815649548642997,0.003816557918306984,0.003817784004885524,0.00381945016087417,0.0038217562499036893,0.003825046541106632,0.0038299576017818094,0.0038377796050267795,0.0038514209358630953,0.0038773640265492852,0.0038887362126570186,0.003707686739141829,0.003721302077232236,0.0037406236768409104,0.0037501396268522814,0.003754062882733574,0.113943559991601,0.3624115950731464,1.6,-0.052890663095941516,-0.001400355135965938,-0.0014003797220027234,-0.0014004222688474806,-0.00140048534681875,-0.0014005730372630078,-0.001400691558675451,-0.0014008503404826307,-0.0014010638988582456,-0.0014013552305733804,-0.0014017622220678365,-0.00140235021074387,-0.0014032360845293527,-0.0014046145563014866,-0.0014064080997578088,-0.0013990396309397724,-0.0013743621593663518,-0.001383562664320316,-0.0013880836073948768,-0.0013900182842150588,-0.0013907769421966807,0.014609681740107287,0.1496809510967118,0.0,0.484851917805836,0.004021441831889509,0.0040216074958365705,0.004021895327888021,0.004022324748843245,0.004022927138771018,0.004023751502983564,0.004024874682327068,0.004026420420631689,0.004028597134434982,0.004031778979638964,0.004036699216198672,0.004044980588798685,0.004060886696669306,0.0040984289571692105,0.004186787669473852,0.004032004154341289,0.003978816622852838,0.0039786684172276885,0.003981175743315722,0.003982554720375445,0.023063114434166632,-0.28675406455535385,1.5,-0.013063979198165342,0.00013941088383628408,0.00013941165920360152,0.00013941302497322305,0.0001394151061785867,0.00013941811270383301,0.00013942238930962636,0.0001394285117495217,0.00013943748043835892,0.00013945113932590408,0.00013947317080796454,0.0001395117674677444,0.0001395880950131493,0.0001397700796478871,0.0001403595670399537,0.000143016943741421,0.0001424798021541641,0.00014035783804818797,0.00013985936840192395,0.00013969991760365947,0.00013964568563429655,0.010907775397911428,0.1300940710467154,0.0,0.012335072203143085,8.719178051305862e-05,8.719463773893228e-05,8.719959897681394e-05,8.720699361186948e-05,8.721735258421183e-05,8.723150228019552e-05,8.725073275668041e-05,8.727710958832874e-05,8.731408584918086e-05,8.736780000027343e-05,8.74501228802851e-05,8.75868292094065e-05,8.784361762389486e-05,8.842340790123441e-05,8.95778700719179e-05,8.687364963886192e-05,8.626605490773845e-05,8.634632957657041e-05,8.641811515919781e-05,8.64520175699473e-05,0.022735098722943273,-0.2836530081098021,0.0,0.003266156539060457,-3.469068192913673e-05,-3.468995791749242e-05,-3.468870230639165e-05,-3.468683447332483e-05,-3.468422512474057e-05,-3.468067445683824e-05,-3.467587353931826e-05,-3.466933395380893e-05,-3.4660252774902304e-05,-3.464723461702705e-05,-3.462766554055124e-05,-3.4596136102896964e-05,-3.4539959227236394e-05,-3.44272248197768e-05,-3.432043816222868e-05,-3.50228178848795e-05,-3.502143999034231e-05,-3.495951587070592e-05,-3.4926955648237265e-05,-3.4913259367341755e-05,3.7629021019204456e-07,0.0006081473001056237,1.6,-492.96838510955115,-0.014607458417188468,-0.01460959697000419,-0.014613301226290787,-0.01461880104868385,-0.014626463055179784,-0.014636849414813469,-0.014650820160280631,-0.014669715609748838,-0.014695696222577938,-0.014732413579560344,-0.01478642868237223,-0.014870409761471137,-0.0150101233558253,-0.015242199839230253,-0.015011894591966168,-0.01289654556991593,-0.013355142599838388,-0.0136580016416179,-0.013795247512144115,-0.013850235539555555,3.823692302311712e-06,0.0021010250445585234,1.4,-881.051452449588,-0.0861398301965437,-0.08612961867166291,-0.08611194750785955,-0.08608574946566705,-0.08604932996555448,-0.08600010721632145,-0.08593416658603559,-0.08584548222668431,-0.08572450906325102,-0.08555552470120631,-0.08531142309277229,-0.08494374396018499,-0.08437195960443589,-0.08363053009504284,-0.08672065066853918,-0.09699451159780637,-0.09314197217917908,-0.09125266561058787,-0.09044462381583608,-0.09012787886492736,6.57891791460559e-07,0.0008343021375554826,1.4,-697.0330753746907,-0.02694559630047877,-0.026942808857327805,-0.02693798958810589,-0.02693085530147954,-0.026920958441749576,-0.026907621755462685,-0.0268898281695229,-0.02686603322024084,-0.026833838460348147,-0.026789412769520737,-0.02672649308249575,-0.026635092111723324,-0.026504697049384518,-0.026401283103307804,-0.02778250697198814,-0.03063252222096935,-0.029131534360306688,-0.028496372757114582,-0.028234761300181432,-0.028133760810862718,2
2022-06-08 16:38:56.475446500,0.005524038732337389,0.0008198195152737137,0.0057726268646935185,-0.00052886529602638,0.00016947815998582212,0.00013226174995307268,0,0,0,1,0,283.027,-12.002649552148592,-21.354233744124095,-16.959736848263482,2779.489333815699,0.6711965707665998,0.04601634746906565,-0.039358892026842035,0.0018241282208154663,0.0017410910584061581,-0.002832718007719629,0.01155766280260999,0.003166987130139018,0.0003263336108478543,0.0030089248131669947,-0.0003029396251387415,0.0003812847338173005,-0.00012010148643725524,283.26872604166806,-11.96989085670709,-21.345762924764625,-17.099208227836517,2624.5913117364057,0.644637662481045,0.06274424395901028,-0.025708367545591974,0.012648923461679428,0.001824674077044684,-0.002308567285552289,0.012219088488892785,0.00494956060086829,0.0020421755779388416,0.006561644614756186,0.00021389535858378013,0.00023811575257997778,0.00022861827897045366,2.3167258150654613,0.14393069866335412,0.15257870353860173,0.1930553336648185,1182.8245276712767,0.20403621044624898,0.11813466426531798,0.10771067592002367,0.0884190799662458,0.0006745199146293906,0.004741397723169132,0.005542517292099078,0,0,0,1,0,0,0,0,0,0,1,1,0,0,0.020630470152595674,0.1760837687965154,0.0,0.378826129326508,0.003807789843452071,0.0038078178838398397,0.003807866774841469,0.003807940119797359,0.003808043813771412,0.0038081872203851773,0.003808385347878564,0.003808663044369942,0.0038090636352238892,0.0038096683521288773,0.0038106454513018727,0.003812395487834111,0.0038160853440361493,0.003826280458628366,0.003862071492530095,0.003837600316426663,0.003811202516782461,0.0038065580001695686,0.0038053950707687455,0.0038050660403738455,0.48768415041463203,0.5857363776347031,1.6,-0.02209310196149413,-0.001405033769634351,-0.0014050496407719405,-0.0014050769981159782,-0.0014051173025979278,-0.001405172822852756,-0.0014052469029038972,-0.0014053443747219633,-0.0014054721628577276,-0.0014056400698087778,-0.0014058613401413613,-0.0014061505117818082,-0.0014065042405494775,-0.0014067695482327745,-0.0014055224119820665,-0.0013876993828459147,-0.0013706342467425811,-0.0013874951204471773,-0.0013933223172894044,-0.0013955723431776435,-0.0013964170316503744,0.02081696536576504,0.17683038902328202,0.0,0.3967958510452401,0.004004591178778097,0.004004666381878734,0.004004797265050888,0.004004993051415329,0.004005268737460068,0.004005647945688862,0.004006168136622565,0.004006890511818686,0.004007920052715922,0.004009449681019199,0.004011869179248744,0.00401607758909517,0.0040245850247110256,0.004046584903197271,0.004113596980253875,0.0040455365439870045,0.003998930601961918,0.003992905238518469,0.0039919983087188865,0.003991900074006705,0.015631654561427923,-0.21924479746902764,1.5,-0.016122097415405774,0.00013891981843337572,0.00013892069234796873,0.00013892221826413169,0.0001389245124567087,0.0001389277659855431,0.00013893228410930545,0.00013893855973179186,0.00013894741631321382,0.00013896030526739278,0.00013897998322922396,0.0001390122489443839,0.00013907116917476211,0.0001391987144196224,0.0001395648230704983,0.00014094327699221452,0.00014020322603931168,0.000139160611129716,0.0001389573673819366,0.0001389010204489886,0.00013888364446533832,0.01473257190644261,0.15038452563764562,0.0,0.010423817357049558,8.695315336495232e-05,8.695377625094737e-05,8.695486184642579e-05,8.695648934522158e-05,8.695878813030282e-05,8.696196333111083e-05,8.696634296083162e-05,8.697246851503801e-05,8.698128083166567e-05,8.699453642539858e-05,8.701585485253249e-05,8.705379802870033e-05,8.713310214698169e-05,8.734936447908803e-05,8.80892283928944e-05,8.754105435769241e-05,8.700064557915261e-05,8.6909710582061e-05,8.688809728429428e-05,8.688228701050568e-05,0.015562742538005088,-0.2185614487970102,0.0,0.004030566227020447,-3.468793404639951e-05,-3.4687700989416675e-05,-3.4687297341972965e-05,-3.4686698123578606e-05,-3.468586350888463e-05,-3.4684732467363206e-05,-3.4683211709931764e-05,-3.4681156016100676e-05,-3.467833167397929e-05,-3.4674344560645864e-05,-3.466848900022528e-05,-3.4659410758883424e-05,-3.4644394078342376e-05,-3.461990090591023e-05,-3.464937987131966e-05,-3.4880524945075586e-05,-3.4826850502187024e-05,-3.479281576350567e-05,-3.477749354744242e-05,-3.477136963127929e-05,3.7405406972748116e-07,0.0006044662385631175,1.5,-492.6546324074962,-0.014848611489924226,-0.01484666435059978,-0.014843266629888776,-0.014838163181948971,-0.014830935632510034,-0.014820917438605363,-0.01480703627852975,-0.014787508991187082,-0.01475921082802678,-0.014716250316173076,-0.014646349858171703,-0.014520088410508338,-0.014251112283526268,-0.01349768599054002,-0.01077519106980773,-0.012427700005561705,-0.014456306805486818,-0.014837753313695856,-0.014941077236684919,-0.014972386199067156,3.7729404693789673e-06,0.002095931856302533,1.1,-879.1435713764041,-0.08392980838151233,-0.08392672084590913,-0.08392146532517586,-0.08391387956871199,-0.08390374723665417,-0.0838908295223817,-0.0838749567586774,-0.08385628155693325,-0.08383598382052071,-0.08381833593175259,-0.08381734179085143,-0.08388143002486181,-0.08420827988732071,-0.08589621478632381,-0.0971387644343551,-0.1010918257187825,-0.09135087889582394,-0.0884955173973001,-0.0874619961354064,-0.08708553273495845,6.369002169717542e-07,0.000814410122382392,0.1,-696.4391776486708,-0.02663320839333494,-0.026633925416959414,-0.026635180833345373,-0.02663707634744128,-0.026639780329688282,-0.026643564433584288,-0.026648872608131317,-0.026656457126183145,-0.02666766570238366,-0.02668510538828528,-0.026714372946379683,-0.02676935219178489,-0.02689251512524216,-0.027261353552475498,-0.028746050051765337,-0.028159721739232424,-0.02701758268264065,-0.026774219972541147,-0.026700866160531692,-0.02667678304635146,2
2022-06-08 16:38:59.225446500,0.003475922058420491,0.0015678296439914216,0.003665957075421147,-0.0006024191798339808,0.00012308872963462638,0.00015095472340360768,0,0,0,1,0,283.027,-11.993350573436105,-21.308104405552296,-16.946298886488275,3171.447996992281,0.7386373618794784,0.006719388070879114,-0.0751594005325173,-0.02752592808558832,0.0015302074943452145,-0.004449457135583181,0.00980303695932417,0.003244793347106941,0.00033782683399674466,0.0031375267107570217,-0.0003144028188078095,0.00038120903019545565,-0.00011530188795697317,283.13796354166806,-11.972060376983695,-21.346152405913898,-17.095098452082052,2613.732625330803,0.6427302203869247,0.06375873022573265,-0.024707785024507517,0.013464651645138728,0.0018238057029570226,-0.002251813362299356,0.012200519504838324,0.0049360882382967685,0.0020381393263210227,0.006533891394609158,0.0002143054384387906,0.00023796478653502606,0.0002315351586137873,2.153741179128549,0.14239220388750976,0.15154176450254736,0.19373472265759606,1162.6130701821564,0.2005168860344972,0.11615500201969015,0.10587352776978677,0.08692531118117951,0.0006676219217288916,0.004652813780720052,0.005482435263322647,0,0,0,1,0,0,0,0,0,0,1,1,0,0,0.032182868938441564,0.2156282158636699,0.0,0.2951424649328769,0.0037958861599477717,0.0037959056990733713,0.0037959400427479938,0.003795992206631918,0.0037960672293682017,0.003796173338220939,0.003796324174728971,0.0037965432477451494,0.0037968734907461374,0.0037973997754501892,0.0037983088409458787,0.0038000773787274095,0.0038042158245143033,0.003817347208183101,0.0038752206437009775,0.0038616922668536155,0.0038156402261365994,0.003804920635635433,0.0038015090009197883,0.003800353424979894,1.6638806895820764,1.5200886638834197,0.0,0.008703164766490837,-0.0014109812514969215,-0.0014109101421826149,-0.0014107863359039238,-0.0014106010241298694,-0.001410339866268112,-0.0014099802343472195,-0.0014094861671819338,-0.00140879875678254,-0.001407816634179569,-0.0014063528136992634,-0.0014040278283795856,-0.0013999618128787265,-0.0013916818599346925,-0.0013700345304278876,-0.0013023448668462194,-0.0013661486015696265,-0.0014137232852379034,-0.0014204262119663475,-0.0014216601501366535,-0.0014218931127224453,0.032497481888227896,0.21541233170255653,0.0,0.3087676476065385,0.004015694045512382,0.004015954577501309,0.004016406160964946,0.004017077363323821,0.004018013889302969,0.004019286131800439,0.004021002433911803,0.004023333036732328,0.004026555482293149,0.004031146538759753,0.004037984289424756,0.004048837362036896,0.0040676463882399405,0.004102868350345905,0.0041131976507131395,0.0038597057934067593,0.0038831417552486884,0.003911294294222246,0.003924999477448728,0.0039306309463661504,0.01138776089164746,-0.17744154521715594,1.5,-0.01917938299280269,0.00013926327048090952,0.00013926998612172185,0.00013928162684236274,0.00013929892977734837,0.00013932307445629078,0.000139355877979614,0.00013940013798077007,0.00013946025231907915,0.00013954339493306076,0.00013966189911985495,0.00013983850460565222,0.00014011908640255117,0.00014060611575366668,0.00014152092149866499,0.0001418080620017865,0.00013525101172435572,0.00013584690363278095,0.00013657351226763664,0.00013692734928232722,0.00013707268912228524,0.021156586721207828,0.17790190072874126,0.0,0.0085127873224166,8.69403384778152e-05,8.69417877725348e-05,8.694430122406114e-05,8.694804026180788e-05,8.695326377438598e-05,8.69603718462437e-05,8.696998309350997e-05,8.698307557460767e-05,8.700125718201016e-05,8.702732225676694e-05,8.706650534271056e-05,8.712963938840884e-05,8.724213926511581e-05,8.746807048019687e-05,8.768540077288692e-05,8.628469563940226e-05,8.628315823414805e-05,8.640518286083383e-05,8.64695553406667e-05,8.649666914489271e-05,0.01138109647961018,-0.17804751195706098,0.0,0.004795012270750866,-3.4648883023373135e-05,-3.4649302694748654e-05,-3.465003423651477e-05,-3.465113122248586e-05,-3.4652681223591195e-05,-3.4654823173623684e-05,-3.465777942729021e-05,-3.46619174429346e-05,-3.466787648033445e-05,-3.467685181456152e-05,-3.4691310909856776e-05,-3.471710321092574e-05,-3.477117605942678e-05,-3.4919309810789445e-05,-3.5430960411547584e-05,-3.5063389544319354e-05,-3.468825099391511e-05,-3.462390925495048e-05,-3.460825055803296e-05,-3.46039398144086e-05,4.01598455804889e-07,0.0006332464266599403,1.5,-492.34035196017436,-0.014557133648835931,-0.014536164614163738,-0.014499804390148087,-0.01444572820253853,-0.014370212160116582,-0.014267511325233071,-0.01412876414956443,-0.013940005579947012,-0.013678374480170064,-0.013304344981294848,-0.012744261080635866,-0.011845937424589614,-0.010246397317716928,-0.006929076861904804,-0.0016712921468862163,-0.01853094696318536,-0.02126660649114065,-0.020658965781244376,-0.020192113063679958,-0.01997212720549668,3.896044024214555e-06,0.002083815990312228,1.9,-877.2353894800618,-0.0814371035931174,-0.08149666096554142,-0.08160017677406017,-0.08175469939243385,-0.08197162433578598,-0.08226875914567701,-0.08267404170538127,-0.08323247437357395,-0.08401982752050685,-0.08517195253242349,-0.08695441381061643,-0.0899529228312268,-0.0957054838516882,-0.10937117369745407,-0.1444976064900736,-0.09579746097901064,-0.07244409961657894,-0.07019912564230958,-0.07012525298942407,-0.07024026661829552,6.435300677387932e-07,0.0008001238885229247,1.7,-695.8458499049804,-0.0268934035787538,-0.02690558132574949,-0.02692670575783751,-0.026958141749837242,-0.02700207817942157,-0.02706189697227757,-0.02714282382368438,-0.02725310869109521,-0.027406276257622156,-0.027625714790524114,-0.02795487705542321,-0.02848255927399812,-0.02941390820728706,-0.03126917434521559,-0.033448699707026464,-0.02332637486860989,-0.022693675037020355,-0.02329668088202119,-0.02363655880968629,-0.023783832675396518,2
2022-06-08 16:39:01.975446500,0.001456834980468091,0.002368024480084996,0.0016795423608186107,-0.0006729699652311895,7.739625995043202e-05,0.00016929953626775176,0,0,0,1,0,283.027,-11.729365821337929,-21.193850165045763,-17.119849907586033,3563.4066601688623,0.8056879719566037,-0.0305709919904235,-0.11357837111595975,-0.057246641792307415,0.0008455386329018788,-0.006378819293754629,0.007982297389191264,0.003276887067548473,0.0003634173608607525,0.003210283283394261,-0.0003255884506908772,0.0003799073575435074,-0.00011157634274274744,283.0148364583348,-11.968702929548929,-21.347332844710145,-17.090014244780775,2611.1424875536754,0.6422483336942361,0.06395754769278691,-0.0245027048122124,0.013699245631694563,0.001806565624996916,-0.0022365245554805007,0.012151401713795477,0.004921889704743354,0.002048032002972112,0.0065079307536820355,0.0002181281498558629,0.00023917548808527407,0.00023310884594709438,1.9818787080540816,0.1418032578747159,0.15064653754005328,0.1928248156870909,1154.7667182197404,0.1991391723739013,0.11541200921656004,0.1051750101901182,0.08631712195435974,0.0006669698555755809,0.004616838524696551,0.005473343706348075,0,0,0,1,0,0,0,0,0,0,1,1,0,0,0.05813200401801846,0.27737591845148474,0.0,0.2114705548605204,0.0037958261388553673,0.0037961103604621104,0.003796603343280955,0.0037973368767875455,0.00379836198761045,0.003799757640041864,0.0038016461873215572,0.003804221715742462,0.003807805021734496,0.0038129588119776756,0.0038207553188639616,0.003833490368834697,0.003856976495919353,0.003909457323995962,0.004018097543711289,0.003773408083512668,0.0037071526287424743,0.003711084510364436,0.0037168551254054033,0.003719816946572431,0.18906907048099952,-2.5860685789604942,0.0,0.039518869057502536,-0.0013973842113977587,-0.0013968991069035026,-0.0013960578568644364,-0.0013948065273062128,-0.0013930586805727086,-0.0013906808725420113,-0.0013874670795766995,-0.001383092277609024,-0.0013770238018469278,-0.0013683399889937822,-0.0013553244609225026,-0.0013344493650077945,-0.0012974643160436955,-0.0012229625013622984,-0.001134124646052827,-0.0015578632369372782,-0.0015840728047016679,-0.0015564003798232524,-0.0015404227425885179,-0.0015334469714537544,0.058995916293204886,0.2739943882635477,0.0,0.22082539391080366,0.0041127482810393405,0.004113198110136107,0.004113973687016593,0.004115116809055049,0.004116692561961399,0.004118797319745399,0.004121571384435436,0.004125218430364374,0.004130033859336134,0.004136438616115777,0.0041449776186860965,0.004156009997738396,0.0041671299244985145,0.0041491455859432895,0.0037538492510597672,0.003273320043612445,0.003652718380447772,0.003794772838319515,0.003852031221300983,0.003873993054961725,0.008714407006118226,-0.1479248646737278,1.3,-0.022234602879356902,0.00014167256502434526,0.00014168556462719904,0.00014170800935354847,0.0001417411638901401,0.00014178701218828095,0.00014184852386305295,0.0001419300892867508,0.0001420382255584731,0.00014218271077766744,0.00014237830319790783,0.00014264662592596152,0.0001430129742297307,0.00014345299636303577,0.0001433106220612173,0.00013364973805027062,0.00012024342926190314,0.00012984416491580868,0.0001334864135282151,0.00013494357304990104,0.0001354998939568292,0.03334216342450349,0.2176543305170357,0.0,0.006602289514689043,8.746000278514964e-05,8.746304564726719e-05,8.746830046106482e-05,8.747606528456321e-05,8.748680828551794e-05,8.750123157015436e-05,8.752037610863745e-05,8.754579379833687e-05,8.757982923087343e-05,8.762606497841831e-05,8.768989152954619e-05,8.777822058629532e-05,8.788910318192039e-05,8.788889227956909e-05,8.582261653373793e-05,8.270400482361518e-05,8.478125837095812e-05,8.558995517588198e-05,8.591690022911267e-05,8.60423404421095e-05,0.00870784463140911,-0.14955788422672264,0.0,0.005559351511633765,-3.471734240927647e-05,-3.4720578669314316e-05,-3.472619454914909e-05,-3.473455669211398e-05,-3.4746254575578116e-05,-3.476220240061973e-05,-3.478382046590288e-05,-3.4813368583495614e-05,-3.485459341451904e-05,-3.4914082475371427e-05,-3.500438485771109e-05,-3.515216477915719e-05,-3.542308392926212e-05,-3.600563389056095e-05,-3.693824075005469e-05,-3.3884350219626584e-05,-3.349415749414158e-05,-3.365918804987931e-05,-3.376557305727633e-05,-3.3812891292071615e-05,0.00010120709438665228,0.005442396483805075,0.1,-491.28203971686975,0.6915021085917061,0.5827338840206409,0.4203032053537541,0.22885330518118965,0.036354832189736896,-0.1308653957929451,-0.25264654103431994,-0.3182099472127753,-0.3274859857324106,-0.29035610823432023,-0.22403823482981444,-0.14921857565061458,-0.08579505804023313,-0.04952391738673434,-0.06413895903751943,-0.14207360922822154,-0.14570978316086247,-0.14530403224433994,-0.1448955794270388,-0.1446688590357561,2.2260754731899953e-05,0.0025050489521714486,0.7,-875.62133815778,-0.3440161087042952,-0.2622972462034454,-0.14288259730577124,-0.007612413687965613,0.11892835157465242,0.21395858909750126,0.26061929568549397,0.2508697043002357,0.18662273222036066,0.07893834407703437,-0.05452385974074403,-0.1932815484489563,-0.31843902885512776,-0.4170183138392218,-0.4376245725704173,-0.14064148139291174,-0.09964718458535417,-0.09578417555477614,-0.09487888959687753,-0.09465351919357357,2.580214828496044e-05,-0.001665674396018212,0.9,-695.7583418765055,-0.5085241905773756,-0.4388611543488139,-0.33430556749984675,-0.2100179301766687,-0.08332588317846046,0.029256791289547838,0.1147625629006086,0.16574694014277114,0.18116116087459133,0.16599867553952666,0.12984333575111684,0.08467930787338672,0.042538230502936265,0.014134771408723878,0.01824019287890977,0.059346453244963016,0.0642112214736219,0.06940170514917733,0.07305762062034837,0.0748530381138206,2
2022-06-08 16:39:04.725446500,0.00044127071345705196,0.000373496701339281,0.0037987505977049186,-0.0007396820748426522,3.280046938589937e-05,0.00018566511835820448,0,0,0,1,0,283.027,-12.181640799152675,-21.237922802173475,-16.951108885582173,4255.924351650423,0.9259016780643814,-0.10201828753239088,-0.17224804572635236,-0.10956877588784948,0.0014105631982674633,-0.008593776150859316,0.004724827607219643,0.003245298784968519,0.0004013027389441177,0.0032368293848849105,-0.00033862811437579903,0.0003779994831098307,-0.00010504175415286995,282.8686416666681,-11.970095555515853,-21.345198273803792,-17.089449172380238,2617.2899013652845,0.6432673335671797,0.06329775368338438,-0.02506562345150549,0.013214766846385286,0.0017959268553827546,-0.00224867925144933,0.012041947914267308,0.004935066048876861,0.0020700132044524106,0.006496257868238229,0.0002239562498123641,0.00024121293287955326,0.0002368548799186764,1.7046356388247477,0.14248397888162875,0.15159209201730448,0.19294758351169528,1160.3076576212038,0.2000685221386689,0.11599295643372673,0.10568662717154807,0.08674283049033353,0.000671685375191278,0.004631325759538518,0.0055143113789612366,0,0,0,1,0,0,0,0,0,0,1,1,0,0,0.15608056440581622,0.3506285786686744,0.0,0.12701787219494104,0.003088892631437655,0.0033033521005634524,0.003635606089839535,0.004050414268127103,0.0045032500956037076,0.0049445629470313505,0.0053245335659767405,0.005597876452819043,0.005728243798481814,0.005691844472585189,0.005480047031025274,0.005101153951973574,0.004582867363555085,0.003977187462394045,0.003155954315992455,0.0016733141962619756,0.0016021722843772301,0.0016538441098949705,0.0016883219965351413,0.0017042332529050483,0.25624316561413163,-0.15593864766083965,0.0,0.06488332763741284,-0.006682511555985672,-0.006235414244679357,-0.0055270939738425754,-0.004609453112712167,-0.0035487531040151923,-0.002419928040180412,-0.0013002239408860358,-0.00026276066793613377,0.0006293618892705401,0.0013277951162853645,0.0018018637063711269,0.0020387407653314014,0.0020381051557979914,0.001780256133199214,0.0007910746882646418,-0.0010223783480150248,-0.0010095475972474307,-0.0010014728975769127,-0.0010035580840988439,-0.0010053630892070708,0.1864134809956192,0.21815888386484253,0.0,0.13797195051382682,0.009216637537917944,0.008974866051186756,0.008583421219353642,0.00805873211900273,0.00742219936558173,0.006698736954483702,0.005915075824319371,0.005097914727203772,0.00427194961485361,0.003457650122483976,0.002668157099388147,0.001902869316484095,0.001126489979252265,0.00016031120120706295,-0.0018791650960843505,-0.00079434369034509,0.0010035271523732283,0.0016360394261559427,0.0019297182522870007,0.0020531323723206843,0.006972666338669407,-0.1255428478494441,0.1,-0.025284914116564902,0.00014897285879034419,0.00014893807089958085,0.00014887730058955927,0.00014878587632150082,0.00014865613469821986,0.00014847586703233494,0.00014822545285923068,0.00014787235731112888,0.00014735988564323476,0.00014658217101268603,0.00014532190449571825,0.00014306936234293754,0.00013836461508639347,0.0001254841531956154,7.753512603538872e-05,9.67716366787292e-05,0.00013381042997447632,0.0001425862140255773,0.00014554688751470363,0.00014658418848963203,0.06119214584641733,0.2801275966140315,0.0,0.004693110027169177,8.929344766981772e-05,8.928418000137776e-05,8.926801123290316e-05,8.924373563011253e-05,8.920938496263694e-05,8.916184483725832e-05,8.909615456270572e-05,8.900418155624197e-05,8.887195686718646e-05,8.867386304111177e-05,8.835847817814416e-05,8.780834811009797e-05,8.669620797204708e-05,8.375885229748032e-05,7.290087078866775e-05,7.659533337431873e-05,8.523406228887748e-05,8.746898478785407e-05,8.826534984322848e-05,8.855133673857241e-05,0.0069242968854716,-0.12594937469842452,0.0,0.006322556338170233,-3.5921254566641384e-05,-3.593046780808024e-05,-3.594638937359719e-05,-3.596994300690141e-05,-3.600258854934884e-05,-3.604653632140187e-05,-3.6105112088024606e-05,-3.618339000994544e-05,-3.628933182034906e-05,-3.6435939311360605e-05,-3.6645537780543546e-05,-3.69584792643347e-05,-3.7446431496571614e-05,-3.812410544199699e-05,-3.5810242989648636e-05,-2.6109116158876995e-05,-2.898626157831277e-05,-3.066401618813871e-05,-3.143940695940185e-05,-3.175462213253098e-05,0.00019890747319630032,-0.0029307988392845603,0.3,-491.1228785615255,-0.7615922311009697,-1.1292779743658627,0.5293646835933288,0.12762919183438015,-0.8099767028814711,-0.12663999575419993,-0.010300030153160831,-0.17014315070565897,0.4138570632580052,0.47640531607807896,0.2531425480515992,0.18505868992086594,-0.10616557732029364,0.00853744732314432,0.19503440545604175,0.06268011948776575,0.0720643587203984,0.07353919860659275,0.07354102853499,0.07335720266440315,5.9752454673151234e-05,0.0018481623276991141,0.8,-873.3810086353682,-0.055913455478304286,-0.6082087861941972,-0.6213832067304708,0.4461830768102999,0.06691424938325953,-0.8472377986834091,0.04113335533238427,0.5981363381919209,0.1411610234045675,0.2611639316042762,0.06201248803380111,-0.22807849427320195,0.2535953100512671,-0.19994229244557005,-0.7932232795219498,-0.07668462739086124,-0.06327341601048175,-0.058954978173204615,-0.05705372405995845,-0.05628901329566194,0.00014471979469907157,-0.00013893468006088156,0.5,-696.8204498653453,-0.5383031482684402,0.7736312562631156,-0.2580312458361149,-0.010734339932859882,1.2174025715482415,0.7202163448911634,-0.4287350392855487,-0.6698130390562262,-0.08891212552853034,0.4978815575678688,-0.011843405970399346,-0.807358267209775,-0.495420170576109,0.04221496756231247,0.1220002584261266,0.12494543148430992,0.09455912145308254,0.08661337106275724,0.08325199946950246,0.08193750198708027,2
2022-06-08 16:39:07.475446500,0.001641900485953816,-0.0012364170413130984,-0.00128055905875203,-0.00029465601117487317,0.0002338279755658201,4.6544409575116824e-05,0,0,0,1,0,283.027,-11.921158120155372,-20.92881559283745,-17.062321702243715,4222.516772026683,0.9182966315104856,-0.09792753328580013,-0.17248356716308355,-0.10837411807753866,0.00102161333224772,-0.008741348141622512,0.005293156759663171,0.003251169832179971,0.0003977615008089607,0.003230711082300608,-0.000348646424531341,0.00037706680263525027,-0.0001009971136623414,282.7203385416682,-11.969363224103489,-21.34607081960354,-17.091254942935624,2629.759312494942,0.6453956462577165,0.0620399611001799,-0.026216291777779482,0.012272146401362387,0.0017779285585867992,-0.0022843295719491194,0.011895335815820527,0.004928504427873457,0.0020823371832778934,0.0064992833616213715,0.00022874550272886362,0.00024241946055057441,0.00023915875410458995,1.3437731609398749,0.1429053627034477,0.15063063653166262,0.1931976871055791,1163.527709295491,0.20060138971892516,0.11632218192844924,0.10600454263009483,0.08699233340423733,0.0006763249637239543,0.004638876123260332,0.005529665191700115,0,0,0,1,0,0,0,0,0,0,1,1,0,0,0.5174918943708228,0.2788875458970697,0.0,0.07568051637600384,0.023571360649942526,0.0036351585805415687,-0.0008872390328124443,0.005142806097265918,0.00245907999178545,-0.0013900248230776873,0.0054461160751594975,0.006662908834769814,-0.00192872170148632,-0.00041540937207332597,0.005654382886299982,0.000293282836335041,-0.0021885261692780487,0.005537747200431515,0.0057541225065065715,0.0006949056887448526,0.0005446690085354238,0.0005941749589974821,0.0006290065658488859,0.000645773491796475,0.6873243480179522,0.3341669795699312,0.0,0.0653794416249557,-0.020112915932544502,-0.0002209582820565208,-0.0007681482501661062,0.001994965785105233,0.00755913366108313,-0.0008846423711754071,-0.008009826151136892,-0.006102856565056417,-0.00666104358576054,-0.0020083522334133166,0.008472056938067223,0.005529041572955253,-0.0026653684088972624,0.002094881005805615,0.004762943854698318,0.0016481620792790305,0.0015943064355670845,0.0013903349833343515,0.0012725386872179125,0.0012189460065515092,0.859233398706888,0.504857797294844,0.0,0.06195095696999438,0.014024325639800404,0.005586590098941136,0.003847540135787343,-0.0010672984468145098,-0.0015733238651174295,0.007449109701261652,0.005426506382223735,-0.005367302714390882,0.0007796770518230336,0.011029392357308205,0.0013155414535088532,-0.005351858402479406,0.008949014100182798,0.014363283597073034,-0.001098953688398528,0.0010235190688533146,0.0027052764773712514,0.0030238261258122355,0.00314574733290195,0.003191812949112192,0.08169172964606508,0.08625608346785342,0.1,-0.026431301800686417,0.0018839923548460047,0.0014052419706777179,0.0007577208260174982,0.0001162033769457572,-0.00035849869938492113,-0.0005682886451508099,-0.0005043010429962168,-0.0002431164827835482,8.482357305381223e-05,0.00034264290230691537,0.0004332855182682229,0.00032857713099535045,7.133371129385848e-05,-0.00025184730493350117,-0.0005342410001024729,-0.0003231266687353242,-0.00023155951322281236,-0.00020572612169456492,-0.0001938439717051517,-0.00018888622222725283,0.5403583369593877,-0.1126099139224089,0.0,0.003701888235781943,0.0009287228789895496,0.0007096389155020053,0.00041091411854297515,0.00011006261191577551,-0.000120925319714203,-0.00023691035532825996,-0.00023135558678358072,-0.00013498205425092593,-2.368642385426186e-06,0.00010837831098442773,0.00015557520602693144,0.00012665671473096465,3.9524833697331856e-05,-6.795885427302312e-05,-0.0001527545852711255,-0.00010611462955964536,-7.701631182701722e-05,-6.554752901381516e-05,-5.9743303958734945e-05,-5.722319991409033e-05,0.12927686608316108,0.13565687898136636,0.0,0.006470907286437952,-0.0006007567261359046,-0.0004601618613554776,-0.00026545923277939207,-6.368982861584089e-05,9.995286408002068e-05,0.00019459616442641856,0.00021118232276309644,0.0001628973922837124,7.883350042228745e-05,-6.624027415582441e-06,-6.493460398700415e-05,-8.138457925626487e-05,-5.751436429991919e-05,-7.0633256492988095e-06,6.074179737418993e-05,9.468301816995172e-05,8.400147866925541e-05,7.934352491191286e-05,7.70836663715054e-05,7.612267034598314e-05,0.00022694487983450162,0.0016051835625268804,0.5,-490.15550161178186,-0.5405730570789871,0.37090390662226014,-1.1360155106440717,0.026088024188112516,1.1578626113316233,-0.030855133779393636,-0.36079867598192905,0.06465511996205109,-0.1938292337620364,-0.3753361345284461,0.2340332661627009,0.2269280535521503,0.5699498863260946,-0.08950224109023885,-0.035310021740956536,-0.20155304456740095,-0.15801186539600565,-0.14348470050062725,-0.1373626420125431,-0.13490939863420714,0.00012021468085651828,0.004310859793523947,0.4,-871.9711496869488,-0.4934869901475452,0.8432974435309859,-0.28089051375286544,1.0354741367524272,-0.40108045514869417,0.5840092523024154,-0.3070115936915769,0.8903343969460096,-0.04296123886600967,-0.3269495264368381,-0.24378778727444936,-0.4916240909889389,-0.6984077796477592,0.15769000634839614,-1.2770483098907164,-0.12449960052268948,-0.1279303159000449,-0.11524786830830006,-0.1074595599549184,-0.10383463849333684,0.00011480060233721721,-0.001682957100579094,0.3,-698.7547538980835,0.5327207537205254,-0.13988220309167332,0.9254285299200332,0.522680375022567,-0.4688610626519605,0.06507963282648177,-0.06293184347184423,-0.93677371430665,0.2677518431774004,0.24477782811815274,0.5680472432454433,-0.21632149626798025,0.6482470001201861,-0.5015437467468224,-0.058384502259503535,0.0437073591854471,0.0739770307595613,0.08996086472021148,0.09781501001962843,0.10116683845016272,2
2022-06-08 16:39:10.225446500,-0.007993050912236285,0.008098962070905207,0.008646746995682509,-0.00019229600000532452,0.0002075657044680786,0.00037214802182572633,0,0,0,1,0,283.027,-11.765664800559428,-21.004590531782483,-17.02397307029146,166.35212079428533,0.21759971116484086,0.30677732043994704,0.1951198386601677,0.1950381888366292,0.002440085540788044,0.006347715590712178,0.024228567903665045,0.00311840289176903,0.0005242731424361727,0.0033744582287620127,-0.0003522362673856775,0.00037863608722783033,-9.682356932855224e-05,282.70495989583486,-11.96649248766861,-21.343569833365432,-17.089610543046142,2589.742493023677,0.6384578364548315,0.06601325433906033,-0.022609918101331682,0.015258692096392622,0.0017879478965279613,-0.002139896754010972,0.012080713690725029,0.005105307418979883,0.002273378284555629,0.006515434787870404,0.00022640153043862506,0.00024113745179615414,0.00024490502635804944,1.1384299662606054,0.14407211582755014,0.15391891064953478,0.19313448522947368,1194.0936525277161,0.20596242459189573,0.11934148985162832,0.10869108543631552,0.08923373832836956,0.0006728128759518207,0.004726866258584087,0.0056770644484962504,0,0,0,1,0,0,0,0,0,0,1,1,0,0,2.0376872086230566,2.4143360060431283,0.4,-0.01995648315069974,-0.038119580175635326,-0.012079434810127156,0.011566544816812494,0.025030752765052604,0.008778682811835853,0.0017815249876378505,-0.0033957707490374746,0.001083338660815552,0.010440429956799144,0.010746418959017122,0.010896164468620505,-0.006374861820710948,0.001677050196505099,0.0024493588477417,0.014812563252786884,0.005440752681024861,0.0055455555840734074,0.00549321839194679,0.005453799972091278,0.005435505145457706,0.7078870636683193,-0.6522492063860947,0.0,0.11550965397822885,0.04348889482607154,0.006449579408435966,-0.012122850003767472,-0.007179883119879321,-0.012728484256640034,0.00463820126280862,-0.0008588448149099591,-0.0007700051686007979,0.0009668114353346741,-0.01968523122769306,0.0031440338677874357,0.0015534686161879337,0.0028328948183516463,-0.01186323096842797,-0.0021177424107789765,-0.003058689493795573,-0.003030862135839877,-0.003041455654441393,-0.0030414705803669586,-0.003040738650299382,1.1591388312480508,-0.5535522681870876,0.0,0.0834561991139397,0.06820292959679522,0.01649045096285803,-0.01239863830330357,-0.02260659153559957,0.0030636241475339486,-0.0016202513348604758,0.0067862993136099,-0.00973991863807352,0.0024752720342143893,-0.009706032507781116,-0.004406766397914805,0.002457545043456836,-0.002685769281745175,0.004909972210833984,-0.009993311961110744,-0.0035051665814570193,-0.003205274429495285,-0.0031108209591848525,-0.0030622949640088408,-0.003041826417432242,0.16273608893924338,0.17799483809882055,0.1,-0.022889697785432518,0.0031685841165117355,-0.00110618433085731,0.0004875920884005318,-0.0006926957789125301,-0.0006165162195881169,0.0004630563113386432,-0.00047591141078323477,-2.0537663092748187e-05,-0.000256879647670577,-0.0006077002054845964,0.00034681614528516325,-0.0005013868525994697,-0.00038087452240523903,0.0004678857643307068,-0.000609193131922507,-0.00025424175155775553,-0.00023611437763416132,-0.00023131620988365903,-0.00022891698388470118,-0.00022792441436652046,0.5559946725905921,-0.2175327001290528,0.0,0.00458173783008636,0.001243237664942241,-0.0007214441972292768,0.00017506268783819309,-0.00014922272669584498,1.2676517617570456e-06,0.00039212704948621497,-0.0004197989652408899,-0.00028346462293855164,0.00010765541859317572,9.10701225057342e-05,0.00014781174354024744,-0.00037098234693576116,-0.00024736042124767483,0.00024385039809338607,-7.082737308570555e-05,-5.5763526514050804e-05,-5.2684327104401256e-05,-5.2241063908186296e-05,-5.218525805478058e-05,-5.2189411434248634e-05,0.28683994258434303,-0.30187896552402643,0.0,0.008007703781763298,0.0011247860571526173,0.0009127164131054789,-0.0008244973295234082,-0.0005532550507022708,3.551915733885562e-05,-7.653894898542574e-05,0.0001393820014756201,-0.00012607787598236696,-0.00028733908287080213,-6.596213937706832e-05,-0.00020775336026402312,-1.364516121218837e-05,0.00012364835218166902,-0.000241548896146336,-0.0001906611368615327,-0.00010073779838541996,-0.00010617242009608784,-0.00010610176679690301,-0.0001058482904576566,-0.00010570843774416971,0.00041677694764210026,0.0050243154284679405,0.1,-488.03670987699786,1.4499635932784685,0.06192016090765407,-1.7959082083450753,-0.2321684527944896,-0.3253021777530307,0.5674361855816343,0.022196317291061973,0.3675832908868984,-0.5348690360629362,-0.5863765098224007,0.18519778918345156,0.017144941461072705,-0.8728436819259784,0.3885305596427973,0.06447988217260202,-0.15801201657381547,-0.12191319126197975,-0.11924068539210707,-0.11862665580751043,-0.11847518267490108,0.00010666005958320259,0.003763013265079693,0.1,-870.3504570823433,0.9474088050575348,0.05431627727277544,0.21527546833138445,-0.08430813836837102,-0.4934719680107804,0.3571718185501567,-0.2789487927850587,-0.3175481671622258,-0.7247054027041884,0.3211372812818105,-0.09345549861489033,-0.1953981919846104,0.8224829055615501,0.433660197603988,-1.495031033878238,-0.19293185697776494,-0.20013113021348872,-0.18987933394967804,-0.18354564212934926,-0.1807139686066952,0.00012607105255668815,-0.0014319408057961295,0.1,-699.4355487114412,1.4856019034350254,-0.1298770719845379,0.4642542207333094,0.6462790723891061,-0.3141524682427033,-0.47574093011830604,0.1872786500446928,-0.23469610546572284,0.5367461536533362,-0.3611371112433872,0.3287056982526089,0.1419281361108009,-0.3544073680800395,0.5650736550877937,-0.06137605995597184,-0.03142260771011607,0.010602616423289746,0.01807209706806745,0.02105179818981462,0.022210076812619658,2
2022-06-08 16:39:12.975446500,-0.005541442301884357,0.007136550808334413,0.006346332193494279,-0.00020115412390528544,0.00023085203529427041,0.0003076427520006864,0,0,0,1,0,283.027,-11.805472632318486,-21.026757980665096,-16.997481330739706,469.22672495796957,0.270057800689016,0.2763175880563906,0.16801150088311007,0.17259895526868052,0.002407270486998584,0.005361066757386799,0.022802092814535328,0.0029463389867105854,0.0006727480709567768,0.0035647060775036623,-0.0003536075921562654,0.0003803422658014049,-9.00714581521081e-05,282.771388020835,-11.961784398735757,-21.337637926037164,-17.087876896577686,2521.04675478928,0.6265618409977901,0.0728595435342802,-0.016416089888725328,0.020376335892478774,0.0018141539505460483,-0.0018964555386567629,0.012452233031436279,0.005290035729540122,0.0024928864552062548,0.006500408585970743,0.00022498949933108837,0.0002394617842445873,0.0002523979308813866,1.0640804176752148,0.14494984270590613,0.15917974611505895,0.19320283958890014,1228.211183583304,0.21195893285008374,0.12268527290049305,0.11169894738220312,0.09173138992496173,0.0006712266201887689,0.004829512066631275,0.00584181876752079,0,0,0,1,0,0,0,0,0,0,1,1,0,0,0.6797813457288042,-1.6607972430861544,0.4,-0.11076304465717676,-0.007154292067089713,0.0207414101426908,-0.009967159138097323,0.021674930983714542,-0.005735321004646111,0.013610604949322121,-0.006963437509183914,0.0010898054702313776,0.004689531220181508,0.004832279143049957,0.010723958104849841,-0.003547013454438475,0.006179484048388924,-0.009503773837898764,0.012942874765869795,0.002697942003279889,0.003244388669422114,0.0032086343953158106,0.0031853163781743947,0.0031745346759548218,0.1875827569443329,-0.3477591421504133,0.0,0.1736778260818326,0.014239378239623368,-0.00882491415322282,0.004335891585434515,-0.004415757938857014,0.0021625965555213227,-0.016128929832611202,0.003122841260406597,-0.0005647817313440662,-0.009267217287306851,0.008299761361464542,-0.0016064399263863126,-0.00586910089295715,-0.00852481653341275,-0.0010138922841709326,-0.0015610891039507914,-0.001247556233179045,-0.0019112354520338345,-0.002009359977345321,-0.0020516577821984897,-0.0020684348578815692,0.3902176282307831,-0.8528569712844629,0.0,0.1423978616281019,0.0005307649416938405,-0.01568157164839666,0.011469512773921836,-0.01909715549074286,0.004565777357805817,-0.005205107686788027,0.008295528771025936,-0.004984848879733777,-0.011368492316375607,-0.005626874274303244,-0.0030038730307261905,0.011168687879114365,-0.0032037714285192663,-0.008325982703705376,-0.010919175118751113,-0.0012666981049552085,-0.0026811438346084804,-0.002806019623328205,-0.0028416783568448838,-0.002852744424106346,0.1591805818049365,0.2306050640668504,0.2,-0.017824063934980712,-0.0017575730067117988,0.0008157984852037474,-0.00015120022649965282,-0.001017604445683265,0.0006504395017264896,-0.0007462054934735711,-0.0002586111489810422,4.65749673106622e-05,-0.00043119994306473633,-0.00042446626640775076,0.00025102593706811244,-0.0007718575290093537,-1.8991047343352405e-05,-6.879466170428757e-06,-0.0006837803491376764,-0.00019570792538003656,-0.0002483787544987532,-0.00025140854223875385,-0.0002521971755866139,-0.0002524225901175723,0.2727680416107667,-0.4222416914415069,0.0,0.00609149484252272,-0.0008442317554138285,0.0007063719165190933,-0.0002726193640506137,-0.00024022335702094581,0.00020890809885746456,-0.0002537376611088293,-9.7139306500458e-05,3.550994317121076e-05,-0.00014821054539549455,-0.00018599836718956398,0.00017404261440963554,-0.0003896688947476209,0.0001338588162082692,-0.00015520162949910288,-0.00011084140792432395,-8.181373275593644e-05,-8.601648169768148e-05,-8.644269079647297e-05,-8.656993991077923e-05,-8.661377167613511e-05,0.12659391694732894,-0.16716816571574644,0.0,0.009856040494141505,0.0005788817850976486,-0.0009838391009520378,0.000397271049147941,-0.00027981806714596504,-9.230227238549258e-06,-0.00015705180863828503,0.00010691902208430118,-0.0002944447867444991,0.00011619867365196555,-0.00011443917613818728,-0.00017052427055162713,0.00014831009606248094,-0.0002954086347308364,0.00011851722598388233,-0.00014768072535248513,-6.156057865510265e-05,-6.518602122367757e-05,-6.49596478744318e-05,-6.478968083967257e-05,-6.470907493230193e-05,0.00023724462447554336,0.00016351811775351958,1.3,-486.8923739164022,-0.7066324236834873,-0.8723678046687411,0.5021430167849132,0.4750516625448071,-0.464777803865477,-0.9917164200377186,0.21667194526325415,-0.015551001619524385,0.4018609601585954,0.4262279924131303,0.15437239640665726,-0.38299422087475854,0.6074179057168703,-0.2696213730073076,0.0374328086814888,-0.051610810065110264,-0.05049638147803037,-0.0502071953860952,-0.049992571175724976,-0.049900427149510485,0.00018458514271309248,0.003493131297738564,0.9,-867.9253471449613,0.7726706415929527,-0.7973011008804889,0.6723953938207217,-0.9829874490448702,0.7961476637987914,-1.205023300287749,0.2435723181416094,-1.0899108781748836,0.9164249212563966,-0.3405689068765092,0.03597211125634914,0.5336563122891533,-0.6440621983127741,0.5685844657907282,-1.1780890955895058,-0.13265617214036496,-0.1287520133406801,-0.11980444732143347,-0.11587657122320573,-0.114320357204706,0.00018951111463794083,-0.009350252633739816,0.2,-698.9370145515137,0.204808370638645,1.0915238024105351,-0.4737191765288955,0.455470808565579,0.7204129403537465,0.7716740458459199,0.5441043357250486,1.0036471535032303,-0.7223507830152442,0.4247645184987725,0.2847324072547828,0.5632382190939023,0.4739129655434624,0.8624571393164864,0.08970820806661095,0.14627531867382615,0.16493773079578133,0.16626971002708754,0.1661169202596895,0.1658915175571818,2
2022-06-08 16:39:15.725446500,-0.0033055081468414804,0.006285297056252521,0.004104404445573395,-0.0002077932673482565,0.0002513030189040214,0.000246539785812346,0,0,0,1,0,283.027,-11.850448215542038,-21.03547572883149,-16.97802614359146,772.1013291216539,0.3224624104804223,0.2458694212994796,0.14090491301189814,0.1500176915272224,0.0023893537690366233,0.004368498783682014,0.021378473599325463,0.00282158452099793,0.0008004608427987183,0.003696840198717597,-0.0003544948221583012,0.00038203933942641393,-8.604403009680227e-05,282.8353565972239,-11.959612713366287,-21.334011719128032,-17.087667276889555,2455.647576550066,0.6152533741187585,0.07938931188102008,-0.010495528070637116,0.02524181425277004,0.0018450113103881773,-0.0016580456047040793,0.012799481947217807,0.005392933709645658,0.0026395147830393013,0.00647039469708051,0.0002240082280789292,0.00023808893328055517,0.00025648411842901206,0.9904083202113136,0.14570718876127378,0.16302458943887713,0.1907652477707259,1242.898786742208,0.2145957574767801,0.1240657418429908,0.11296050931891452,0.09279775873101256,0.0006626178859032093,0.004867870962994755,0.005913013780708563,0,0,0,1,0,0,0,0,0,0,1,1,0,0,0.6703855812169958,-1.0181917654800816,0.1,-0.161330974334656,0.07672576113257856,-0.005933100753845823,-0.015966577995359096,0.01286707937433625,0.009501594839922757,-0.007122120043505197,0.0006171331273146697,0.008284907031585421,-0.0029888746077101165,-0.004855542170406514,0.008261697262272955,0.006535838669084187,-0.005767197465985228,0.0001264978064337129,0.011060886434197085,0.003194530618220664,0.0027615147987295344,0.002613050403394875,0.0025397775332305426,0.002509309687938555,0.3073378957624309,-0.10113689534100644,0.0,0.2252302090239172,-0.05612330409324045,0.0013993150882682798,0.012473884489292791,-0.0032782873146068106,-0.0005796373031265803,0.009446049007777756,0.004184719158376545,0.0004107610456378311,0.008929901094198646,0.007807970216888364,-0.007274883289042284,-0.010979966248717363,-9.845822892444196e-05,0.0029073202535138767,-0.003002988833354207,-0.001958409947435748,-0.0020590174240314747,-0.0020452515313198077,-0.0020228983988261964,-0.0020107457423255925,0.4929571464479123,-0.4788447513348569,0.0,0.1986077083802317,-0.07647691288560454,0.003081546310092255,0.018648767704002304,-0.00877854868995647,-0.013598950208302945,0.0006593747207660969,0.0011326829058788922,-0.004337458072982966,-0.0012264144829227247,-0.0016754159556776945,-0.007899508067582113,-0.005205458926087104,0.00042909220161487833,-0.004682123053100154,-0.004964059401484656,0.0017702179027861734,0.00015926745647887146,-0.00033874904465346767,-0.0005593328408781471,-0.000650127946767801,0.4501354656617032,0.3307932621790636,1.0,-0.011974455949725831,-0.0027100458210747545,-0.0012008013957672935,-0.0008806319839597401,-0.001178330501468301,-0.0008290771505517942,-0.00017021641757525828,-2.986186918699208e-05,-0.00011154904150778015,8.800383829765757e-05,0.0002691946651027529,0.00012236239558501938,-0.00017099585904828597,-0.0005239972122351216,-0.0008800336286409931,-0.0007110467048144383,-0.0002952245145707331,-0.000321780051185985,-0.00032352903139598577,-0.00032284886030448735,-0.0003223209385133345,0.20933361269542825,-0.6827456605867706,0.0,0.008334287019844613,-0.0006694139475819043,-0.000744808552511585,-0.0004376188518657328,-0.0002966415192214314,-0.0004664880627446421,-0.0002847954057642279,0.0002338762564654543,0.00026112121461182414,-0.00016484307723017733,-0.00017629207437708174,0.00017755776485864482,8.709400101062666e-05,-0.0003556318725506822,-0.0004129974838237781,-0.00014642889281803398,-0.00012261395042222493,-0.00012877472205269737,-0.0001294170070949454,-0.0001293747923545989,-0.0001292908342376053,0.2281393045440868,-0.042529881686139415,0.0,0.01083907150950379,-0.002074557768984216,0.00045886891499607205,0.000968537307603006,3.764759584467441e-05,-0.00025244690223700237,7.127061744599951e-05,-2.0704087183652845e-05,-0.00028076027168289733,-0.00015449191465092616,-2.0873704152780116e-05,-0.00012043580507709681,-3.0178120040804968e-05,0.00021648308206642032,0.000134308898919133,-0.00010486509977933832,-3.908972043919936e-05,-2.882104389519759e-05,-2.6224165441548222e-05,-2.5138164517771116e-05,-2.4715597369645787e-05,0.0002070728627755468,0.0008828990495006527,0.3,-484.99759916090215,-1.3539100646129327,0.2946202318818365,0.6437899457549463,0.25033493033761545,0.3543936505302199,0.5645203498926392,0.21232636774497493,-0.12584104984821565,0.05633616037609635,0.21414242142196294,-0.0446201356650171,-0.3691494881205895,-0.5058544309922777,-0.411911779236096,0.059954479848999036,0.06497646190229922,0.014274445503044575,0.007796719281552455,0.0056117208188108956,0.004859170305856253,0.00016240653717145378,0.005275077213635805,0.6,-865.564444904921,-1.7589633878312725,0.4115903110666039,0.0021323153072358987,-1.1363899900942729,-0.4258074462720245,0.6603415221557967,0.08764780589460486,-0.9507631105429653,-0.8745776068343183,-0.3268978679238437,-0.02051020294504724,0.3781316581998127,0.5050081447237105,-0.2657523521791028,-0.8851451094915852,-0.26320843570321983,-0.20113205569645487,-0.18749637643852068,-0.18197059696863427,-0.17985209988594253,0.00011932985053896628,0.002113489182846372,0.8,-698.0821006739734,-0.7355454641181183,-0.8347835416946126,-0.2271723802544585,0.11900834579724773,-0.34164235570182205,-0.4406656857552278,0.4578656066540141,1.0140045226990573,0.3124793867373796,-0.4068096757868638,-0.02497795380882728,0.4935736543315308,0.04717165986102145,-0.581208440968151,-0.3137606678722236,-0.13907048294775848,-0.1338456880360379,-0.12385928588266992,-0.11870595683376985,-0.11646553813202233,2
2022-06-08 16:39:18.475446500,-0.0011267086137318062,0.005497510931729118,0.0019251534869910566,-0.00021184936565621216,0.00027135458298348567,0.00018626969273046108,0,0,0,1,0,283.027,-11.891257825165686,-21.042614963625013,-16.961079593250798,1074.9759332853382,0.3748572334097016,0.2154481904800878,0.11375534836035996,0.12743062058551505,0.0023622918074989807,0.0033669016096604947,0.01995542313724877,0.002736023951559575,0.0009139993847107867,0.003788278496558967,-0.0003553226058093572,0.0003833923360566038,-8.107727005603629e-05,282.89475312500167,-11.958110439368214,-21.32946553060569,-17.082393606650825,2404.453395992055,0.6063854681859397,0.08445505238464872,-0.005857800546752656,0.02907033787265535,0.0018689870550830086,-0.0014732664306005975,0.013087374551740328,0.005436427173295266,0.002742479419330474,0.006429780996392062,0.0002229678710717197,0.00023697120975561573,0.00025977962171090094,0.9173975922936995,0.14528080603205396,0.16448498505910794,0.19045574052536968,1248.7762429563898,0.21566252109899128,0.12461525567411427,0.11345896052610477,0.09320963136267804,0.0006580093114116673,0.004882586463166186,0.005933463041168997,0,0,0,1,0,0,0,0,0,0,1,1,0,0,0.1495964443825899,-1.4179118105337858,1.5,-0.19703269465295845,0.006644157171432515,0.006646633329687037,0.006650918414569784,0.00665727159834559,0.0066661051614553815,0.006678049226290686,0.006694064325652482,0.006715642535063054,0.006745185299639039,0.006786765486285295,0.0068478213146801045,0.006943468110050123,0.007109729549679375,0.007449123600807762,0.007774054474019045,0.004086225026252745,0.003088328617975971,0.002835462658177852,0.002716941402740836,0.002666133671143328,0.05410480707859592,-0.5226562788893401,0.0,0.27884518748189835,-0.005037393348375344,-0.005038277121176936,-0.005039806431462204,-0.005042073590553822,-0.005045225342311773,-0.005049485733199995,-0.005055195769435922,-0.005062884012124147,-0.00507339859951881,-0.005088172366424835,-0.005109811655660454,-0.0051436177002321965,-0.005202608956868737,-0.0053307361525997115,-0.00561028211738415,-0.004504294085825768,-0.003843057628183504,-0.0035760539561771327,-0.003438722203854436,-0.003378384932873402,0.030267831107250318,-0.1970649183651922,0.0,0.2327943778643808,-0.0034042857195983045,-0.0034049763451387068,-0.0034061701352952477,-0.003407936792485168,-0.0034103863332457275,-0.0034136849314311303,-0.0034180815117346146,-0.0034239528086013986,-0.003431881328662079,-0.0034427925419466595,-0.003458190132495361,-0.003480451472373006,-0.0035117786161905327,-0.0035242465053219227,-0.0026426352033974785,0.0006841838566666512,0.0005314348334459587,0.00038938828225130567,0.00033279297938513825,0.0003119369596728868,0.044340759309167935,0.19537659481372835,1.6,-0.0085927896074467,-0.00014944297178234324,-0.00014954176653228122,-0.00014971234543584484,-0.00014996434323204006,-0.00015031292575513408,-0.0001507809273652773,-0.00015140244934152978,-0.0001522290113346468,-0.00015334042535763997,-0.00015486490078773046,-0.0001570180944042865,-0.00016018087115883496,-0.00016501980194141353,-0.00017168151666424443,-0.00014562350019472692,-1.0982382350659798e-05,-2.4287490104162257e-05,-3.5483827000184505e-05,-4.0812610470926985e-05,-4.301428623212068e-05,0.028980356520453974,0.1919134372696392,0.0,0.009787056908536129,0.00012678435099629042,0.00012678866947448523,0.00012679612023972896,0.00012680711698843754,0.0001268223154397717,0.0001268427155324121,0.00012686984494234883,0.00012690610583619705,0.0001269554893310114,0.00012702524447808845,0.00012713052768531874,0.0001273109618006954,0.00012771269098856735,0.00012917073794819242,0.0001357100785736626,0.00011237059644887805,9.193272924813898e-05,8.32461776585575e-05,7.89304777717164e-05,7.707886906278186e-05,0.01204262017462738,-0.15869446630785347,0.0,0.011921255974687187,-9.792659000060298e-05,-9.794031288429478e-05,-9.796414145268752e-05,-9.79996585533131e-05,-9.804941622817475e-05,-9.811738845360814e-05,-9.820978427632626e-05,-9.833656168214283e-05,-9.851442189153398e-05,-9.877325480636977e-05,-9.917172612361015e-05,-9.984175346055516e-05,-0.00010114957658807826,-0.00010444761348017024,-0.00011086315042500402,-6.744835597431622e-05,-4.757822981425221e-05,-4.064573958969289e-05,-3.724871402246191e-05,-3.578106786090486e-05,4.261583729780067e-06,0.0003365888152193757,1.6,-484.5741851834039,-0.0651688437738045,-0.06499160209173738,-0.06468505064655261,-0.06423095154779901,-0.06360036810631797,-0.06274923763785978,-0.0616107333823166,-0.06008176233005536,-0.05799796578699379,-0.05508429255191949,-0.05084818312770345,-0.04431811235856742,-0.03326806617942424,-0.010987838011716988,0.05019021414136482,0.05725756726342724,0.02987333341067888,0.023028073688522003,0.02045469439265446,0.019498674127684582,6.584369468375057e-05,0.008483846761068305,2.0,-862.7476246112476,-0.4035790519255471,-0.4037963543199368,-0.4041723018638948,-0.4047294621900761,-0.40550371665857204,-0.4065498748299987,-0.4079514451657289,-0.4098381203944825,-0.4124187165621223,-0.4160479117662952,-0.4213755652851461,-0.4297296743488523,-0.44429931980167936,-0.47438750112034,-0.5176005239265429,-0.29123609949038354,-0.23321106934824345,-0.22515786955573525,-0.2227134115676428,-0.22186144079025194,1.6131207172019074e-05,-0.0048975376984053956,1.6,-696.649305307536,0.09894814754616732,0.0991368460713602,0.0994628611668844,0.0999449837018176,0.10061291284154804,0.10151163882789403,0.10270895372927667,0.10430863338041264,0.10647468582860853,0.1094791217122406,0.11380561085811358,0.12040911684453805,0.1315426771221695,0.15488026946920996,0.23522234547218804,0.26854379879726764,0.2123629481846745,0.18939546772512728,0.17809671864899812,0.17320983689096536,2
2022-06-08 16:39:21.225446500,0.0010844000442780998,0.0047931788175019354,-0.000182022364288705,-0.00021358662082919454,0.0002911653188426205,0.00012625880989773183,0,0,0,1,0,283.027,-11.924021577922002,-21.06660633138826,-16.951322587362164,1377.8505374490226,0.4273447337115415,0.18515052818063146,0.08657471208450852,0.10493401581963464,0.002314268173445873,0.002362351150051529,0.01850200120609357,0.002705327724688762,0.0010101705222536725,0.003815058471527717,-0.00035685119708620076,0.00038501611736438846,-7.912551485484232e-05,282.9516885416685,-11.95477164751258,-21.32377882365698,-17.080357027310807,2361.395973815905,0.5989198015186102,0.08873758365523995,-0.001982990913606091,0.032275480363196975,0.001887476047466328,-0.001318616638418292,0.013332882052245813,0.005442238544744128,0.002803022303749132,0.0064111260558814935,0.00022112622531701264,0.00023528119454270863,0.00026104690137359953,0.8416159167020645,0.14353695389212542,0.16887779697507435,0.19056379225024012,1238.2161542727051,0.2138810720413188,0.12351518387172827,0.11249015230646847,0.09239783404845732,0.0006516627212208186,0.004840480100588578,0.0058791341830105,0,0,0,1,0,0,0,0,0,0,1,1,0,0,0.1594809711812907,0.4097310472510565,1.5,-0.11892098928176788,-0.003878728107987636,-0.0038779706414406624,-0.0038766538813949725,-0.0038746877742685186,-0.003871926607887514,-0.0038681424217888827,-0.003862977026278412,-0.0038558522921295626,-0.0038457923116676025,-0.0038310416524946,-0.003808155276795603,-0.003769502778624936,-0.0036949886612696564,-0.003517466716074564,-0.0030687892123515965,-0.003720543773581912,-0.004009912644438449,-0.004032063844782512,-0.0040301201617645435,-0.004027550233042325,0.007883648977258031,0.10359897403948892,0.0,0.25136257503703024,0.0016184828517080418,0.0016184964611103171,0.0016185136326604052,0.0016185241134296679,0.0016185086769496641,0.0016184315763393493,0.0016182250086056364,0.0016177555624723242,0.0016167466475192427,0.0016145823572192904,0.0016097491895455983,0.0015979672652156511,0.0015642913420256025,0.0014359597830650586,0.000741830229482876,0.0006558123712172683,0.0012327319546196393,0.0013916366878639905,0.0014481538334165053,0.001468583552577272,0.10938675938314874,0.3566123796908036,0.0,0.15136296029720764,0.0039549684459111644,0.00395441900363408,0.003953463634130367,0.003952036586959737,0.003950031375568456,0.003947281193430338,0.003943523499755085,0.0039383336258237926,0.0039309927117215935,0.0039202030088798644,0.0039034054219554454,0.003874894123698993,0.0038194944459673595,0.003685628210452207,0.003333720584364618,0.003806089245846778,0.004037298160727443,0.0040587886287845884,0.0040592353488206265,0.004058035028933916,0.0001914894309039576,-0.001051431734462576,1.8,-0.00857835531747644,2.305712445346505e-06,2.279127043081672e-06,2.232930479526126e-06,2.16399605490014e-06,2.0672710466094384e-06,1.9348641108578317e-06,1.754401951865534e-06,1.5059640825708625e-06,1.1560219834046398e-06,6.444637903686343e-07,-1.4625281255286953e-07,-1.475422629062953e-06,-4.022325255085517e-06,-1.0029539971626653e-05,-2.46064095971404e-05,-1.1649744897237015e-06,8.007178249040289e-06,8.422695620159246e-06,8.199934640211207e-06,8.04902069130587e-06,0.0028933323068697746,-0.07563174387278647,0.0,0.010447340667845716,-3.667876535128241e-05,-3.668232917458333e-05,-3.668847102226763e-05,-3.669751727223376e-05,-3.670997546068261e-05,-3.672659583518745e-05,-3.674846858049669e-05,-3.677717367533539e-05,-3.6815001240808724e-05,-3.686522318581252e-05,-3.693213259904312e-05,-3.701887231788445e-05,-3.7108263440488504e-05,-3.697483147296671e-05,-3.375392882389505e-05,-2.9474898695446876e-05,-3.2643154618339785e-05,-3.3890463560499295e-05,-3.4403484278105385e-05,-3.460140564230458e-05,0.025565514282699632,0.1929311351014733,0.0,0.009658905735168692,0.00011095974596536944,0.00011095733118899612,0.00011095308309261853,0.00011094662272853508,0.00011093731705912675,0.00011092413319829229,0.00011090536144659396,0.00011087806492816921,0.00011083690933950283,0.00011077143983947285,0.0001106589431228622,0.00011044243951551919,0.00010994507104204768,0.00010840292296395877,0.00010162583450219324,0.00010275526643534524,0.00010819266483581923,0.00010955956709856178,0.00011002468149374,0.00011018828001980591,1.4022034438631546e-05,-0.0036991413264664224,2.0,-486.31311665937744,0.10675653035436028,0.1065940764553659,0.10631229510744332,0.10589301675596374,0.10530709972037756,0.10450950585114073,0.10343059628828044,0.1019602731139777,0.09991752003900344,0.09698745148904386,0.09257776927544016,0.08544400171307663,0.07249914118223266,0.04384142619916176,-0.029098661341144805,0.05051025449042434,0.10243130069666327,0.1127373873401023,0.1161885496758064,0.11740223979937793,2.8659965412746173e-07,-1.7376123311790593e-05,1.7,-862.5286842683219,-0.01227623394399302,-0.012318413254732263,-0.012391838139109268,-0.012501700015874915,-0.012656416475770982,-0.012869186205762162,-0.013160787455994694,-0.013564782631533491,-0.01413773818311981,-0.014980813881948054,-0.016289872228952618,-0.0184865304939752,-0.02261079927798804,-0.03145888555415155,-0.03896570000861388,0.033918731761062304,0.035564293284771516,0.02902907141167965,0.02507708136070974,0.023288716339235016,1.614156432890907e-06,0.0008794901944330048,1.5,-695.9352457223222,-0.0537513067653066,-0.053652736329809166,-0.053481997526667165,-0.05322848152090387,-0.05287523748881995,-0.05239619473993429,-0.05175126973020383,-0.05087747413278265,-0.04967183910867945,-0.047955971105366764,-0.045394219117868666,-0.04127417381413423,-0.03376977933745628,-0.01645497986915956,0.03851202474365678,0.01747012095913192,-0.022814399115141267,-0.033703418009677584,-0.03802641783797611,-0.03971402789563072,2
2022-06-08 16:39:23.975446500,0.0035024324180340074,0.00404861046065696,-0.002044495797729609,-0.00021115485898150045,0.00030990759604754384,6.63288621304585e-05,0,0,0,1,0,283.027,-11.938493009809699,-21.19040334898787,-17.311693304110886,1680.7251416127067,0.4809846191794331,0.15826692560358896,0.05911060740106702,0.08093676482737587,0.002327649295224724,0.0014796821560241196,0.01629318515351074,0.0027351008751309107,0.0010758515981658405,0.0037965518115977686,-0.0003581314688039268,0.00038733198122148566,-7.74414547080928e-05,283.0170625000019,-11.954964328652036,-21.3227679376804,-17.083018204650042,2327.294648799461,0.5930415872628162,0.0921721572668733,0.0011168778101005787,0.034798627365516775,0.001911102464314318,-0.0011885909934092461,0.013524843613522434,0.005429168950651838,0.0028361612922125287,0.006423798985053587,0.00021982948965191718,0.00023377975029705537,0.0002614385567140917,0.7205815793473631,0.14290710717898514,0.1687174635367028,0.1930144852520771,1228.3203104419965,0.21219381498870565,0.12249446043491187,0.1116067624192404,0.09163554790781704,0.0006503809191948672,0.0048072380340516575,0.0058158304743974355,0,0,0,1,0,0,0,0,0,0,1,1,0,0,1.3430727605000663,0.7796962210957267,0.1,-0.030217536455726262,-0.003809596443357085,-0.003809739408792252,-0.003809994158426139,-0.003810388880173422,-0.0038109711873923102,-0.003811819687426157,-0.0038130658325557045,-0.003814936800929771,-0.0038178447149329023,-0.0038225872634667173,-0.003830847755484741,-0.003846635155371,-0.003881486006776893,-0.003982522029836217,-0.004456471613607627,-0.004694070846516355,-0.004333914558000088,-0.004196714905753841,-0.004133839288709224,-0.004107812943618465,0.013317823491444673,0.12310706269836767,0.0,0.21748641053521944,0.0018791300532556914,0.0018749183566126942,0.001867626650760481,0.0018568082065254356,0.0018417508314221079,0.001821362613527833,0.0017939719107027306,0.0017569668016267925,0.0017061098689668244,0.0016341348577973624,0.0015275632770993036,0.0013583704981139524,0.0010570764607662673,0.0003966632775595416,-0.001296548814908407,0.0006873068714528443,0.0019786441803172888,0.002231288142187792,0.002309459963123977,0.002335010849036135,0.487838976882723,0.5644464156237002,0.0,0.0628536518812637,0.0042363880915364865,0.004236151409861463,0.004235729387837745,0.004235074929416461,0.004234108610213949,0.004232699614280204,0.004230629896515551,0.00422752423242123,0.004222705474511639,0.0042148704557923525,0.004201282283285096,0.004175420675852117,0.004118231831992586,0.003948464418555304,0.003116374353559485,0.0027627561984000532,0.0034507784600206217,0.003699296881791501,0.0038060951823654134,0.0038485714332088376,0.00043331958096450983,-0.0006805441715111313,1.2,-0.008708857215911314,9.106735145347853e-06,9.117456870577287e-06,9.135826173661454e-06,9.162625039615393e-06,9.199008591808896e-06,9.24654680571369e-06,9.307218822506404e-06,9.383211597838223e-06,9.476051123301407e-06,9.583475094953903e-06,9.688100589340207e-06,9.711883361292945e-06,9.292418930732029e-06,6.248175567851962e-06,-1.7056680253271787e-05,-2.9076223757674293e-05,-8.608667654794416e-06,-2.2684391799792612e-06,9.952155628358103e-08,9.77031495023333e-07,0.0027323515559547307,-0.07297636968218245,0.0,0.01126957051042005,-3.819464246379361e-05,-3.820257501667944e-05,-3.821629796042564e-05,-3.8236632312803006e-05,-3.8264879866626814e-05,-3.830302010594789e-05,-3.835404668879822e-05,-3.842255263556099e-05,-3.851578361828038e-05,-3.864561622117464e-05,-3.883241906947653e-05,-3.9112486448460134e-05,-3.9546820903570926e-05,-4.012310270985417e-05,-3.8005712336466695e-05,-3.0294559006885528e-05,-3.290805115608653e-05,-3.4258410595623565e-05,-3.4851470041343164e-05,-3.508734709051688e-05,0.04492859236577418,0.2481418341085352,0.0,0.007189343795772853,0.00011263159021780276,0.00011263195914535903,0.00011263257021781741,0.00011263341191428869,0.00011263445327347715,0.00011263561931757464,0.00011263673755853491,0.00011263741624375112,0.00011263674870538615,0.00011263252953112431,0.00011261891249436418,0.00011257813967043286,0.00011244331644898577,0.00011185883983331255,0.00010824767289294206,0.00010723788612550025,0.00011040111346546611,0.00011132210386731414,0.0001116519131954814,0.00011177069252318144,9.255787360382992e-05,-0.002950661795104434,1.3,-488.80942498334633,-0.19163432423279406,0.3472477586713083,0.5542704876925555,0.2664495834118981,-0.09861628765646913,-0.08718571429018596,0.2290870480560052,0.3780711505291716,0.1294012309621788,-0.1846802991410748,-0.10285215456514507,0.33072424357941804,0.5707775355870108,0.2355980253440215,-0.3645829517402833,-0.09642864377247662,-0.001696404700785692,0.021153850697709583,0.031363523069613215,0.03553731647879976,3.660985478662304e-05,-0.001766776964917473,0.3,-864.2370877164442,-0.9414279504834441,0.1541856984505472,0.5388853893241787,0.07809521493926752,-0.3186101355545006,-0.08187326037625553,0.3368980657391063,0.3168701044303006,-0.0005605713278953316,-0.05662831336514529,0.20920123423837467,0.3289665216512709,0.0913193359047817,-0.15168870050909788,-0.01336317616457805,0.11080943263669953,0.07160617113427747,0.0649456419015344,0.06309084387547338,0.06252019024132771,0.00022617315777278662,-0.004118564754466978,0.8,-697.0070492281212,-1.3174868266777937,-0.220475033531649,-0.13614688123513474,-0.9412529056663744,-1.1686887717578431,-0.12717211622171476,1.1515006317391323,1.3661254575873372,0.5880657641195484,-0.10892917974361893,-0.16521648624478402,0.04263757472270946,0.11181684076750288,0.17613381390845007,0.3587874533697217,0.1515956531882523,0.1125012982666984,0.10385406768556572,0.09948775986276637,0.09758905586192457,2
2022-06-08 16:39:26.725446500,-0.0010452894776445012,0.0038761911414690728,-0.001539876155181972,-0.00019409654924458736,0.00032451983873019256,-2.3241985392257512e-06,0,0,0,1,0,283.027,-12.21372485835779,-21.437127192290074,-17.21425495589212,3472.788104392077,0.792164791657763,-0.021275039086718663,-0.10051168537698033,-0.0517759190768702,0.0018957931908814504,-0.005311725875222696,0.007617178145548426,0.0027241891840182448,0.0010840262329607122,0.0038050026529445674,-0.00035819012410326785,0.0003889193570560301,-7.716839823123647e-05,283.07505312500183,-11.956058676184645,-21.32496443653334,-17.08700678047545,2329.0698563656233,0.5933814657413776,0.09204485621641187,0.0009715117154972529,0.034655558333636136,0.0019175274669531606,-0.0011978076915629954,0.013539041126296449,0.005429818927336477,0.0028505837069508727,0.00644455698367445,0.0002194571487171344,0.00023276516090389585,0.00026121199703899863,0.6064889938802797,0.14398661005607466,0.1691504999295792,0.1928938542045102,1222.293623261,0.2111698315455269,0.12185659381870458,0.1110590680485577,0.0911963446159597,0.000646758669984399,0.004783552575994456,0.00578117984013881,0,0,0,1,0,0,0,0,0,0,1,1,0,0,1.5486612969311642,0.6161741559566597,0.0,0.022937642426038005,-0.030101039797198182,-0.011096815845776122,0.0013522231121237812,0.00019141397267089487,-0.006767848665259507,-0.008013122978969745,-0.0018748858572375192,0.0032830212625927346,0.0008256123384893705,-0.005783332202216131,-0.007762780601874173,-0.00200028721273398,0.005461228022398531,0.00680813906592141,0.0008513441680558223,-0.0012730955167077867,-0.001432682427680802,-0.0016963821276412946,-0.0018454092577010661,-0.0019126998739433828,0.21190575631858216,0.13750549775408982,0.0,0.1655815794621924,-0.008504592882866216,0.005275195227532073,0.0108631864521614,0.005301682365611311,-0.0005202620333803459,0.0025285840369891344,0.009576463542063395,0.00909874726124759,-0.000374319421881192,-0.007115784508832914,-0.0014687789164638592,0.010522931355747894,0.013649542766434528,0.002439280887383634,-0.010360059091319169,-0.0021295073685988638,-0.0002827666842567418,0.0001859756794356962,0.00040505655715422547,0.0004965644794163653,2.298558099208308,0.7655331957646676,0.1,0.0027170451236541637,0.024653622726718786,0.006560553473116707,-0.007087849216893693,-0.006306671703730009,0.006255065056142196,0.01780410004822324,0.016628271387886386,0.002329653645109164,-0.013907985559945187,-0.01916326928197301,-0.009830319325720644,0.005894453986566847,0.015765910602661082,0.013871287443154776,0.0041056553428538214,0.001143785934769312,0.0016867024443421954,0.0018554012215164235,0.0019299394613733066,0.001959346571693968,0.003477650150174036,0.010792985183678482,0.1,-0.00882541917905885,2.9767017884091877e-05,2.956863113376406e-05,2.922570086845379e-05,2.8718147118018677e-05,2.801414729535672e-05,2.7065306072830603e-05,2.579830454725287e-05,2.410006841488337e-05,2.1790050456451103e-05,1.8564479448203385e-05,1.3872106774966991e-05,6.593258902471722e-06,-5.998014571363599e-06,-3.2950004723235706e-05,-0.00010871987386550216,-6.191523126718932e-05,-5.903459392457669e-06,8.453399716329351e-06,1.3973004937796206e-05,1.607892846349017e-05,0.002490412139605393,-0.06476315434554296,0.0,0.012088767912093094,-4.273104654048507e-05,-4.270689118236878e-05,-4.2664954398709785e-05,-4.2602468901356955e-05,-4.251499273747155e-05,-4.239565729343634e-05,-4.2233845446479244e-05,-4.201280500182661e-05,-4.170512864762343e-05,-4.126360281796529e-05,-4.060091088466339e-05,-3.9538115568946e-05,-3.763941983410689e-05,-3.337793141135344e-05,-1.7938636707364136e-05,-1.556603898259407e-05,-2.9483679584252064e-05,-3.520042156091109e-05,-3.789212002693641e-05,-3.9006751609297165e-05,0.09570642348949318,0.3486328018158219,0.0,0.004713380690375501,0.00010790494706552011,0.0001079162508772232,0.00010793569981897763,0.00010796427092124724,0.00010800346749730098,0.0001080554764612535,0.00010812340067417226,0.00010821157580382553,0.00010832592132714354,0.0001084739917932988,0.00010866311506329564,0.00010888879701409596,0.00010907128459554173,0.00010869871308023136,0.0001069020708500995,0.00012201268507871447,0.00012646663092870882,0.00012634976925953795,0.0001258653967432621,0.00012557571576064843,0.00021121346987873715,-0.006629076634949937,1.4,-490.8645352259401,0.3616158152327955,-0.5205370240350788,0.2827551502308623,0.3258788269034554,-0.12332796020855595,-0.4970549598139691,-0.43490812521163136,0.4110346310067108,0.43177513125936784,0.4347006620525242,-0.5994088293929156,0.049505433155562,-0.3131127431578946,1.019740914151594,-0.1641282732676732,0.28047356851755545,0.2722191486419661,0.26865427497235217,0.26622899713959924,0.2650913587740418,6.46826198676364e-05,-0.0046642100832906975,0.3,-867.9695163688931,-0.9398534919753416,-0.15813707626246298,0.6559408286175739,0.013242990808890907,0.3894205164536402,0.5115053683810302,0.5796132158307188,-0.03864963758085693,-0.5064974365998758,-0.28974005704835193,0.2168745525368223,0.20628548309495187,0.17908275838421514,0.38476823256690906,0.3262562681758681,0.31582350280703864,0.23237457436311004,0.21403841403915536,0.2058073394324964,0.2024322672454568,0.00021046499506359012,-0.0035111130722754102,0.5,-699.3978681315045,-0.7387064704472266,0.16274018953875213,0.7443552594664169,-0.4198537511672384,1.5343595296967862,-1.1500879670961126,-0.20910728118344224,0.7103433998829374,-0.9089675728905604,0.4548625778378224,0.046609727923067716,0.5787153254134818,0.28632323004475607,0.04878853190420784,0.5149190396521206,0.05562568485580144,0.05008597246871105,0.036108936277638996,0.02795063931337793,0.024214892595772586,2
2022-06-08 16:39:29.475446500,0.001981849400961767,0.002372009500849345,0.0009175456218693242,-0.0004214603755890964,0.00021017959247729293,8.628318091476158e-05,0,0,0,1,0,283.027,-12.279060035562404,-21.07945243796733,-17.038723963455865,4263.301256975478,0.9266013104241446,-0.102661373528573,-0.17261727475226002,-0.11196238934646148,0.0017181792728787385,-0.008405372825935174,0.004692953312091865,0.002722380797622193,0.0011047848941459946,0.003668204061555642,-0.0003606206655173588,0.0003913579159115016,-8.01821388456124e-05,283.1235552083353,-11.960389161780903,-21.32959372981073,-17.087197361277674,2318.1173238205506,0.5915310756613601,0.0931512242335985,0.002021086126671809,0.03548187424368828,0.0019359769333166007,-0.0011494262392462466,0.013607170363648287,0.005438136652614124,0.002827426358743705,0.006357378792444078,0.0002186402911480301,0.0002320459878607065,0.0002555659128539647,0.4829693509857401,0.14401234724711118,0.17060118536064425,0.19025697756525015,1224.341422229641,0.21155870247368952,0.12202661164581835,0.11120375478943344,0.0913644218372972,0.0006323663529556745,0.004788789437722172,0.005774663762003763,0,0,0,1,0,0,0,0,0,0,1,1,0,0,1.074532535532111,-1.257039043841249,0.0,0.05727377789617515,-0.016163321793015745,-0.003504897952593789,-0.004744668598106209,0.0052589878013753035,-8.90674370858241e-05,0.0013569198200906955,0.00020334785992572307,0.0056959923520821356,-0.01662028185232631,-0.00527483313384285,0.0012238579975821274,0.021097972850302613,-0.007767661257302778,-0.006829073437332642,-0.0012701064077494672,-0.0015854027354737605,-0.0017841232709887391,-0.0017636021588860824,-0.0017280823774845572,-0.0017086106639923211,0.3819100938176092,0.19393524168508347,0.0,0.12077534297164345,0.009933552984609708,-0.004306951240593411,0.0023309533961165647,0.0035444821988980107,0.0072082187935388516,0.0043102087218928435,0.007169524334738714,-0.0012869674396714346,-0.0010828096364027741,0.00935284730815018,-0.0036298528809822405,0.0076894285479991486,-0.01080863689902485,0.01804190930558132,-0.012059626196784372,0.0014618946396347731,0.001232988317855723,0.0013752463544897033,0.0014611840339584085,0.0015003869899457062,2.286444346516489,1.5471766615845806,0.1,-0.03356301372349256,0.016135747404506583,0.008207415491761091,0.009654460591103352,0.003227768062802195,0.013248732798048907,-0.015355256605671348,0.015380061597405513,-0.016532259628412097,0.008989776827654037,0.0064923681747320345,-0.02165451499889025,0.012189763772852623,-0.014377786366030825,0.00868494072660898,0.0057133820199523405,-0.00047245180186842976,-0.00010132665632099808,9.219418056993431e-05,0.00017882338599192185,0.0002154818039777443,0.08781611606526131,-0.2098616766569353,1.3,-0.010119097808446728,-0.0007617203045179018,-0.00013205368181990626,6.598584592304132e-05,-0.00013562276222092286,-0.00021567243148793908,-1.6462740726869994e-05,0.00017998007026328878,0.00020683500708069768,0.0001586156474518367,0.00012573656734622194,0.0001563468598152423,0.0003086759963173709,0.0004411396975968998,0.00023022588230196884,-0.0002432246114187101,-9.693145519742866e-06,6.697394476211233e-05,8.284123613495816e-05,8.921103570518155e-05,9.167021861877393e-05,0.06476050347961576,0.024158567213282127,0.0,0.012868258864570336,2.183181414881514e-05,8.98115346701393e-05,-0.00014976498466587275,-0.0004042841092943932,-0.00029895881229839515,-7.5254914668526e-05,-0.00020717611633769384,-0.0005384653162141073,-0.0004564048119074923,0.00012069728759577051,0.0005555427034182901,0.0004031864084620311,-1.4648105922369265e-05,-0.00015763552771205167,1.9904041741081624e-05,7.827191620960535e-05,7.308147223061189e-05,7.159310425762348e-05,7.108394999936566e-05,7.093563867421601e-05,0.4074725944097077,0.21030514062042735,0.0,0.0032524567840318337,0.0007457106884524862,6.881170909822125e-05,-0.00022033362080113545,-6.077488728781439e-05,0.00014252919883295468,0.00022370839823398242,0.0002960134433969305,0.00032130562919161133,0.00015903696312524518,-6.494097760879068e-05,-9.18222851119366e-05,3.3568159259738834e-05,5.3330128695224575e-05,-5.038692329582893e-05,-7.184813918983328e-05,2.718776437379535e-05,5.128931595055929e-05,5.8000762732174864e-05,6.079968759334247e-05,6.191303406622119e-05,0.00047662933651907737,-0.0063109162842673846,1.0,-493.0524145195079,0.2272889255857251,0.662722070067602,-1.2888021580288935,-0.8559763667712588,-0.1019554728885126,0.9062236295285864,-1.031868588152097,0.5492674156773738,0.6338361318814183,1.2573780485572552,-0.3426082417309395,0.4019948829011977,0.7984569540250135,-0.2837733498232762,-0.5094645021449455,0.2316895441412328,0.18246748113119796,0.17337395343843556,0.16998620343375492,0.16869681624308752,0.0001488269438983386,-0.0015905395766573267,0.7,-872.3288413743128,1.3044852907053723,1.1170871557716566,0.19364240304605573,-0.5145636347888001,0.15790090141471325,0.6274352193459904,1.7707059508014709,0.18352285610841435,0.9279571527977204,0.12087825317457045,0.10451338001605136,0.008921696501190013,-0.2785273264660617,-0.3268876972045085,0.04756169832943158,-0.13312563814088918,-0.1186739902051528,-0.10867825371684957,-0.10193800260006293,-0.09871297325826324,0.00038611846734240096,-0.0017522482554832449,0.1,-699.690521856221,2.572447150282599,-0.5232974356954827,0.01316624971661895,-0.09979740343269584,-0.9939337773759503,1.5219982981746227,-0.8838136889859882,0.3848315322294482,0.8393654697540214,-1.1596342180929042,-0.026479386268103863,0.6880554741554619,-0.3781036896268457,-0.3918164470039507,0.5189951489917348,0.05157799205008473,0.09776339368680098,0.10589197294107322,0.10938728337790772,0.11079681199303336,2
2022-06-08 16:39:32.225446500,0.002450796630423576,0.0032379526113800483,-0.0008575009434338265,-6.909651265114849e-05,-3.365889784992116e-05,-3.0257018642107282e-05,0,0,0,1,0,283.027,-12.098814893028575,-21.336441983370182,-17.047643580963836,2961.370971715071,0.7028117751078236,0.028339699105539462,-0.055166973455901394,-0.012775427028890786,0.0018820515783850933,-0.003412568481144621,0.010490466229287315,0.0027375888437291625,0.001117348859268939,0.0036742440563641006,-0.0003652626355995701,0.0003916143932326149,-8.813077026937458e-05,283.1235552083353,-11.965801975908265,-21.330760175805406,-17.085171466755536,2318.384224611952,0.5915872853046654,0.09309763120562177,0.0020492988176922388,0.035457138756822985,0.001947769906920604,-0.0011431731985231362,0.013604036548349022,0.005432053137626886,0.002790013598020744,0.00605280769862586,0.00021659630915689173,0.00023254926931737672,0.00024375962127917524,0.4829693509857398,0.14842175942727462,0.1710372219304174,0.1907970715073319,1225.9252846081458,0.21184728740917966,0.12219437678690727,0.11132487804789992,0.0914633033174678,0.0006340349137311843,0.004792107557167346,0.005784927122758349,0,0,0,1,0,0,0,0,0,0,1,1,0,0,0.7344474527585626,-0.1308539668599759,0.0,0.06643158055474117,0.012489532277737378,0.0047318039113786745,-0.01238713853363412,0.0017865726535004195,0.00044505199502636183,0.004174757684667173,0.001928039426060564,-0.003063427205878003,0.013467536917833344,-0.006846461026293705,-0.008257491376389765,-0.008784482663167566,-0.0006442729353776343,-0.004096759539537788,0.004098606222389163,0.0019139982051113078,0.0005075706713730827,0.0002630921918186876,0.00017065465250481942,0.00013664545463510158,1.020085032908641,0.08325844645085698,0.0,0.08136794903131606,0.017496669207957928,0.017462041388104428,-0.004544979171738982,0.003090467407615883,0.005474543184514559,0.004267696592537461,0.0008832831851626153,-0.011377464558432209,0.015372971558031185,0.012940931618917788,-0.00820316477245395,-0.016913986314291522,0.006466492127941172,0.0012365393871414249,-0.013740770181848064,0.002950803847910451,0.002145064826759869,0.0022264396632087078,0.00228531685649608,0.002314081280047078,1.9257940086266148,0.02840266657964928,1.0,-0.04722100798399514,-0.004194738759869746,-0.0036625451251814257,0.015762211095630183,0.0055116976278348035,-0.018515472395050074,0.014154056791289891,0.0056535282633789615,-0.02664895472163976,0.004713361546689707,0.028448966066552,-0.023619085184730187,-0.003142472760392129,0.010359693401549037,-0.012671475299830872,0.00797987541648403,-0.00025479708146761783,0.00018371446020265482,0.00012039723972323557,7.612851208129931e-05,5.5423524464321474e-05,0.12152324336396635,0.10108461996429807,0.2,-0.01159611048922051,0.0002331503746590669,0.0007232129661536992,0.0006051427131343152,0.00023013752724337314,0.00047299679533225545,-0.0002161615168360324,-0.00018549692968817012,0.00030680820719226003,0.00020214173160367968,-3.678805190665622e-05,-4.3629168793081514e-05,0.0002639622529719824,-0.00017289142307278608,0.0003814133381397701,-0.0006476362291661147,-0.00016908565086903559,-0.00016289050136482252,-0.00016043822924241167,-0.00015913443339824778,-0.00015858864165946022,0.16961236924749362,0.2184105829726344,0.0,0.012549130223697441,-0.0004912257986945021,6.922854824789409e-05,-0.00010658827784237792,-0.0013075813545384545,-0.0001166316096066944,0.00020698438419812745,-5.8913147190504214e-05,-0.0006226265944742068,0.0005108820110375346,-0.0007372854029099787,0.0003025328716214953,-0.000170887191601921,0.00024638318364816783,0.00031273477345625873,0.00029357296416833087,0.00035140202087750416,0.0003113426655386388,0.00029327328822158905,0.00028495609158680476,0.00028148273897513347,0.5654830102556013,0.3891817053286416,0.0,0.002380820602975237,0.0002833444634159536,0.0001145467079413677,-0.00019712890622575026,-0.00013253826375090078,3.63476064840395e-05,-0.00031824107149619333,8.479018030909649e-05,0.00015770732968436204,-8.843460051476652e-05,0.0002612039410270561,-0.00018018724019393533,0.0001533465984469241,0.00029483312328918977,0.000248987209708217,-0.00014200788025471367,5.167607976461781e-05,7.309213596481414e-05,7.711445771101019e-05,7.846982410408075e-05,7.891577357873346e-05,0.00042001308635896816,0.006748291862638364,0.5,-496.12846494770906,-0.7823266733794156,-0.2275332163222004,-0.05188406471206264,-0.4297845586222948,1.6433569417967462,-0.2628905769427483,-1.1728281561607972,0.4819971565367141,-0.5241730832755458,-0.5901600786900971,0.29494854404224924,0.6171515514716912,-0.4848289733358833,-0.6667943749128558,-0.8015309312170533,0.0137060316018065,-0.0573003065947546,-0.0739284805849838,-0.07982877203304461,-0.08200081500829448,0.00024616682975984707,0.000910968398515798,0.1,-875.359255376142,2.3075515072879966,-0.14743943911946644,0.6251783477474362,-0.5663181053958084,-0.19712939409910035,-1.1403843228143202,1.5657056071898836,-0.597787108179471,-1.2394004483547043,0.7780967584334881,0.06669857498298626,-0.997903056110907,-0.158790432465846,0.0623909699669305,0.5237854328117137,-0.006784463610202352,0.009912797763071524,0.003557918331537735,-0.0016183303992534093,-0.00416292190795442,0.00040650751514191384,0.007859861145558814,0.2,-700.0681610621219,0.3350662405062224,1.2992088288656447,-0.5181106710813381,0.24609050884114936,-0.5597682678518368,-1.8787146671727868,-2.3385317460001787,-1.1136462164399,-0.5672405511558019,0.3803364596428267,-0.8246192880770451,-0.916115180380208,0.44496704060308895,-0.08538280422332177,0.2905921515148826,-0.07962957551713146,-0.06541479044473243,-0.06360987846358768,-0.06533706811890205,-0.06652843274593945,2
2022-06-08 16:39:34.975446500,-0.0005489595814671521,0.0015106127653724036,-0.0026493911297610713,2.1568854575705364e-05,-0.0002183198942712021,4.6089828274010886e-05,0,0,0,1,0,283.027,-12.158460966231713,-21.056248825880306,-17.030241063918876,4251.297074592362,0.9242272510006232,-0.1013075290111481,-0.17261225534973051,-0.11064389354920387,0.0014260768191592973,-0.008572701155933959,0.00486500099641849,0.0027637141039972644,0.0011077185825160397,0.0037694469309461054,-0.0003657326319566296,0.0003873979038277076,-8.377062930229889e-05,283.11624479166863,-11.97031411411205,-21.33056619454248,-17.08443420885997,2328.154079231824,0.5932774838804276,0.09210422676036803,0.001200424937744277,0.03471246887356059,0.0019513531064530801,-0.001175469046806378,0.013553546151102044,0.005415066820100246,0.002784733770814845,0.005968182322125285,0.0002153503638715935,0.0002390321672615543,0.0002445614679888401,0.4890221443038281,0.14877286798989398,0.17178875547029485,0.18954504974143035,1228.642292822527,0.21231090456595555,0.12247995217113285,0.11155828034755766,0.0916760630122746,0.0006317513385347724,0.004801854806853447,0.00579647557905111,0,0,0,1,0,0,0,0,0,0,1,1,0,0,1.832843870521431,-1.5635032824043242,0.0,0.03777259271894064,-0.011045544864164076,-0.00857216889650244,-0.0014875715125603876,-0.003483867315265672,0.00369146781127986,0.002675827795117861,0.004243436734031782,-0.021666897581143568,-0.01646098608107208,0.016316221559329106,-0.0048183922781102045,-0.0205655984240664,0.0038690576056249976,0.0018669138950828136,0.01004106964724956,0.0034214045400616433,0.0021757690939960385,0.0016775802903971225,0.0014330289610631536,0.001328462205168735,1.7457491873268185,1.9528124137723888,0.0,0.037438637620878575,-0.004286237217776018,-0.006676444497551263,0.0020854554548019482,-0.006181692879949761,-0.010782104458905071,0.004536454420275389,0.0064011550994513755,-2.6924786083016715e-05,-0.003377608946388733,-0.002026906572231182,-0.011162586407684598,-0.01766102966394085,0.0020890401931575,-0.0146677610395967,-0.0179347077648286,-0.00347315627955688,-0.003332295249108457,-0.003404320099232341,-0.0034136974605482864,-0.0034138080684158853,2.2440475882444293,0.9898187982208524,0.1,-0.015050038575025338,0.016350732830899786,0.00381254435663252,-0.00792660517965444,-0.0007464157349284312,0.003917908077069686,-0.006539583483002416,-0.003515775062633147,-0.009519656362858541,-0.012071073145543476,-0.026666666859543248,-0.020858394022816057,-0.013018931620026007,-0.009914854001846996,-0.014515678213271653,0.00807401419717111,0.0014630963387949885,0.000902414167235551,0.0004972544861739558,0.00030104589129531316,0.00021863771299023856,0.6400887840833221,0.31437372702672106,0.1,-0.008476740801607234,0.003608551390089458,-0.0012041397083833866,-0.0005179096314385269,0.0001366109297188621,-0.0006164458470675879,1.066437332310384e-05,-0.00034224737003410465,0.00044052675071919016,-0.0005942664033201,-0.00022513090256975532,-5.415970720101538e-05,-8.270589864003866e-05,-0.00012545255726584666,7.894387787144106e-05,-0.0006302392604337653,-3.1387302600658197e-06,-8.650829337203403e-05,-9.937035460065259e-05,-0.00010416313676213352,-0.00010600277530622671,0.6490441074583287,0.497519138540839,0.0,0.008156016091915106,-0.002142376292353884,0.0004518431242936502,0.001339886494344052,-0.0015786653325283325,0.0005860470954074621,0.00014516195161073074,0.0003495303462934561,-9.356728974806324e-06,-5.172299152491635e-06,0.0006963260460511071,0.00010539667120221396,0.0001612115366019875,0.0003014909967464431,0.00012687061477495396,0.000259598382356844,0.0003960224894745405,0.0003440025358427949,0.0003316877873094692,0.00032600421590963286,0.00032364297216223967,0.8266126821108533,0.018303269199270455,0.0,0.002263409596358973,-0.00029816765560680475,-0.0002211999264248104,3.907153199105454e-05,2.75386802735533e-05,8.644478516562867e-05,0.00019880575176832937,-0.0003512369098276436,0.00014726791123719824,0.0005528727308291077,5.380427163053118e-06,-0.0004638781990668465,0.00011721740375498845,-0.0002059819744037248,0.00026929631642536625,-0.00029077104239188926,2.782676595490907e-05,2.928295994748376e-05,2.7851438062318013e-05,2.666480213071265e-05,2.609116386371459e-05,0.00039682195199165765,-0.006480608874739499,0.1,-496.77171097416414,1.099599123454098,-1.148596709665874,-0.02114840193671341,-0.043972169112421966,-0.8865296413851027,0.4748031912252024,0.03764048575697743,0.09238429573964703,-0.236213086304824,-1.13476708865168,1.052516075707555,0.10003264734818718,0.4079939547696032,0.8255575508241471,-0.20091244242146544,0.36280105747694336,0.24521443309494015,0.20789314248332147,0.18965267761469207,0.1818253476216936,0.00014187353858657116,0.0037264927100748133,0.6,-875.7012558240242,0.1670044568115827,0.07580166924266507,0.7903322571181519,0.03196103261514338,0.27436589524365473,1.2588685188948148,0.944267651687774,-0.5091007644789372,1.0082636013190047,-1.1369221598094157,0.0006598221427971397,-0.5105715490893896,-0.28084413964207045,-0.9701952853731086,0.016252972723201253,-0.3695193698318136,-0.2464232538205806,-0.2124039246130156,-0.197634444421805,-0.1915222204954108,0.00020955497994329728,0.002205970246402694,0.6,-699.2639304375948,-1.5885948284747542,-1.0734654067988032,0.2431478196433332,0.01075641878657052,0.07544420318291145,0.7643227730649969,-1.0756747600264696,0.07532044395406956,0.5199661409468064,0.5117642717481807,-1.051734730849816,0.05267686040857456,0.034423175355783535,0.2834589414622215,-0.15767461470928626,-0.20738846930830945,-0.131742972797797,-0.11163347372667154,-0.10223867985432733,-0.09833383972973576,2
2022-06-08 16:39:37.725446500,-0.0005564606733407463,0.0003005631044015273,0.000566038950460118,0.00028456734486235276,-5.897443233376436e-05,0.00022582023608332496,0,0,0,1,0,283.027,-11.912392732680035,-21.274396683440667,-16.57150902343411,2822.3653604871038,0.6773885311267565,0.038482838364863284,-0.043789085361868346,0.0007841382933019892,0.0013144472417369185,-0.003416507226707128,0.01220219115471512,0.0028020820389200018,0.0011253313743905904,0.0038247898736441686,-0.0003651255956783584,0.0003826603421984108,-7.899172847418191e-05,283.1024489583353,-11.972774693086887,-21.33342315672635,-17.080087005668315,2360.385864571036,0.5988548230426489,0.08885206177828739,-0.0016957929163345035,0.03234184572016767,0.001936711836727859,-0.0012966471629997428,0.013397752564551587,0.0053893288385627024,0.002775592278568797,0.005919632744150111,0.0002164328783259787,0.0002459597543106589,0.0002461219198945565,0.4809360943176262,0.14912987586222484,0.17247106978800386,0.1925414337836754,1233.4005287217067,0.21314995113337756,0.1229726553898009,0.11195621996265086,0.09200975007646528,0.0006305251076832286,0.00481730634113507,0.005818911109283973,0,0,0,1,0,0,0,0,0,0,1,1,0,0,1.981742450737054,-1.186785078600442,0.0,0.031747945396521315,0.0006611662829147029,0.004552051072283199,0.003742446998967342,-0.004049069913715212,0.005747976432214556,0.0026233521716910227,0.015518357587744244,-0.016471866760236015,0.01291302240174466,-0.008370637972613497,0.006138117137744228,0.007595528680405145,-0.01578084592668582,-0.015282466568405702,0.003626077948890607,-0.0029123475951819897,-0.001835915832403837,-0.0015602616372564961,-0.0014085362469095188,-0.001339042473641607,2.2127150587599123,0.4711574050849392,0.0,0.02345745739849877,0.0029212206335084874,-0.000767446020265464,0.0072028079110864,-0.00862353256694227,0.013604001520539795,-0.0021031798464099783,0.015388876967290225,0.008467252694510275,-0.013539589623816071,0.002505479230541942,0.012205053799995242,0.021781552462172626,-0.013357184925094849,0.001738800468385707,-0.01032769809398119,0.001124991288998802,0.001081465430242829,0.001066928007894213,0.0010557279288797,0.0010513790072522718,2.2339011518739373,-1.216915349811428,1.2,-0.015394357097116873,-0.015887814241197774,0.0063819005223713365,-0.007353382820600581,-0.008274413252228895,0.008822966620340681,0.002297354645426229,-0.003759636555640772,0.002709939023097232,-0.0064347157772774635,-0.010199761912829229,0.003559745817007135,0.014565933180563682,0.00480403449022085,-0.0020603596694092692,0.002698086502521517,0.002563878277909801,0.0010704676202919494,0.0007542429353806822,0.0006132583693669282,0.0005551973901212527,1.211778625602833,0.7419748420723503,0.2,-0.00479078566629969,-0.000928849957639816,0.0013790480428864304,-0.0007610835920687053,0.00034955585432213087,-0.00023060847763507842,-0.0006305513338825247,-0.0005872661084300112,0.00026825941120995803,0.00044233439180895183,-0.0003923803556037097,-0.0005086698015268588,-0.0008673951765550553,-0.0003750647127081145,-0.0008916709486883387,-0.0008027154699731372,-0.00027750335578847633,-0.0003408371946586865,-0.00035036663556900824,-0.0003534639421844569,-0.0003545193168105192,1.3578230011225678,0.3975825974344137,0.0,0.004079081069748525,0.0017478553762468707,0.00010261394343566974,0.0014490748407989995,-0.0012923187872083955,0.0002812358834738594,0.00028699677962616536,0.0006352594634125263,0.0009808800304247352,0.0004951151903521262,0.0005564769259757253,-0.0004909389619880207,0.0004731328121999389,5.781861377895468e-05,-0.00010467604055960992,-1.3368852292777435e-05,0.00014938260270745576,0.00014689911618938892,0.00015371790834995918,0.00015834016162471576,0.0001605436138372364,0.8414841577273461,-1.3007464189195388,0.0,0.0029267708320162155,0.000331149627025854,0.0004204610038126581,9.78075133980354e-05,8.938474121235112e-05,-0.00014639397667831752,6.340248283343918e-05,-0.00036062455163673687,0.0004815728467286918,-0.0003341401731659233,0.00015461967644639585,-0.00038081232040747037,0.000147104204057259,0.000187848068925632,-0.0003928458108674325,-0.0006429318869065323,-0.00013864142668423414,-0.00013736381195798866,-0.00013244450763854384,-0.0001289923250873999,-0.00012738469503407193,0.00046840708197194817,0.0008364953587103017,0.2,-496.59782471063215,0.5743429342007005,1.6937614130271896,0.09266863573731143,1.5609395619094215,0.07735202580020939,-0.9674892557220538,0.4641903105122864,-0.8356415024590245,0.02399643197283652,0.10554273065610076,1.01709352554062,-0.21427303112563226,-0.23517444793330175,-0.1758758903647628,-0.4133037840409024,-0.04514981729775869,-0.04549513126485216,-0.0438189812878349,-0.04253690300340995,-0.04193259675528438,0.0002518377228744644,0.006520150670122115,1.1,-875.5477819674285,-1.6508171372262552,0.642482666414864,-0.2312078813205005,0.043630688716035586,-0.010446773321568514,-0.2633943405870056,-0.7240957356747231,-1.6983777845753636,-1.3695010719584246,1.1353023402292202,1.2187267185887016,0.7354931542879141,-0.08539576308251995,-0.4376070188525496,-0.6488836374610685,-0.6122011091836903,-0.4614034189566958,-0.4191755028253432,-0.39890153841214016,-0.3903392080160923,0.0002156947081413584,0.01065728057231701,0.1,-696.6616809058763,0.7586554719447207,-0.009529526394430832,0.09003324630745624,0.2805483551091328,0.7479814212643063,-0.4948474763697206,-1.0037771573081071,0.4958723507885949,0.34298384702929496,0.06647019343999361,-1.1727736597462552,0.2454407653055597,-1.0516754237627401,0.01055222389237187,-0.8205938964861375,-0.5349559118289804,-0.4823784790514356,-0.4606812411009678,-0.4491355911389352,-0.4440187292899882,2
2022-06-08 16:39:40.475446500,-0.0008191211445383362,0.0006916934329367487,2.661472168759637e-05,0.0002613432446699045,-9.568474113926454e-05,0.00017184023100799662,0,0,0,1,0,283.027,-11.931916306480757,-21.199989831264784,-16.594807548404287,3169.017413569832,0.7369486647983091,0.0038713811226403273,-0.07535403247497302,-0.02568535068911301,0.0012221741739883898,-0.004770119234239545,0.010630234308178306,0.0027897558568601016,0.0011343004609634842,0.003856023156429817,-0.000355202517924934,0.0003772552957477264,-7.041341773980454e-05,283.08076979166873,-11.971466563684318,-21.33094192973203,-17.068468988643605,2370.7757298650185,0.6006100476441286,0.08771014907190923,-0.002647099233822431,0.03162509396968784,0.0019217769372010906,-0.001342170347067893,0.013361693696460002,0.00539126628284671,0.002760688344237662,0.005894806829436485,0.00023414412215310215,0.0002534294560964141,0.00024844387756155055,0.4621205720217956,0.14770865806476147,0.17272483811474598,0.20658466221549007,1216.3592345529278,0.21019195366507884,0.1213246209442749,0.11040462196374272,0.09071088919953453,0.0006272001757379464,0.004754570931002601,0.005733577547938303,0,0,0,1,0,0,0,0,0,0,1,1,0,0,2.3958919083099564,1.1624219281598949,1.3,0.00750349901576325,0.0027740508631279256,0.0042259354447649776,0.005686750668704025,-0.005635147155498366,-0.003713295824785812,0.0008216251518926138,0.010446776037125068,-0.013418132630734022,-0.0072041585179369125,-0.002585176563460741,0.0072970259390551925,-0.0021622875415542747,0.011696637733523871,0.002733112887749959,0.009078483769865652,0.002284848087747801,0.0023945163204622355,0.002290675427173463,0.002220729674630508,0.002187664993935588,2.4015518957223643,0.8567635884680795,0.0,0.01582316116129968,0.007716151996078243,0.006380323588034335,-0.002842636370058781,-0.010363596640104123,0.0015825115934529092,0.0006551016872966192,0.0062797045513521,-0.005021138357807565,0.012041885196504057,-0.016800739391916942,0.013917637498784292,0.008468179830369453,0.01421376487251452,0.008017110959900837,-0.007362821306511452,0.0019465392433469359,0.0017644228277375231,0.0017530765713994595,0.0017377065579698026,0.0017284022955959106,1.9862125932146817,1.5481645514865232,1.4,0.0021147352134977555,-0.0031936701725962533,-0.016602458478265872,0.008143772825814624,0.0004246316237254229,-0.0021815373391490247,0.0059432033295838075,-0.0017588032774682064,0.00741199325512615,0.002541133795136259,0.0034396284426699885,0.0022837569255426513,0.007428076131672174,-0.0029586065887681266,0.013470943807431131,0.0002589169987313481,0.0037665510987342533,0.002483005567171194,0.00217252255848977,0.002042454401441433,0.001989807947502107,1.993327849314772,0.9579341116213383,0.0,0.002095094319269333,-0.0018460322665659547,-0.002251255582005331,-0.0008651770498673357,0.0001030714738095188,-0.00015599584281313482,-0.00023480031736325098,-0.0007964708282334638,-0.00024571149499265165,-0.000805175541268703,0.00045391495278246916,-0.000342064566496851,-0.0006395178146616303,-0.00046271021209217864,-0.0005552180529599506,-0.0005234550145334345,-0.00032206831190769017,-0.00031767640135541264,-0.0003248911398370784,-0.00032847147787913773,-0.00033000318805995963,1.5033749975179558,0.6203120565468349,0.1,-0.00034569706342998355,0.0024907922091623137,0.0012714069496236366,0.0007216562501155732,-0.0006391091453299718,-0.00032447806790230233,0.00011676797131850337,0.0002015187511798654,0.0006574081969037744,-9.292249939359195e-05,0.00012901823528809974,-0.0005828346596958565,0.00015421081859374482,0.0002390160320905627,0.0005741265338378486,0.00011921632692471045,0.00014450590172972207,0.00016843293203110652,0.00017206715206516854,0.00017322797435742946,0.00017363639679604588,0.4954145138145645,-1.1405065471129583,0.0,0.0041797092917157455,0.0005621470889952701,-0.0005816187756853095,4.161934274962483e-05,0.00011296052810028074,-0.00019534893487217444,-0.0006082826799364879,-0.00027375535224937115,0.00035933650404797315,-0.00014099877927694726,-0.0001644986326402683,-0.0002066300236924984,-0.00017521959329897728,-0.0002037138179658492,0.00013039439035489046,-0.000493936992509221,-1.6070190883461876e-05,-5.428924031598757e-05,-5.8859804021558716e-05,-6.0836398844222425e-05,-6.163793437817568e-05,0.0004257667717269541,0.005065168534469125,0.4,-494.6561131053789,0.2993348346917628,-1.3519683761223718,-0.24126186021397444,1.5277905917813257,-0.6199975384908143,0.4843208865875113,1.0831055519970043,-0.5217802048009439,0.16397983456281828,0.4612912943881948,0.2135080002726184,-0.6164284056579596,-0.004815341707518073,-0.5883637512382425,-0.34374294833094154,-0.29082276337653745,-0.21406430959618028,-0.1936419673291017,-0.18441115611082104,-0.18053736147987687,0.00021661735358686284,0.0019931307180240275,1.4,-873.5659491169804,1.3774229205779136,-1.1228558442468708,-0.9382674194997236,0.07735970211788867,-0.19772399767112606,-0.05863923552952599,-0.44277665114587705,-0.6788595470914629,0.7073203420295364,-1.2114021684814489,0.6839111267226308,-0.9747900473072626,-0.4015569818761371,1.7572372165501342,-0.4004538440434864,-0.04724081477689879,-0.08884836019243991,-0.09303380143180996,-0.09500760322171686,-0.09586328570054904,0.00032431193369354683,0.003511765845094763,0.1,-691.8286919268085,1.9458694996142043,-0.7123508952603856,-1.6932721280555256,0.4022504810269041,-0.8347042108146141,-0.30755683090327324,-0.4334391223571892,0.7106174061645554,-0.6998982680615491,0.41537978126494224,-0.5041276148688354,-0.8285849064663982,0.8295263135981994,0.1267226099443981,-0.4254176719980976,0.0003538069528516985,-0.07328626581745823,-0.08821948599646667,-0.09525244761466922,-0.09828993247495664,2
2022-06-08 16:39:43.225446500,-0.0004309503138596672,0.0008998794854554008,-0.0008339285623779054,0.00023158508836257407,-0.00010814706885001028,0.00012553898444389754,0,0,0,1,0,283.027,-11.94296169212533,-21.18137402022191,-16.645952312438418,3515.6694666525605,0.7968466337899851,-0.030340122180558024,-0.1068725266417304,-0.05195581906585002,0.0011126947564954663,-0.0060736814923496715,0.00893950937416803,0.002783692495446702,0.0011665984159388006,0.003701737374793308,-0.0003455320099258098,0.0003716675697256277,-6.473365198526137e-05,283.06015184295086,-11.9691761392019,-21.325904386895484,-17.05977684233716,2404.093085461705,0.6063169164330954,0.08430256427062696,-0.005700994795467816,0.02917326984614305,0.0018966148654676726,-0.0014753794252511069,0.01321742184880412,0.005376881020039992,0.002732306939570333,0.005800213566631951,0.000249415620271484,0.00026059469590124056,0.00025032498666221727,0.4435259721266721,0.14560390600912182,0.172139045019028,0.2148380307932967,1201.41953691096,0.20760886083054728,0.11988124563518393,0.10902272033328743,0.08957249698233599,0.0006185862601720428,0.004697533837535085,0.005655842921961013,0,0,0,1,0,0,0,0,0,0,1,1,0,0,2.3232069016543453,0.6183619380211479,0.3,-0.01081920179299125,0.00882946827051774,0.0021415629292171607,0.01213832223185823,0.0015470323928998464,0.006968050458419523,0.0071473053750010064,0.008728894436427048,0.003932966660743628,-0.004190087375669199,0.00156233499595954,0.0024333683196207127,-0.005406758657844117,-0.005848806328934774,0.006460283458431086,0.0030615819996658677,0.00022643919583317841,0.00010559166824296003,0.0002057190218374841,0.00026072707480037736,0.0002856464838485886,2.0899222816252183,1.1917372224588887,0.0,0.014923235615622116,0.002793119400348066,-0.0031109377539615263,-0.00032067467235856483,-0.0019105828687559008,-0.010575980497879172,0.0007423408199298629,-0.008640934513038103,-0.015855588140283303,-0.011831679228160068,0.0005669253427104998,0.00799603776947393,-0.010484056627486277,-0.0011702422469100574,0.003468567957773365,-0.006820403925202415,-0.0009014025337006396,-0.0006988922883226479,-0.0007516766509876562,-0.0007944912680989682,-0.0008161832065560307,2.0850765559262965,0.63726465384728,0.2,0.0026827145590258674,0.0012719047460503115,0.013274860613769576,0.002574094447307795,0.002996570703501373,-0.007161119195202893,-0.009523117063163557,0.0033916500686846838,0.007931461155869913,0.000592823052180993,0.002051870754316364,-0.001346598410226175,-0.005206796141216197,0.008945747677738909,0.003555082810791632,-0.003601273372081276,0.0006282251875509284,0.0006710864798481738,0.000701503314327091,0.0007257644426275383,0.0007375352147436091,0.28863632396641176,-0.9268578384092184,0.0,0.0074082818485354095,-0.0009760857386472264,0.00045064364042296756,-0.0005834219383996711,0.00016456982115815974,-0.00031374668287628503,-0.00015830240062286976,-0.0004925976860144316,-0.00016625825625889975,0.00033928918025798464,-0.0006345922991214283,-0.00016213142104740938,-5.321803789333818e-05,-0.0002729225250198625,2.9062370852162622e-05,-0.00019507005807795563,-0.0001879794221651291,-0.00014635738292494957,-0.0001406277942418029,-0.00013863663508326322,-0.0001378721650403346,0.3268269291443024,0.09555914012485864,0.3,-0.0035478570094335327,-0.0002727292259596314,0.00014792855696092234,0.00045246606336525255,-0.00010878096381728172,-0.0002631475759266655,-0.00020728308415436918,-7.539872066270582e-05,8.850998801307583e-05,0.0002998415795298224,-3.407723683652556e-05,-0.00026641072959336204,0.00011823354514290325,0.00010913158118843819,0.0001831293166426611,-0.000123307635954028,-0.0001214878113457758,-6.139038801468358e-05,-4.4451029516913855e-05,-3.7093233635370496e-05,-3.4126986904481136e-05,0.32502842285566635,0.014917621938664059,0.0,0.005057597568740934,-0.0009027945886622092,0.00037036841047301,-5.916397765258431e-05,9.915178591651841e-05,-0.00015070204026649555,0.00019492449359257607,-0.00036606826224561264,-0.00022242187386972988,0.00023731184349944776,-0.0002331278491310083,0.00014578682203066708,-4.089672587423096e-05,0.00014460486803788853,0.0003285769912369608,-0.00031219790193020604,2.7769723786175252e-05,2.1355444567215592e-05,1.8744097791662337e-05,1.7378692739070695e-05,1.673689230579128e-05,0.0002105073893005999,0.001969990316166508,0.4,-491.92828770650283,-0.1646039937334649,0.94324182528171,-0.3643752633765161,1.1157244924404919,0.43466639378527816,-0.09232488311455,0.6962890368775874,-0.1088048903924701,-0.11988634588867875,0.2554193865975307,-0.15382450445694396,-0.495741632111022,-0.4502549472303449,0.1374753102517836,-0.031229905434431163,-0.1853293292219256,-0.11038133391730832,-0.09339585606873513,-0.08612426448866906,-0.08314520987600371,0.00010302229929278045,0.004377891331329579,1.1,-872.5592851353807,0.2821075353489988,0.6309041114952691,-0.7458651031917185,0.16565686958615802,0.2457494991329554,0.19260738371884398,-0.41934949088499,-0.2487495744570332,-1.0299370153470022,-0.2271492774517725,1.0664637278287719,-0.4624972272893047,0.4695103342707228,-0.25685503401725995,-0.8747575331290562,-0.19825289812646574,-0.2438807397589109,-0.2272973206208277,-0.21653312830411764,-0.2115859856587816,0.0003969427469779648,0.01244654324762323,0.4,-687.7372146198372,-2.405905799566227,0.13034497630668795,-1.3263123455543921,0.7497866585983175,-0.8349305721683464,-0.7401294043867708,-0.33059256018853844,0.2873485416974795,0.03357376735429618,-1.552578062928724,-0.06509532767795179,-0.3427705408375044,-0.8679376786313853,-0.6308093490367952,-0.6118417896608825,-0.2213029527573376,-0.2902157316930154,-0.30051754268075825,-0.3033934259491762,-0.3042995089025484,2
2022-06-08 16:39:45.975446500,-2.118662647975773e-05,0.0010627600309890417,-0.0016300932104061651,0.00020194086525986466,-0.00012036465718261309,8.285784514566867e-05,0,0,0,1,0,283.027,-11.957346935902464,-21.092334762122807,-16.644226104736937,3862.321519735288,0.8562771092444031,-0.0651869472304852,-0.13850176259182767,-0.07833846119667214,0.0010130908731525424,-0.007412444807878592,0.007434159733948802,0.002851934582766319,0.0011832841415830352,0.0037006155446385565,-0.00033436114165388776,0.0003659991327752233,-5.883424655666208e-05,283.0438924679508,-11.969304556503769,-21.31811435763785,-17.04331953869972,2464.703124634132,0.6167154219054478,0.07809626525295794,-0.011213541268021468,0.02470810305903752,0.0018613101304121593,-0.0017153119368568165,0.012965182740217006,0.005318745470460253,0.0027291913260874675,0.005801254994101932,0.000263024280272218,0.00026820615709120067,0.0002511623926005743,0.4311549169546124,0.14532579873953713,0.17116088700884052,0.21646910531687535,1198.230140208608,0.2070679555039516,0.11955982282351588,0.10873143400224043,0.08931808413243551,0.0006209888617335111,0.004692716507886204,0.005633593128317277,0,0,0,1,0,0,0,0,0,0,1,1,0,0,1.6474447876879297,0.7610718874664868,0.1,-0.01518611249839867,0.013115285870922441,0.007813293037013409,0.0022656138119341303,-0.0008685910030623088,-0.0007380847488082026,0.0014603199942376413,0.003634142551478643,0.0043740517610953294,0.0037621939800833674,0.0029027972125346994,0.0027051671562084226,0.003009376269038743,0.0028035750988000827,0.0013412943530481474,-0.0007511300718092391,-0.0009160815658490688,-0.0006972002587989783,-0.0005306576811278849,-0.0004317836385315207,-0.0003868020215123561,1.2686289414579968,-2.1464145442813254,0.0,0.027363864730235887,0.0007243277299720758,0.003724263207587311,0.0060098440804533726,0.005707905308743003,0.002860608287858698,-0.0005998373453055348,-0.0023035709699468603,-0.0012213193224210658,0.0015665481127424973,0.003670295618704082,0.003140321034819916,-0.00014184871414609456,-0.00443279814103429,-0.0074227356785053645,-0.00732220977958024,-0.0033634544613148627,-0.0026933385375697977,-0.0024752550712839514,-0.002359607378196587,-0.0023073961007198554,1.6697879400427156,0.11050810352238526,0.8,-0.018083980945812837,-0.008131498628106984,-0.0045542097040682395,-0.0005092150144271637,0.002447184750702545,0.003766846761846343,0.003984339323137665,0.004003052819116746,0.004220127535727095,0.004209519085423197,0.0031998936091379147,0.0009191091605467807,-0.0019351469927132601,-0.004047764415407251,-0.004451931858152622,-0.00318254950722668,-0.0007626879558268723,-0.0001674828159846119,1.3865057810970666e-05,9.449970048262475e-05,0.0001277213822407908,0.21824975295225107,-0.2424509652269317,0.0,0.008895055632931876,-0.0013513122036628395,-0.0008258789165372628,-0.00026799130036092643,5.647688028376078e-05,5.049327454209715e-05,-0.00017564779433759442,-0.00039980170197424715,-0.00044306952934691915,-0.00027652685387518424,-1.4893566106083432e-05,0.0001834623336316734,0.0002287863036368505,0.00014511001454346078,2.587633277112661e-05,-6.757223814164818e-05,-8.808483326566684e-05,-6.559457891381853e-05,-5.934249162538466e-05,-5.730130404298352e-05,-5.6628964752127355e-05,0.08480711858141317,0.14132394408791715,0.1,-0.00375019801883515,0.0002176025353266167,0.00010203632624155722,-1.7124143550448364e-05,-8.500386617435587e-05,-9.152757593471734e-05,-7.102651236298135e-05,-6.804491007801998e-05,-9.796470606515304e-05,-0.00013446482671374522,-0.00013364641568911737,-7.467769322321939e-05,1.6914705218163964e-05,8.335451070443296e-05,7.411933525433306e-05,-3.5778031682367066e-05,-6.18512867808605e-05,-2.719007943518486e-05,-1.712375715540095e-05,-1.3020420104139987e-05,-1.1424077404059136e-05,0.2569147759426277,-0.9497850218074926,0.0,0.005552902111854701,-0.0007599590629920948,-0.0004424559985448733,-0.00012430450018742029,2.5875866853129983e-05,-3.8268870315034335e-05,-0.00022111288193845763,-0.0003607573023924783,-0.000342943637493161,-0.0001732098584683175,3.8097397045785096e-05,0.00015942797131038883,0.00012598737070737692,-2.8658022082704652e-05,-0.00021253538566151167,-0.00032225029114915085,-0.0001345802619259934,-9.11645174689309e-05,-8.151623116479466e-05,-7.727347120256052e-05,-7.553477745635915e-05,0.00019549665838130607,0.0008162630643780046,0.6,-490.6921302173477,-1.2800709017346603,-0.7947313803643326,-0.19376847728032945,0.31409822549549204,0.5858422056085715,0.5943824268053852,0.4183522148137513,0.18550189222266944,0.005835750483283775,-0.0706927196488909,-0.05733929606836341,-0.004090493993781585,0.03561161140802227,0.022579462310547527,-0.10250969837965407,-0.17819595576532166,-0.12475883092196582,-0.10617440185389704,-0.09791308298771463,-0.09451217319881522,9.582355638128248e-05,0.004770356841517591,1.0,-870.8125293678858,-1.2482644583911338,-0.7192971570224245,-0.19485123377945968,0.06504544739244977,0.029755939979089874,-0.1047254036446077,-0.092124184598795,0.15514740638428748,0.4886238187299092,0.6379468479188333,0.42677188339898464,-0.07786992128184522,-0.5980409999704186,-0.8301471960400519,-0.5944048155018855,-0.3099287259443741,-0.2948194928585792,-0.2749142508406557,-0.2629428914665368,-0.2574593588014631,0.00027285520681686584,-0.003205790835763451,1.1,-683.8513103149287,-2.4409194484482413,-1.349934245766761,-0.18578297671932376,0.5083708149078063,0.5391819857546523,0.1342842809187914,-0.2633991336066046,-0.3158001187760497,0.003212912611145313,0.4418898738816033,0.6921721986902032,0.6185102859183491,0.3299412725158195,0.067964894376356,0.036940644237166254,0.042934175330316286,0.01076196559176168,0.006737505603027215,0.005828120122622238,0.005555628283782975,2
2022-06-08 16:39:48.725446500,0.00048151793005666736,0.0008623025710197558,-0.0023096164141566482,0.00017241878815149958,-0.00013359830183933122,3.9787524006044756e-05,0,0,0,1,0,283.027,-11.866432439985275,-21.19213896907072,-17.253915251615073,4208.973572818016,0.9176396647001178,-0.09415157202652816,-0.1711863140048028,-0.10673571133575804,0.0008430486364421116,-0.008647589791743989,0.004695140809013122,0.0028975878402763217,0.0012088752099564347,0.0036805790870992157,-0.00032187831363713487,0.0003563018608100383,-5.3746282582384965e-05,283.032219070515,-11.975959507203955,-21.317642598230602,-17.03448439237427,2512.485565267807,0.6249600918443791,0.07323750182011843,-0.015490569684723137,0.02116792501264751,0.0018473043935337144,-0.0018925951640776425,0.012747855029756316,0.005286928410434137,0.002725253414750341,0.00582007639139095,0.00027426350259313954,0.0002779084816885424,0.0002512868579699973,0.42440376030179533,0.1424676623098254,0.17202789015416164,0.2035707080553105,1218.2975769707386,0.21056704445206464,0.12146085893798317,0.1105629993309422,0.09085746781301536,0.0006292335395222964,0.004769265422379046,0.005745042134083182,0,0,0,1,0,0,0,0,0,0,1,1,0,0,0.4737655824015373,0.6196980767012811,1.3,-0.014358996202494985,-0.0008036065786913902,-0.0008031930977915582,-0.0008024853021342336,-0.0008014537847618485,-0.0008000544669130331,-0.0007982255732308227,-0.0007958838330093268,-0.0007929207745982173,-0.0007892022514690638,-0.0007845814307415258,-0.0007789586376511236,-0.0007725065390309157,-0.0007666015787889403,-0.0007702930757594309,-0.0009073025015569348,-0.0012629349241161075,-0.0011803686509207266,-0.001123471494351407,-0.0010924884467074444,-0.001078718568307134,0.0850720896400012,-0.3272299963142363,0.0,0.03863077238585269,-0.0010322201937680812,-0.0010320613985474868,-0.0010317751222343637,-0.001031323998585775,-0.0010306440388825103,-0.0010296277748521347,-0.0010280918402477386,-0.0010257119595526419,-0.0010218841106284901,-0.001015402071044692,-0.0010036192817402582,-0.0009798925324884258,-0.0009235614228764981,-0.0007395663462817508,0.0003018856199340169,0.001084914614185466,0.0002689177135523394,-4.880979704984618e-05,-0.00019212339677895669,-0.00025105507116248446,0.21568272343809125,-2.9699102671624145,2.0,-0.0415338092730587,0.0017680176895167453,0.001765848961812429,0.0017620925971607946,0.001756515568400052,0.0017487457009024068,0.0017382109550679553,0.001724032689579649,0.0017048322642513707,0.0016783613078140125,0.0016407396248579273,0.0015847159443588869,0.0014950985815235368,0.0013340535842269242,0.0009786388258644556,6.564813460076843e-05,0.001048664808767652,0.0016923587745450064,0.0018143390651967886,0.0018537729933803574,0.0018675238581742461,0.00761051999675462,0.10710766457503614,0.0,0.009295159153995923,5.4633123338600296e-05,5.464621498452594e-05,5.466898961299779e-05,5.470303112670605e-05,5.475090188895437e-05,5.4816606711277536e-05,5.490642226836325e-05,5.5030424491426466e-05,5.520544361177615e-05,5.546116097412155e-05,5.585369871220874e-05,5.6498540194664025e-05,5.765359376011075e-05,5.98266966713897e-05,5.964566934609936e-05,4.340226779799608e-05,4.642382314288911e-05,4.872423614339465e-05,4.976164126727268e-05,5.017102054463846e-05,0.0036446911508588686,-0.07061045590309999,1.4,-0.00448545285401626,1.8343018335418562e-05,1.8367432143665828e-05,1.8409618725349864e-05,1.8472021583780507e-05,1.855850570212569e-05,1.8674932073155085e-05,1.883014312374683e-05,1.9037691979277614e-05,1.931901386993268e-05,1.9709608254633612e-05,2.0272047449125885e-05,2.1125734875362306e-05,2.2516226476691607e-05,2.4828830316351848e-05,2.2587593227890106e-05,-1.1776457122086701e-06,2.704884562036242e-06,5.9222379625255535e-06,7.5110701047179264e-06,8.175120661382323e-06,0.03580761681716893,0.22178759123087294,0.0,0.0048054581626736795,6.870095616162816e-05,6.86556967720533e-05,6.857709251303798e-05,6.845989616703174e-05,6.829564479004229e-05,6.807115613167698e-05,6.776583208990944e-05,6.734665348013608e-05,6.675833863388082e-05,6.590240224277264e-05,6.458766118856123e-05,6.239542634564732e-05,5.823262557207545e-05,4.8435421108842715e-05,2.320256481038634e-05,5.7716878827344984e-05,7.49746151611965e-05,7.689941877210056e-05,7.709566766201817e-05,7.706802326189598e-05,0.00014946577560766508,0.0006978056159249341,1.1,-490.4746844422689,-0.41294109707678217,0.1838778044656024,0.5092172347048347,0.4066566522344388,0.1229183739048736,-0.11717991681445385,-0.23538580393683614,-0.13810894347876435,0.22472205211814966,0.6429297462528307,0.7605481399313643,0.4632317649016038,-0.008855538401066454,-0.33771846320417964,-0.38104432744231787,-0.2559974510702556,-0.18927986781246986,-0.15686876694336682,-0.14101665015494014,-0.13430314490003314,8.566100434601741e-05,-0.00033323772983266957,0.3,-870.8781338780444,-1.4066309257150067,0.23328276544836515,0.7814552276295501,0.4041006961909375,0.2837036871678862,0.4563726553013083,0.2499136606347179,-0.09662108838029583,0.030084094187611043,0.20596197010647188,-0.25366568810798995,-0.7540929698862531,-0.3171586458712383,0.5260052529484582,0.34117436138537016,-0.09472405086722803,-0.039416976409725635,-0.03430585057065905,-0.033436633131699985,-0.033218775124509214,0.0005183326704998013,-0.01034406006311398,0.3,-688.2454381471532,-3.162419108122052,0.6170242679778609,1.7689675202045905,0.35629897327899585,-0.4238696471943939,0.5054130789196023,1.2380376283786063,0.597034105272332,-0.3332271500904955,-0.4987989922456073,-0.2477368641424249,-0.00452199593319591,0.4792547422811619,1.0798606634346657,0.950011556866805,0.3044409669702084,0.30097251591256224,0.296753725322521,0.2935102104011396,0.2919540893621768,2
2022-06-08 16:39:51.475446500,-0.002216587208351553,-0.0016869693936991228,-0.0019209205797179048,0.0001515457845304401,-0.00013605420884904454,-5.14678625827368e-06,0,0,0,1,0,282.774,-12.287652724669357,-21.332862374724463,-17.044283156469394,1564.962470752364,0.4617102808725512,0.1670317928845377,0.07339738130812326,0.09036107055209408,0.002930353148163244,0.0021569406830692405,0.016775003819969544,0.002912300605885555,0.001211775187289292,0.003703348916074128,-0.000308064038860102,0.0003425882156787668,-4.947019835479946e-05,283.02196915064326,-11.98890473363023,-21.318656407883974,-17.02132798453097,2532.5950359748513,0.6284327325301604,0.0710909117501867,-0.017188565578834542,0.01969518698243939,0.0018583772938661114,-0.0019560785024586892,0.012661820922066738,0.005280969503889898,0.0027327800242361684,0.005808460022247259,0.0002827108986874518,0.0002869426851284468,0.0002509017980187298,0.4223822949985984,0.13337984100719666,0.17349634721364476,0.17530375726081834,1236.3524276219714,0.21369528903967205,0.12328535532446733,0.11214869916297301,0.09220876635386133,0.0006255531717560473,0.00483180984446351,0.005831579959051682,0,0,0,1,0,0,0,0,0,0,1,1,0,0,2.274027517318192,-0.5546025582725048,1.4,-0.0014690393591260367,-0.004832073448435133,-0.004100032843397684,-0.0021185478360628844,-0.000513404332635523,-0.0014600071506809715,-0.0043443104443986755,-0.0058803884629122114,-0.004151791099565842,-0.0010691269702864073,0.000298324551472574,-0.0002053824112530925,-1.9079992372292358e-06,0.002262615268787917,0.00464427889741996,0.0042236454106841055,0.0016268155253230392,0.0008798933128092923,0.0005364235451810474,0.00036786627762861466,0.0002964352004604853,1.0549817631578058,0.5921354138286283,0.0,0.03474633818472528,-0.0094229724876552,0.00274938638146189,0.0052261261937203785,-0.001999579774119905,-0.006477280491213659,-0.0026562944955074146,0.0014972319588570607,-0.0011569303927144422,-0.005714205224875705,-0.004189993147502345,0.0011453743739496755,0.0017994043989151074,-0.002611115143923893,-0.003072276396414199,0.005077117675383094,0.004540494405666328,0.0031921343545483327,0.0029186067443642645,0.0028002688033755465,0.002751857693693308,0.9034262629198944,-0.4376805569261364,0.1,-0.0464419448129615,0.021803061040421384,0.0018273571341736433,-0.010874553406822264,-0.009910124920142113,-0.003018710411098057,0.0009163004078174033,0.0011961164072041414,0.0010976617653556194,0.001050334168190493,8.578994788713355e-05,-4.4088093768125496e-06,0.002782830056098157,0.005622799819743737,0.0035583568022596085,-0.0021538039312736373,-3.255595745568643e-05,0.0004558500312654621,0.0005191108090271213,0.0005467929077383373,0.0005574868037879094,0.010678070965304641,0.11893475199106968,0.0,0.008080802300623576,6.0512369433167515e-05,6.051938417905074e-05,6.053172386985518e-05,6.055048262556011e-05,6.057747377970809e-05,6.0615620745381015e-05,6.0669678538755787e-05,6.074761220049608e-05,6.086337562756023e-05,6.104292046209947e-05,6.133838167186004e-05,6.186534086387917e-05,6.291169970101461e-05,6.519670239924928e-05,6.517720145023662e-05,3.736274314030183e-05,3.6767091031834294e-05,3.8566774663661685e-05,3.961445750616426e-05,4.008656948209795e-05,0.008174045258649974,-0.08643669376532863,1.5,-0.004968557181655695,2.3354910882477803e-05,2.3443493887978148e-05,2.3596868469464443e-05,2.3824447383177577e-05,2.4141233196065358e-05,2.457021612858602e-05,2.514655946549656e-05,2.5925109079199795e-05,2.6994556728924025e-05,2.8506082597231383e-05,3.0736937102807026e-05,3.4250515820604247e-05,4.037498930150457e-05,5.290403798866758e-05,7.466520427010035e-05,1.122030319124505e-05,-7.895249581392516e-06,-1.1055213227237809e-05,-1.2315713298440313e-05,-1.2837629494836189e-05,0.09664319575807057,0.3435589168444564,0.0,0.0031008722163304195,7.24668396376504e-05,7.247824307329666e-05,7.249815874070336e-05,7.252810505745322e-05,7.257056010729783e-05,7.262944067913332e-05,7.271096795667541e-05,7.282528189700516e-05,7.298961161385146e-05,7.323494922648253e-05,7.362143854986808e-05,7.427859930486093e-05,7.553301534579058e-05,7.847776411374876e-05,8.775446792531258e-05,8.399990484928908e-05,7.55909503136183e-05,7.224129948188417e-05,7.053869624274607e-05,6.979319905518969e-05,0.0002591297278384645,-0.006819259028367756,1.1,-493.109634742565,-0.685290936759543,-0.20246386066984454,0.5128764780258948,0.2471613407080397,-0.7751009539560201,0.08926115569722626,0.07066265182044873,0.3034836892104451,-0.06688248357677827,-0.4767343255421004,1.1541432699142984,-0.04605522045516963,0.5361018277433072,1.0764194356993195,-0.022681090884702826,0.01075448530294132,0.04053863399663982,0.05156570354681378,0.055921411214638894,0.057528872820801435,8.493339415430332e-05,-0.001554151566644002,1.0,-872.351787106022,0.5155719712980016,-0.3724083378380527,-0.06818344004163635,-0.19525777364286512,-0.5239504153722834,-0.1529371158220627,0.7059219247082069,-0.20715384142050647,0.4039532676365312,1.2649936507086608,0.852132976274433,-0.14104663953643026,-0.07093255644274876,-0.5243414390866086,0.3888273366576378,-0.20775622643213154,-0.06909774883047247,-0.04376132220666129,-0.0339380792930406,-0.030107747295374125,0.0003065436293382246,-0.0068814241271224355,0.1,-693.7138314812131,2.375940707539712,-0.4833371437031389,0.5481089932066965,-0.1336712051421003,0.6956040410674973,-0.4734448558989754,1.1278301193143891,-0.0333070353777245,0.5526289646725928,0.4440022436896953,-0.6320540245264219,0.4893624005218325,-0.08412160889345976,0.07025278822615988,1.2808963849517203,0.08423659531981187,0.11596970891907787,0.10605152252919048,0.10022638492673153,0.0976713154783182,2
2022-06-08 16:39:54.225446500,-0.0008967915176250919,-0.002485190199685172,-0.001546847447728656,6.349468726265054e-05,-0.00011621723430254743,-3.741727717752539e-05,0,0,0,1,0,282.52099999999996,-12.012179493466427,-21.28363457715412,-16.986309135570078,3871.2637011642482,0.859406229023625,-0.06295388616205047,-0.1387077377087991,-0.08017752949956289,0.0011776733765445366,-0.007203044900818298,0.006241045387441526,0.002898044348468093,0.0012012766246885405,0.003709161467599602,-0.0002946289302981105,0.0003264843548770842,-4.355015979885914e-05,283.0105072916689,-11.995631948016104,-21.322471048139786,-17.017870155274004,2508.839128604739,0.6243493612088193,0.07342185373064572,-0.014957009070081444,0.021476213899796658,0.0018797150865663406,-0.001853218699258493,0.012762592469339924,0.005299858199363964,0.002743993962650116,0.005805649232178435,0.0002856819654248549,0.0002903125878760844,0.0002511227552342826,0.4259604349017652,0.13258934780623768,0.17348718982213676,0.17361528663083375,1235.448379130652,0.2135411943318544,0.12325082423277813,0.11202159883017453,0.09211685757093567,0.0006204178171991705,0.004823246414221154,0.005824468094052183,0,0,0,1,0,0,0,0,0,0,1,1,0,0,2.224234106733752,-1.6112750413390866,1.1,0.007615846171874326,-0.003548516112119947,0.0024978301391648068,-0.004381802901416132,-0.0036222510100192428,-0.004145035083067767,0.0015879286130063572,-0.009710905852531999,-0.0062354750149698395,0.0003495737447490532,0.006456151186346115,0.015565326489393934,0.010796128561909826,-0.009308906456788802,-0.011423563087830728,0.0031350078098160692,0.0013957093937850562,0.0006209072347772912,0.0003410555359367772,0.00022241030269440142,0.00017494055444204517,1.7673070896498817,0.9216697921146052,0.0,0.02375260250070866,-0.0013321061188345592,-0.00639536256831845,0.0009387126264888596,-0.006675216376441064,0.004132853189568894,-0.0035400036835704796,-0.008798187613290273,-0.0052242236636484704,0.014078260152214844,0.004580045365916184,-0.0016142988563808995,0.0009369171022109332,0.00819680497507138,-0.0032394930697626197,0.005403920278001125,0.001838610779827649,0.0015806426456770892,0.0014683765263679145,0.0013945228387428569,0.0013601497564700651,0.7982223228297959,-0.024395786627431318,1.2,-0.04704749419831961,0.00013104935108851874,0.005661299695433542,0.002313780242200077,-0.010968346645403236,0.006650306705517453,-0.0010290234963648308,-6.920905291505319e-05,-0.0020444491555500315,-0.007498992478875813,-0.007082378327056019,-0.0023394967127152136,0.008165258382178414,0.0005105137246258812,0.007738370549149207,-0.0017877886043116105,0.0007332445218059888,-1.2294292076954136e-05,-8.93237944593903e-05,-0.00012066151728323013,-0.00013422002648504799,0.12480186158494988,0.2306413185140967,0.0,0.006047340887176511,-0.0004471676159689512,5.591729206767251e-05,0.00016941264027052914,-6.258548686179696e-06,-1.3510972934288688e-06,0.00019692371113379543,0.0002373038676824643,0.00010825225202086732,0.0001328488173907332,0.00033806386082163304,0.0003954838920362997,0.00020228579150488149,2.6544012685918703e-05,2.594098593014581e-05,3.950613429537761e-05,-1.0048885417908123e-05,6.766401967219232e-06,1.4474106729855149e-05,1.817852775561822e-05,1.975506532970628e-05,0.12954498499867756,-0.004681262316294322,0.1,-0.004669225639640924,0.0003763152674425116,-0.00023963406201204414,-0.00019944515301548507,0.00013627332112260866,0.00011069026348921057,-9.151053517188276e-05,-9.725409618672032e-05,-7.294311057003111e-05,-0.00013290810272203717,-2.2780998014954213e-05,0.0002081840869743363,0.0001762043694664815,-5.157649822564088e-05,-5.030704022496521e-05,0.00010733154187380136,-2.715652683220185e-05,-2.1810499883597253e-05,-1.5912390992775e-05,-1.3202286201707531e-05,-1.2076407221533862e-05,0.6506615791807945,0.3955736251204988,0.0,0.002566852741249205,0.0006240885970479083,-0.00035836060717819325,-0.00047150511823165634,4.2568124351237156e-05,0.00019864631348601988,-8.678215067289149e-05,-0.00019493914818427863,1.6949891573289467e-05,0.0001997702978763103,0.00021742167651478232,0.00017209358664853819,8.061787239747508e-05,-3.2778998960976545e-05,-2.872834847208453e-05,0.00011903758050727458,0.00011433619266522558,9.361297344735244e-05,8.74389186150542e-05,8.436444225933235e-05,8.303264987759476e-05,0.0002725916700990386,-0.001834436710395977,1.1,-495.1231374133946,1.112486715189391,0.5205311817138707,-0.13813050020890927,-0.12713846814936858,0.4697087536307052,-0.2807531526186615,0.23247064083011185,0.5922997713395493,-0.1632323831046847,-0.6229088642339065,1.2787031704919942,0.08861358393825647,-0.2305877336367033,0.6277358925923302,-0.09372811438631956,-0.17570507221491738,-0.1299800792628325,-0.11269672423600065,-0.10422935497047092,-0.10059495225597592,0.00010942556417808056,-0.0016300614970648991,1.1,-874.8797109340608,0.6743748497265472,0.7951887783965931,0.1535085419647544,0.313125185424596,0.8991619976199559,-0.2533762923351972,0.4887042336033645,-0.02089183389792026,-0.1543951954209426,-1.00142278797696,1.288055563672977,-0.22591504767978954,-0.049932467839990835,-0.6145980463491156,0.3942961401763085,0.04100171838673461,0.08957670274689278,0.09050166727909392,0.08955073656837698,0.08897685637059194,0.0006330334341540353,-0.006160931063041665,0.1,-698.3331955936434,3.504126577489984,1.095043078799648,-0.8999625768183535,0.0161178178279755,0.7130809404445699,1.1793043464129056,0.6751029009787786,-0.5749794622085105,0.004034001775590213,1.2250482072061395,-0.12030207140301917,0.3661454410746874,-0.7027775355274883,-1.6130847817866931,1.499024157576791,0.2548189736078932,0.2590673266107704,0.2505275652600094,0.2471388608072917,0.2459290898938065,2
2022-06-08 16:39:56.975446500,0.00040013861807020425,0.00245523954822766,0.00323593718034593,3.824673494873e-05,-1.6216388361724427e-05,0.00012314182753567438,0,0,0,1,0,282.015,-11.937233694747968,-21.49647923824468,-16.965660179083955,3845.6386669922276,0.8558808052256821,-0.0599531035081112,-0.13645902446557145,-0.07662740617730311,0.0008721843540150884,-0.007125283194245123,0.005860529347399191,0.0028503900021741393,0.001190091038453112,0.0037127140810692023,-0.0002805347554496021,0.00030828502878660395,-3.772553240821947e-05,282.9691885416692,-11.999897287035866,-21.324812401198923,-17.016057539786495,2518.6892344198072,0.6260574805974579,0.07241084427578226,-0.01580894423679487,0.02074429371815077,0.001877426033091434,-0.0018840177073238058,0.012690751134902018,0.00531370303237951,0.0027439763641176032,0.005803185567703073,0.00028653911500097016,0.00028943643353728833,0.000250450263899202,0.4248084988652687,0.13071966352939318,0.17254436383480487,0.17145535693673128,1235.7902859871,0.21360503649973966,0.1232635908856628,0.11205285623157966,0.09215754113278997,0.0006212222594725143,0.004820489764970984,0.005843444307721316,0,0,0,1,0,0,0,0,0,0,1,1,0,0,1.9641925400831508,-0.1606366910032885,1.1,0.007799714673542353,-0.001528770376338511,-0.002636373777538763,0.00265731226426608,-0.0029145791656374253,0.0057258689323376,0.004788487372143286,0.002250132687868449,0.0054727460476827255,-0.0036921855566052174,-0.021180114889303023,0.013145142255041351,-0.008536755409426422,0.007471269667083337,-0.009428407989903551,0.003981128194974154,0.002218478241527644,0.000805425692232084,0.00036990297586831896,0.00016141288872964269,7.310297492116292e-05,2.0769506104335345,0.001147159013671931,0.0,0.017074003179385747,0.00871848731147692,0.0032678725768744625,-0.004620671707575286,-0.0006928997037479166,0.010456130128257787,0.01283579778448517,-0.0032652258050875137,0.014230776601364181,-0.004360631763756825,0.0005762574616603841,-0.008162585559364978,0.0012574389646491835,-0.009342774516408863,0.0012077018373954688,0.002948178661061402,-0.0019109920160969391,-0.0004492365906034251,-0.0002764839301012867,-0.00019199564595280528,-0.00015556393427487822,1.5603417033469735,0.8020012539740816,0.3,-0.034485727550302374,-0.011971402585852987,-0.007096523050474598,0.019323361167981216,-0.001173560643425017,0.002000300227873476,0.004560829457477034,0.0025492058610728924,-0.002463372260509804,0.007247814295720684,-6.655976743655853e-05,-0.005332139317848204,0.002611609749280768,-0.006767741629202964,-0.006301261291711923,-0.005241917950764176,-0.003828543412369303,-0.0038727742683813352,-0.0037326049325366244,-0.003677382220401253,-0.003655261292247576,0.3348793508282146,0.2919801517858226,0.0,0.0041916262510685335,0.00020250267794355402,-0.0001166936723241874,4.434523203727622e-07,8.047614849181239e-06,0.00022878127289795253,-0.00016328070742721882,0.00033674597888309036,0.0004011667902602554,0.0003992066976655264,8.519796179967901e-05,0.0004700235650608988,-0.000384401097249038,-0.0001700228365337914,0.00010876061942067286,0.00011960865797587636,3.763731136961424e-05,6.492493033132438e-05,6.986970924316346e-05,7.176715085348147e-05,7.249723595905231e-05,0.2146275957617036,0.21026891170485615,0.2,-0.004152939117219972,-2.8088032909521527e-06,0.00033723414118090063,-0.00034963178446362485,0.0001502381920953278,-6.591863299188455e-05,0.00018471198280460628,-0.00019199073148954795,-0.0001373422101633894,0.00024062896471699805,-3.305237606611687e-05,0.00018584629030635402,-0.0001778219329406162,-1.13961514031304e-05,-3.83637536580733e-05,8.191391400897533e-05,-0.00016078098462501156,-0.0001151844677524327,-0.00010665578914351376,-0.00010334389579576178,-0.0001020708298836439,0.8470280874485964,-0.1569684322835954,0.0,0.0022347150071287667,-5.103181928688138e-05,0.0007134573284003872,-0.00032352202144709803,0.00011517902149519916,-0.00022636579427804922,3.4943013418213867e-06,-0.0002700636053667959,0.00044456201281430714,0.00020831599873561622,4.831868499905899e-06,0.00022536287832158398,5.408854083153948e-05,0.00013293338248787716,-0.00022370205783481107,-8.656435306529394e-05,-8.393722432588062e-05,-8.679931270267794e-05,-8.671376947726447e-05,-8.620242947100818e-05,-8.59110561982284e-05,0.0003314090060910205,-0.0008052280455179329,0.1,-496.27483156299616,1.3048403556629111,-0.007529462238217376,-0.046109585454992434,-0.15997636728826592,0.4773894180126561,0.4313458656285043,0.08941098006352988,0.14423037877577016,0.35070443222627823,1.1677247787219347,1.0950834199422186,-0.5394050474388834,-0.4408395769422331,-0.7876289219544788,0.10603019938561076,-0.12508996487363078,-0.09891630364710123,-0.08950968884154875,-0.08423827745762047,-0.08182961219878715,0.0001387022404774776,-0.005618795659821381,1.1,-876.3072304081387,0.0444590497451145,-1.3741043930829877,-0.663952857644901,0.2957575096801861,-0.001902948823314432,1.24528843725286,0.14273815753318786,-0.11633816794078555,-0.4272097331363511,-0.7163102479034542,1.303348592468183,-0.07338165230931183,0.17226686615306264,0.3523067535572721,0.3106695388198766,0.4941681025489757,0.3576868445912069,0.3127567606150468,0.2916748390185546,0.28277407629924456,0.000371589141774304,0.008108485950800137,1.5,-701.7493505427202,-1.613133328807919,-0.017443307554451337,-0.32937721334204184,0.804508966637151,-0.20672757009037213,-0.5168686663862871,-0.6266156287644691,-1.0504807042251478,0.1591784467382027,-1.0913583185273588,-0.7911940384597997,-1.9289616387997184,0.6155254848730216,-0.8227060087335758,1.1860605463009684,0.026823054414514047,-0.13963458824782116,-0.19160184406213432,-0.2168632085180633,-0.2276665678493561,2
2022-06-08 16:39:59.725446500,-0.003579841049409818,-0.0008003862962130495,0.004829821742775221,-5.665610517945623e-07,-0.0002812152507176308,0.00040852545181552783,0,0,0,1,0,282.015,-12.144965707619145,-21.128098107202877,-16.95585781861629,664.764846048804,0.3045505307548733,0.2556897310872611,0.15344176087921138,0.15730249815207756,0.002952423488460809,0.005288202562608906,0.02107356159275989,0.0027852753486498705,0.0011314391545087644,0.003965292587537336,-0.0002695706042194205,0.00029288914437475744,-2.317578614372737e-05,282.9283968750029,-12.0028567854086,-21.325155201574844,-17.012711417292994,2490.7122415958665,0.621214567800291,0.07515693968564452,-0.013238221062445793,0.0228328965902226,0.0018891127269189602,-0.0017746027337447845,0.012803117085198792,0.005358005140104297,0.002770631440449475,0.005996632868404925,0.00029043037504462214,0.0002962860301129958,0.00025560093250279257,0.4246452540072015,0.12792817860061995,0.17217566994066896,0.17247229933366975,1246.6735418420324,0.21550669088735305,0.12430388581037292,0.11305863083386175,0.09295800627833196,0.0006264820364113192,0.004861157334396222,0.0058969578296868596,0,0,0,1,0,0,0,0,0,0,1,1,0,0,2.193001213738475,2.7785562382359963,0.7,-0.0038258788035407023,-0.015059892079382072,-0.02075879162674182,-0.0022375582467069714,0.0075137195179673264,0.0090620334796482,-0.002311560921533993,0.016770471336649415,0.0070579486861941845,-0.01180363830064722,-0.0014669701453640359,0.01658897612147399,-0.00028449310325297304,-0.00323617567423288,0.005381744179338133,0.004962359682848182,0.0037433255384372393,0.0032901041715493818,0.003153585189240758,0.0030887448396876463,0.0030612397538443237,2.3297517839715347,0.2317618625241703,0.8,-0.016527519891308167,-0.013162577967372528,0.009323939785552654,0.007420925234266916,0.008895966476983349,-0.011954161902834465,-0.012024145892504336,-0.00013845021366472744,0.014119530747141038,-0.004235955098459568,0.007315187377187469,-0.007035384442469546,-0.004374107639382183,0.004825796844500076,0.0020420937793919646,0.0005095873433482716,-0.0017610520445409735,-0.0011761078844932998,-0.0009139928120556023,-0.0007983914385661331,-0.0007503563910851273,1.5930899498975075,-3.0825856579311877,0.0,0.11703108339931935,0.06402200076931785,-0.053927988939130936,-0.06443193786784017,0.01057176426427329,0.03481204687171995,0.01052794045346758,-0.015189927987691204,-0.025628978447451517,-0.016333378394397833,0.010468276071729768,-0.0014582103783353046,-0.011620344577634636,0.0027773362537790985,-0.00849451726011668,-0.0037108028339301368,-0.004806175256329889,-0.003567796568263452,-0.0035161218356041892,-0.003488995897953682,-0.0034780675138961856,0.9383596349690254,0.36111614747153453,0.0,0.002953865636952796,0.0007582155214490636,-4.19794225557876e-05,-0.0006410849098047832,1.6590882094581462e-05,0.00032322607795482567,0.0004431110162144206,8.124146465486842e-05,0.0002673945720390256,-0.0004552444365584257,-4.340295408247517e-05,0.0005109714918185028,-0.00034005973453631803,0.0005062456579480891,3.6325502128659665e-05,7.983449464626589e-05,5.19736801387303e-05,6.999701721187877e-05,7.291662925214818e-05,7.410314672702763e-05,7.456258054134419e-05,0.6146196483251241,-0.3011656891600413,0.4,-0.0045536933625385965,-0.0012508744493472145,-0.0009593226999632093,9.4760836921569e-06,0.00044183627794438515,0.00014642697797561156,7.23295712905402e-05,0.00032853394350673454,0.00021386084477237896,-0.0004161890955138001,-6.541809814971438e-05,0.0003306185951696227,-8.983861752525875e-05,8.6588657270079e-05,0.00020789899522225992,0.00026504903488970425,1.9306952018761548e-05,5.8514329512700975e-05,6.315427693681049e-05,6.461035881457687e-05,6.510369411899991e-05,0.7200162634974859,-1.0779477126302286,0.0,0.005837117782056086,0.0018718003057210727,-0.000953100618141733,-0.0003338164662031429,0.0002158945167625956,0.0001268084611656162,-0.00047078411629238357,-0.0008687885297146588,0.0003446779591866402,-0.00033815169189343227,4.8430206978469e-07,0.0001870528819206009,-0.00048631530602717313,-0.0006529208660872082,5.341247848360354e-06,-0.00010141161919607393,-0.00016048465038837848,-0.00017179488169612989,-0.00017504531927340313,-0.00017653986758156879,-0.00017715880469912782,0.0002894125248819154,0.005348786786661455,1.5,-496.2446360776783,-0.7155976396750391,-0.7185781607823287,-0.4151539278026489,-0.09529709662595563,-0.25036538763367844,0.2438711257906583,-0.10159719650313193,-0.5543868999998267,-0.07122308888066088,0.15226346463287932,0.4355950505826201,-1.5547398238039367,0.047914390235726856,-0.8816365990195862,0.4426646461301029,0.06185194785970261,0.00974171807151869,-0.01153936951154222,-0.021640631607512617,-0.02583022566886628,0.00020228280614264632,-0.0011718386921797973,0.2,-874.8376884167002,1.28677416630741,2.11915806907102,-1.1024051222372435,0.2880857784426212,-0.2070545968687796,-1.0906350146509922,-0.0299583050639356,-0.08382063476348378,0.40693402398664347,0.6379259496187757,0.8038928237881997,0.7717899745972563,-0.04124819078523245,-0.30421968278475475,-0.6423117263123039,0.1589160529556466,0.006373020352892666,-0.013958377899633943,-0.01980725928843441,-0.02164118100462087,0.0003437036778878352,-0.00035312197438943906,0.1,-697.5939098494719,1.257446345327878,-1.5149719439883995,-0.6443410600677524,1.1362354907495702,-0.9808419111015922,-0.4552814850239954,0.033254480093813044,0.6160250398750051,-1.065066851045433,-0.8989305232636013,0.28236370421902635,0.5139314809775755,-1.0857017533162754,0.5156125835462113,1.0224510465522698,0.1599744634860727,0.06099966156955716,0.03424996765367005,0.0218518511871455,0.016726571660424572,2
2022-06-08 16:40:02.475446500,-0.0024122307947999533,-0.0007357782642042183,0.004369018872850865,1.3795684199857824e-06,-0.0002425362285140768,0.0003578767130031455,0,0,0,1,0,282.015,-12.205585153702385,-21.24752049742484,-16.979361599111236,1469.5533045155462,0.4443723410055964,0.17580230781652806,0.08113219626196963,0.09765135365792924,0.0026768824522709787,0.0023243498147595713,0.01708517403938762,0.002652987566797618,0.0010603251856964313,0.004070646368197328,-0.000263368241670312,0.0002751922664772213,-1.1207663492326931e-05,282.9245600446459,-12.008075942160009,-21.32498323736349,-17.015056534981216,2455.1283651293315,0.6150756590035958,0.07871095194880015,-0.009960820297673449,0.02544477660502501,0.0019153151464796946,-0.0016344307489459429,0.012960291336713574,0.0054231550186606406,0.0027615001956531283,0.005928537794210762,0.0002930119478499766,0.00030532164243655865,0.0002616226737179794,0.3811827163795656,0.12830280473702538,0.17038587104376754,0.1689112105728248,1248.3968927438705,0.2158228724775758,0.12444884848688854,0.1132378467199568,0.0930532876739568,0.0006274021108611927,0.004867140801696334,0.005877530486857192,0,0,0,1,0,0,0,0,0,0,1,1,0,0,2.005652511972714,1.3577353421596725,0.2,-0.03477976730824564,-0.01095597529489782,0.031146184781922187,-0.013943645529218916,0.01524815335596221,-0.006241349895358225,0.004578386173620383,0.015673115292251398,-0.004424450854473612,0.022088759430647843,0.017241452932818733,0.008665053414631994,0.005188929722595046,0.0011743977819412073,0.005242875417727769,-0.0016437679029454562,-0.001566648489277623,-0.00022531019497749663,0.00024178550764889493,0.0004764780781655984,0.0005781802746503536,1.640842489030669,2.9234703126252617,0.9,-0.02789299944322652,0.013552479928273155,-0.01199365193162366,0.005779047811506878,0.005750392061836229,-0.00598761312565081,0.00045862624005081534,-0.0028493169780995607,-0.0008257282521215657,0.016513208771646717,0.004251172509249561,0.0021246713292942697,-0.001054739585893389,0.00247553174653291,0.004902830896805837,0.0019630795713783287,0.002061686728204619,0.0016392816847550988,0.0016679061794934713,0.0016773174761484425,0.0016792421960134035,1.3256389180199246,-2.1123560231340033,0.0,0.1690876889050757,-0.08653092603438695,0.06976094764179183,-0.061788854204465386,0.038747154038048966,-0.02293769605292389,0.0019087622152628226,0.005721229382064895,-0.0136111321832546,0.011326633591345505,-0.02088019191398659,-2.318395175758374e-05,-0.013118680205695976,-0.012172000331855549,-0.0008813696841458649,-0.0029063630107717155,-0.003419494355049809,-0.003459622717584503,-0.0034528060078371555,-0.003460310198630235,-0.0034634152556983905,1.42520479502671,0.3763314194319429,0.0,0.0015242565171091262,-0.00036273205350114313,0.0004603048753930754,-0.0001772382420774304,0.00038894642397341463,7.557011803877272e-05,5.021285712092141e-05,-0.00010651991067828116,-0.00014564881790947784,0.00044665280196885116,-4.15547536003983e-05,0.00039469219890900383,0.00037588692163052203,-0.0004790152226474587,6.110986292790601e-05,-1.3764232953127436e-05,3.951770858108021e-05,2.51049284559432e-05,2.531659348796781e-05,2.5869345454583778e-05,2.619471379383673e-05,0.3005939287652598,-0.7025032421876999,0.2,-0.006081224293878206,-0.0006493178030816575,0.0008759741864565744,-0.00013943318213671077,0.000441391586870904,0.00010741727952872836,-7.880715413304353e-05,0.00054193899261091,0.00014399429381173746,0.00035502459610806006,-4.225180755161721e-05,0.000255146574896514,0.00014111710917399315,-2.3359656423487e-05,-2.283082713843955e-05,0.0001946338608488732,9.244729789616179e-05,8.426642816095834e-05,8.593085645382912e-05,8.703458001978863e-05,8.756887261499201e-05,0.16352480354508156,-0.08758745609254916,0.0,0.00962532754687184,-0.0006295409466799766,0.00051287231714752,-0.00010991110596484592,0.00024902319535947915,-0.0004038791497716365,0.0002988295666013293,-0.000674222002073058,0.0003507361221388185,0.00020140806648745696,-0.00011929269879694839,0.000352740701305437,-0.00047717616107705263,0.00038107638389254096,-0.00016153571593387837,-2.679873773589713e-05,-9.895719417481084e-05,-8.834226298967067e-05,-8.428675613037385e-05,-8.262238947971612e-05,-8.19631630581021e-05,0.00028641153958275514,0.002001449964351287,1.1,-496.1282939087845,-1.4522335561310484,0.6131825145353602,-0.749864896598389,0.12264275272977446,0.26169240538271765,-0.2743562325099944,0.2732012460528921,-0.4426661034764976,0.22301906175336936,-0.3757059623189889,0.7069557748648396,-0.07420075470362253,-0.7983024379536481,-0.45127242734328205,0.3286371290858714,0.05876469509590621,0.009004016925540979,-0.004466818942006512,-0.009405309018665877,-0.011172998549485945,0.00010078929583632646,0.0012719761123691714,0.6,-873.4989394964169,-0.14463189738137314,-2.1081593099990528,0.4093609831981695,0.16936205044200392,-0.008186753499238364,0.4880024695244813,0.08661883369536127,0.1882428993175296,-0.29634864522299864,-0.0051620328263801704,-0.18040648441040474,-0.07624076657271672,-0.09144904009324506,0.2847946565574446,-0.6606262867940167,0.08131166237632925,-0.011149847368635337,-0.030218970713555393,-0.03750618968821762,-0.04027542263055972,0.00023741937988710167,-0.006292280679471726,1.2,-696.4141627980183,-1.3621723026634385,1.2098715571104606,-0.729809854977745,0.96201997613084,0.5325759310566339,0.2212580821070631,-0.1461897054194452,0.7172295231664485,-0.11699638065658392,-0.04234224602905812,0.15682743022174606,1.3721585544721258,0.6285032320354276,-0.01244978259687457,0.5006187277367111,-0.055161063463629034,0.0006477907885695798,0.009416989363028705,0.015008908481183525,0.01759361654779701,2
2022-06-08 16:40:05.225446500,-0.0011262474112780573,-0.0005535707084420524,0.003820566171014468,7.121025241885955e-07,-0.00021140491412491202,0.00030864160283651087,0,0,0,1,0,282.015,-12.269441670572741,-21.34767000064558,-17.015854036808822,2274.341762982288,0.5841166288877571,0.09596631960006848,0.008781925536757097,0.03780007563070773,0.002420211365803381,-0.0006315889142953615,0.013097198045577563,0.0025227209795317955,0.0009212920337038283,0.004228870318147522,-0.00025786413801308665,0.00025640495716923456,2.998212031665128e-07,282.90182752976534,-12.014330029307992,-21.32557526781421,-17.01243009521529,2462.958545486106,0.6164307235653308,0.07788929581032752,-0.010613728433177844,0.024850371664873618,0.0019188246751925449,-0.0016631193440707465,0.012912195088142174,0.005458579389617904,0.0026885304043709965,0.005832742253235286,0.00029563748643015935,0.0003103189566573415,0.0002654007304378472,0.4045054822950757,0.13178884309800015,0.16941623940429806,0.16497868194327728,1244.3396591993542,0.215121115930445,0.1240206517810158,0.11289741583209405,0.09275008215635312,0.0006296224118333651,0.004851090507492383,0.005854756783692258,0,0,0,1,0,0,0,0,0,0,1,1,0,0,1.3186727017805806,0.4696742539791921,0.1,-0.05896849711208103,0.032962190295970716,-0.01912631414658885,-0.0007807275090328646,0.016548510484954173,0.003202824925934433,0.003251940903459084,0.0034940784125941605,-0.010167496903998494,-0.0048597592346868715,0.006389485639763865,-0.006222185787295211,-0.013138883217276857,0.0016365865203217525,0.006943512604696007,-0.002208576239899716,-0.0028487272078579423,-0.0017556260511224105,-0.0014185583064818446,-0.0012709917734027116,-0.0012106951910604974,1.4076593014881098,0.13873880020552082,0.2,-0.03684923373846696,0.011219220855520956,0.012807294405082513,-0.005840421841084135,-0.0014258948866929493,0.012591709943050177,0.003418018034547972,-0.004096534692639001,-0.0018839688942466192,-0.009819560140051926,-0.0101225501518695,0.004453578088575494,0.006331613858774795,-0.00014669409889904363,0.0010811971910942343,-0.0010302530080788974,-0.0004460119542779648,-0.00017623077586854073,-0.00010908189916541564,-6.934223621973259e-05,-5.173371235697393e-05,0.9304261799469667,-0.2507319374993034,0.0,0.2183977101704825,-0.04838477208759477,-0.08459809596685541,0.02432557876226677,0.055056600930411516,-0.024433088535552733,-0.02584885432422023,0.01960719095309892,0.0012604090807058592,-0.016778590585176792,0.003633411220197997,0.00753497281651947,-0.00024865053007784663,0.0012275844446313188,-0.003055376535961649,-0.0029016302742536962,-0.0007393438544104963,-0.0015919025246217634,-0.0016705103247574432,-0.0016895456025363645,-0.0016950435631237627,2.0185445865185603,0.8542385194864706,0.0,0.0009252471908607731,8.445204643135767e-05,-0.00044502066497251603,0.00040114419903419216,0.0004212501800889545,-0.0002987469272717178,-0.00016643227407111294,-2.292117553070516e-05,-0.00031264377651534685,-3.6449473859191614e-05,0.00030533549020676066,0.0001545417110223486,0.00026332036245228264,0.0004025850309330062,7.889291295621592e-05,3.596840402442123e-05,0.00011300884477071772,8.451695114554236e-05,7.743345551125529e-05,7.431286074029657e-05,7.301846949608021e-05,0.2887153790818863,-0.6731256723070627,0.1,-0.0076019134961325925,0.001605783708925886,-0.00043364272606054635,-8.939534715388412e-05,0.00032024813887055435,5.503182105560543e-05,0.0002766866904965525,0.00016563774035178904,-0.00026282259917686075,0.00017397333692210305,0.0005278900852805871,0.00011622371708017713,2.967405462052684e-05,0.000140101071087121,-2.6599150185020762e-05,0.00018783175915202104,0.0001829823879135886,0.00013672077209714152,0.0001266884306854848,0.0001225719043731414,0.00012093754506288206,0.2624669083380679,-0.6394281648794464,0.0,0.012527095093198569,-0.0026426371172121182,-0.0007531525800616882,4.96673411563525e-05,0.000124166880953824,-0.0002378638554364791,-0.0007154968544058523,-0.00042927620152200354,4.5006129718070265e-05,-0.00016252907717276459,-0.00014850560088287932,0.00027403694063567473,-1.939094482413087e-05,-0.0005126209417870291,-0.00024290544700935742,-0.00010806017932167084,-0.00020209914968027928,-0.00017671808158137964,-0.00017156866592942983,-0.00016919294231501316,-0.0001682113536797393,0.0001488863908635944,-0.011513912708628126,1.1,-497.63388397152465,-0.08683357743510099,-0.761523844936292,-0.03416439335234145,0.2893498375915442,-0.039355755130067394,0.27566298326964395,0.5140671550917624,0.0010101345912083561,-0.09119326184951683,0.432331783213586,0.5823781887399111,0.4070759937748454,0.36693297227773947,0.3889534520634648,0.4324092480293161,0.2862090265214583,0.2366966965372459,0.2208146997429612,0.21362692624744464,0.2106800239776128,0.0001077133320852048,-0.00033848271300867454,0.2,-872.3963107310457,-1.8637029260184332,0.987401932590231,0.8036114007080641,0.11522854079119328,0.3760494234439449,0.12635931823209745,-0.2603423949393644,0.017684874505540904,0.25366358532701483,0.16489268025660309,-0.09766669226586087,-0.2610929743973802,0.1455290775514655,0.24766376867245302,-0.4588323771316496,-0.032580905677878746,0.013290171305797571,0.017640428300900624,0.019743347085183768,0.02065084866927513,0.00023666473835823722,-0.002374460175993609,0.9,-695.6865503284065,-1.3426465490072417,-1.4036484963513305,-0.776853656404711,-0.07449244696113055,0.5515784762895635,0.3327583108616849,-0.8738824422610669,-0.757165753228481,0.7889337139919945,0.7881605645366143,-0.3796926775081637,-0.2887602934902276,0.2287549655885428,0.2777258116999768,0.5198286735642235,0.11426616288335367,0.10289316293967764,0.09554307481984736,0.09020187555255887,0.08760865190257673,2
2022-06-08 16:40:07.975446500,0.000167465219481939,-0.0003684677313371222,0.003265364780760339,7.793712574840077e-07,-0.000180333510689346,0.0002588786627801143,0,0,0,1,0,282.015,-12.337504017789481,-21.453790970821096,-17.04702918211709,3079.1302214490306,0.7238897320055906,0.016091060030947887,-0.06350918390612828,-0.022004140174199032,0.0021691478696950327,-0.0035809251204782346,0.009107466207984156,0.0024469677852976238,0.0008555021571428281,0.004350734909079033,-0.00025139130035682427,0.00023664843045930611,1.2694652944716721e-05,282.8787979166704,-12.02537910882108,-21.32681008975961,-17.01101449266804,2467.4307754274946,0.6172175544746774,0.07740279612913163,-0.010919522982781872,0.024482068202083897,0.0019350963123858226,-0.0016687167533679095,0.012872912737140614,0.005471823569950065,0.002661607312603541,0.0057549897484180145,0.0002981059739397085,0.00031095402445989283,0.00026561908396136925,0.42524502201147774,0.13353867694604826,0.1693453330946594,0.16380261561150394,1227.3285266741054,0.21218137942968415,0.1223296266333161,0.1113508561539506,0.09147829713368136,0.0006227880873186631,0.004783454610194622,0.0057790414148764365,0,0,0,1,0,0,0,0,0,0,1,1,0,0,0.7995815972912974,0.7394389534837706,0.1,-0.07146147303598539,0.015337277204406675,0.014488108966590153,0.013137021518920204,0.011374602470295814,0.009316802700433044,0.007095254786667521,0.004846399164996761,0.002700387808669,0.0007707333877216343,-0.0008544532201339687,-0.002119123060375669,-0.0030042832767162905,-0.003536110553475084,-0.003834251010361473,-0.0044312791063827964,-0.003672392831364567,-0.002538248733753195,-0.002083480104392239,-0.0018646432895371547,-0.0017714684145067898,0.8409674639308066,-0.001408741888054714,1.1,-0.03839127905690142,-0.009689299533838486,-0.008936030104077078,-0.007750052283554365,-0.006229011552808298,-0.004497118097663576,-0.002694063829743452,-0.000962646054155986,0.0005637267936344418,0.0017724256406516095,0.002580679369505629,0.002941100591760732,0.002841945925011252,0.002297560031623813,0.0013046970966494875,-0.00032669606777908304,-0.0005635184692791643,-0.00032663526307878866,-0.0003262027491205917,-0.0003405428508037873,-0.0003492695294243561,1.0346044701580377,0.4690394295945402,0.0,0.22428574801052864,0.05089482315496357,0.048907060164232886,0.04574843313937525,0.041636566901335166,0.036849750125268255,0.03170345658811903,0.026524010792785144,0.02162179479118413,0.017266447026749957,0.01366637983057915,0.010954777969957906,0.009184632039605102,0.008339834122363735,0.008412624106012258,0.01013180134111635,0.01194301244117772,0.011384789242837442,0.011241687174051863,0.011200990887083435,0.011188972452248909,2.031770339503334,0.2790066545005587,0.0,0.000493682961939182,0.0004825577729792344,0.0004500688150960764,0.00039879691117928196,0.00033278738189316506,0.00025719083332195985,0.00017780763115426328,0.00010057817243906988,3.106618471442725e-05,-2.601673274035415e-05,-6.719990814148061e-05,-9.051509921301772e-05,-9.558943171347188e-05,-8.347395082601142e-05,-5.537533228465332e-05,2.7609557090873343e-06,6.213634363008527e-05,5.485508282710022e-05,5.2134489779710854e-05,5.110960947233532e-05,5.073507387711946e-05,0.08676099878638198,-0.017663347292959798,0.1,-0.009136436563719008,0.0005272402708154796,0.0004871274711414548,0.00042396025077787007,0.00034292131259319037,0.0002506028431026211,0.00015441761151084758,6.194093428700455e-05,-1.97544723463616e-05,-8.47065944485821e-05,-0.00012855234422357538,-0.00014883219569353503,-0.0001450209222074429,-0.00011800643762903222,-6.716760376731295e-05,2.8295777354569514e-05,5.404299542349447e-05,2.519489690290606e-05,1.7857901106412038e-05,1.5244046159861991e-05,1.4308128246214173e-05,0.035740446104072295,0.23067794621962165,0.0,0.014204612758988953,-7.408827832977192e-05,-5.226053349285573e-05,-1.778156622834256e-05,2.667309168195354e-05,7.769157522355343e-05,0.00013142168014996898,0.00018390096383540902,0.00023138893842871005,0.0002706674234336866,0.00029927393128053654,0.00031562817113921037,0.00031898766155500995,0.0003090437016436781,0.00028389049696787275,0.0002176776611354512,0.0001291790399755637,0.00013286336995943778,0.00013360882289472367,0.00013356342340219612,0.00013347457635031184,0.00014294089788135112,-0.010136679847240544,0.1,-500.4422167133234,0.605611660223019,0.5849255165354991,0.5520626949751629,0.5092991132195621,0.4595442684118183,0.4060949849578535,0.35235929790667697,0.3015757495257105,0.2565541538094074,0.2194631793524806,0.19169018735207466,0.1738087283011307,0.16575625495177349,0.16785468808898507,0.18941648242003065,0.2139181872121867,0.21027579239412295,0.20998477474748434,0.21013269601902,0.21024302793308136,2.764644874965078e-05,0.003073970358320863,1.0,-872.7044567572874,-0.5492153316129844,-0.5135858932917046,-0.4577682329112349,-0.3867663131741637,-0.3069327098295247,-0.225390401088589,-0.14938892706661733,-0.08565814906274838,-0.03982699128262723,-0.015978537235451284,-0.016429315279815167,-0.04190025908803818,-0.09264795437896822,-0.17341865881484253,-0.29408386915310913,-0.15872242346860332,-0.0949848820199719,-0.0819089811338749,-0.07682072828655251,-0.07481483938745638,2.5921252118741487e-05,0.004233589178485042,1.5,-696.3134913236613,0.060080048284305576,0.027536145825862945,-0.0229761223796956,-0.08623265227547705,-0.15561786816922307,-0.22374127640179609,-0.2831212348544909,-0.3268662951236898,-0.3492793946005825,-0.34630578662111233,-0.3157324915515485,-0.2569970356337485,-0.17028736756399887,-0.054391993021639,0.06351501625600164,-0.08187643457195293,-0.09160887612149617,-0.08335158057049696,-0.07874324066292092,-0.07669423528493624,2
2022-06-08 16:40:10.725446500,0.0011829475471149048,-0.0001932370432985484,0.002760377505220599,9.900616482669143e-07,-0.00014653087185977868,0.00021038574178850112,0,0,0,1,0,282.015,-11.98210630213044,-21.56492161401368,-17.022368545767332,3883.918679915773,0.8630225113165075,-0.06322305342842915,-0.1394224334632207,-0.0796083538250609,0.0009609390091820145,-0.007126948679798082,0.005471511803066301,0.002425974508868089,0.0008145572576512412,0.004362605436672149,-0.00024239240321019634,0.00022054213446415932,2.460924648641849e-05,282.86835212585424,-12.032382107928647,-21.330358241484692,-17.00947713634483,2475.4008781625657,0.6186183920780834,0.07658512328957655,-0.01157142039902817,0.023886124312739072,0.0019419415271034566,-0.0016894640420540778,0.012823557735031046,0.005471685314194038,0.0026387365547215513,0.005707977453200464,0.0002995201642082004,0.000312867534792942,0.00026302743302993297,0.4306483837016179,0.13365448479099268,0.1706251707795124,0.16168022856144335,1224.3853312931356,0.21169206323675085,0.1220493850514221,0.11103801940144532,0.0912511542089157,0.0006159762198815747,0.004764394402549482,0.0057795173752647104,0,0,0,1,0,0,0,0,0,0,1,1,0,0,0.5050256869361992,0.5742500986682793,1.7,-0.037505582020496274,-0.00244363384225096,-0.002444776375027861,-0.0024467597379628217,-0.0024497146837193923,-0.002453851696785159,-0.0024594977731174487,-0.002467162076789059,-0.0024776570908583697,-0.0024923350613362547,-0.00251358640748648,-0.002546003370457779,-0.002599494708604876,-0.002699284693123725,-0.002924164148643623,-0.0033600239941565147,-0.0021168754781003283,-0.0018131295657643058,-0.0018359264500142547,-0.0018680406823663746,-0.0018851478252927933,0.07363900697066751,0.31768238405152543,0.1,-0.02093144908193196,-0.0003804293258006957,-0.0003811307234066201,-0.000382336299319554,-0.0003841046754577775,-0.0003865260299687203,-0.0003897317265345957,-0.0003939091566884792,-0.00039932406123476265,-0.0004063530421241735,-0.0004155270007129951,-0.00042757224777500335,-0.00044336845807499365,-0.0004634599300905178,-0.000486254057383505,-0.0005216284509892567,-0.0005603263450695182,-0.00048785960313007355,-0.0004401028122838339,-0.0004155585029554736,-0.0004052368326502729,0.008712064617358689,0.1188507621441717,0.0,0.15316350639937634,0.0007465877417438207,0.0007483646415441421,0.0007514399655125533,0.0007560003376148004,0.0007623428717427258,0.0007709222227642178,0.0007824326713221407,0.0007979554528596182,0.0008192372370755468,0.0008492565841556062,0.0008934977179229924,0.00096324658678821,0.001086068914546396,0.0013502618795399569,0.0020177872046753427,0.0013128027028656384,0.0008330117674284269,0.0007349226543195048,0.0007012939144663295,0.0006891776277371609,1.9467898468854141,-144.50473571355042,1.7,1.0956437175299585e-07,1.011931081231538e-07,7.557955593374013e-08,3.115591833287594e-08,-3.493652380179261e-08,-1.2728392212056508e-07,-2.529773273855141e-07,-4.229895688954652e-07,-6.546902596914482e-07,-9.76691553017267e-07,-1.4388937509609389e-06,-2.1354065237958438e-06,-3.2637983081364894e-06,-5.304042708463071e-06,-9.613171360078036e-06,-1.6238705059395862e-05,6.804263400155795e-06,9.70384045825074e-06,8.490200431167584e-06,7.692438010888702e-06,7.333292715450298e-06,0.009295198798880105,0.11825280372077787,1.6,-0.008453394010483912,-5.6279741148938893e-05,-5.628312924102941e-05,-5.628891875048698e-05,-5.629732959125139e-05,-5.6308678509734546e-05,-5.6323377851000586e-05,-5.6341907204336354e-05,-5.6364700792476855e-05,-5.639178373478335e-05,-5.64216344387167e-05,-5.644745191043618e-05,-5.644340407637269e-05,-5.6302452909877785e-05,-5.5438617192147975e-05,-4.936872165781553e-05,-4.608423158098819e-05,-5.113399164814348e-05,-5.27637149699527e-05,-5.3407063654211e-05,-5.3653840110707485e-05,0.012767600927939451,0.13700606150027672,0.0,0.012317054675061218,9.591356313761724e-05,9.595251169961763e-05,9.60200118225896e-05,9.61203153306172e-05,9.626021838909263e-05,9.645017414100618e-05,9.670624095278064e-05,9.705358649719123e-05,9.753309828083233e-05,9.821468973592913e-05,9.922638018609128e-05,0.00010082450015909784,0.00010358010871289152,0.00010877614046317628,0.00011170209121513535,7.691645949629344e-05,7.832127311393187e-05,8.156822886610816e-05,8.323211817114326e-05,8.393290914216114e-05,0.0002402287754000603,0.0026844393373364594,0.1,-501.3883347480148,1.7085028846132957,0.4437636683845483,-0.301147306182024,-0.1223877808564211,0.3622131965448574,0.4154607767414511,0.008918808367198494,-0.3404799535991607,-0.2768584806583139,0.07982460157593962,0.3894623238197745,0.4202698123900497,0.15230947817452645,-0.2318889292969448,-0.41187196373973656,-0.24919359407327055,-0.19466542284664531,-0.17046869515722385,-0.15875730642037664,-0.15381385648261725,5.3698389040071445e-05,-0.0038802829723243813,0.2,-876.0962747521904,0.265264302643331,0.8364634687277572,0.8014788981597434,0.15456607823482216,-0.3850837543982024,-0.4066625062379856,-0.215871556581412,-0.16386342356163294,-0.10524300615519168,0.1912734048611888,0.4959610251736741,0.4258060994511581,0.10012638146548623,0.004729783937364118,0.20613261929632287,0.21557246630523608,0.2253499196217099,0.22557905546277546,0.22485906518367926,0.2244585102058956,2.9363745714317604e-05,-0.0018035933103249184,1.0,-697.4972318712887,0.4400903159767893,0.1147706286301826,0.035363057251899484,0.17900781512111766,0.18663842890595106,-0.07047934366034525,-0.2683898583401643,-0.08619025836037864,0.31471576650523403,0.4721588154317651,0.21192722275298687,-0.15388377189500702,-0.2463264861387202,-0.07191500832491471,0.026482162937693232,0.0625159753843505,0.10204048081031658,0.10719202373742932,0.10826366557679457,0.10848117328518557,2
2022-06-08 16:40:13.475446500,0.0008646489764162321,-0.00011462122263118545,-0.0004902119125705265,-1.7968669130650556e-06,-9.522884258296156e-05,0.00018116736272083932,0,0,0,1,0,282.015,-12.212209520877561,-21.402650441617414,-17.196223271653405,2420.9503190674504,0.6099779635274329,0.08314569867619677,-0.005102874701540353,0.02640593168989027,0.0023261344531608106,-0.0010524647685828238,0.012043614910215208,0.0023636667973377487,0.000794756264436066,0.004150074692469574,-0.0002330181641302928,0.00020305395049475603,3.875476151619665e-05,282.86514706633074,-12.031244723878393,-21.332640977751666,-17.011662454959744,2466.529353391188,0.6170995366595516,0.07749602172083557,-0.010770618694641212,0.02455147097703369,0.0019421397745471058,-0.001652877461054935,0.012855717530382569,0.005491734736697747,0.002648981023531944,0.005683827017322406,0.0003005529799171175,0.0003106985777997325,0.0002543832951089096,0.4363351786392491,0.13637604998747654,0.1722961866240084,0.1639815033224916,1233.1599112347608,0.2132144979929579,0.12293245679913747,0.1118328711203132,0.09188330396710848,0.0006254770546974637,0.004798282121391266,0.005817949266350935,0,0,0,1,0,0,0,0,0,0,1,1,0,0,2.258722985220732,0.7205885764414465,1.2,-0.008284503548102218,-0.015226140813074922,0.0025489718288893683,0.007706210990348527,-0.0020010068656851447,-0.010700606240871404,-0.007856162885954476,-0.00046383461105203817,0.0008039883113911138,-0.00228139988202575,-0.0007143861323454584,0.006013642177867106,0.008764190770421993,0.002643346495093746,-0.006081761950195711,-0.008049627818226301,-0.0024362351907887122,-0.0022199507257141078,-0.002170957046648837,-0.0021306921425604105,-0.0021106792841087715,2.3514572408759684,0.4746923861143291,0.7,-0.00557764506142242,0.004927114480040679,-0.00023378013271450532,-0.005294703394145353,-0.0071060625838027264,-0.0042385607209702225,0.0017544815496401195,0.006506564266107406,0.005688250235697168,-0.000713208231383245,-0.007306030244850806,-0.008168433103609294,-0.0031860778943838047,0.0019691852427513507,0.002892069239229571,0.0016204059814559685,0.0003349181336749842,-5.1309951547705735e-05,-9.604829797133798e-05,-0.00011191885056827214,-0.00011825453428662019,0.2515680432564853,0.34633722031697856,0.0,0.1089850305826279,-0.016686307292607668,-0.004238733890719399,0.0025640103238875195,0.0016742342049126946,0.0006229366168154261,0.004149075962112893,0.008299887736655655,0.007954151265439746,0.004479876272146075,0.002397586717992171,0.002312091283195664,0.0017907182256359688,0.0011458396127300224,0.003035615450955086,0.0053360628779175676,0.000837382849117994,0.0009138547876358562,0.001075095171905651,0.0011491494206983836,0.001179588552431925,1.9563412970263447,-0.16316733714448767,1.7,1.0996157859394896e-06,1.0704702915973584e-06,9.8147941022156e-07,8.277932504616219e-07,6.006652209375369e-07,2.862980552848618e-07,-1.3615135550681709e-07,-6.979698827356091e-07,-1.4468003834694774e-06,-2.457384731588871e-06,-3.8523423762537625e-06,-5.8459012311435925e-06,-8.847019871812241e-06,-1.3740796671387394e-05,-2.2694535554769e-05,-3.3286092767509914e-05,1.1550890596369444e-05,1.6621724321510613e-05,1.4923431627923066e-05,1.379954006809549e-05,1.3288955411150615e-05,0.015476866703461897,0.16932499563179684,0.1,-0.007160596696200872,-4.380795196402441e-05,-4.385467852055774e-05,-4.39355748383277e-05,-4.4055596650363316e-05,-4.4222649184531453e-05,-4.444886442960195e-05,-4.4752845758793465e-05,-4.516373802650441e-05,-4.572903163336446e-05,-4.6530765038214504e-05,-4.772309348909673e-05,-4.963451174968059e-05,-5.312598446265428e-05,-6.152233131560643e-05,-9.599299677827564e-05,-0.00011197891581797224,-8.717060465822886e-05,-7.805415912931596e-05,-7.393515026924087e-05,-7.222926834301121e-05,0.01827140110112338,0.14869276222263458,0.0,0.010264962106652328,0.00010881765042222908,0.00010879044408164307,0.00010874361813169947,0.00010867478292271712,0.00010858022702421435,0.00010845446441476695,0.00010828949604925323,0.00010807359328538228,0.00010778922575649273,0.00010740931883945473,0.00010688974242698824,0.0001061505343130414,0.00010499966499874775,0.00010242905650029544,8.395463242736203e-05,4.594515884741681e-05,5.832671042666601e-05,6.544144724495079e-05,6.905124841964086e-05,7.061559835794494e-05,0.00034196254123560285,0.0007396456164969464,1.4,-499.47426496135114,0.7939938069844885,-1.3170277226624665,-0.6909480099841474,0.4912820303426031,0.8939460138540269,0.07093873123552541,-0.1125180938281396,-0.9547297853551272,-0.11061891584329507,-0.6421192733027663,0.08403203755409194,-0.35449326432725137,-0.0969826281608288,0.9306038245552076,-0.08571178377239086,-0.004888645725436902,0.0284822355674752,0.030097528697316637,0.028558121875324364,0.027510062429502824,0.00010324270086160993,-0.0017782931811232078,0.1,-878.4955168843593,1.6383632026708028,-0.35381486933829365,0.4616336122380886,-0.4593675673591662,0.3278963561907844,0.915006911883708,-0.3857380342523058,-0.11851582026905305,0.7795109456188598,-0.011954642913060807,0.22345715379440634,-0.41109880806855337,-0.257020165697913,-0.28553512826306715,0.07896382489500198,0.16682306741983766,0.15135532359547102,0.14459787330182827,0.14167427268752064,0.1404058714437717,8.637873100933086e-05,-0.003145088899048657,1.3,-699.4030886456579,-0.6155865959192255,-0.23583399188385104,0.2828194468217049,0.5822291440477301,-0.12207753983767587,-0.028219182209205936,-0.3824449466727096,0.4157929701343406,0.12978639912176604,-0.20696166861371168,0.3300777106662114,0.31336059389712645,1.0892534794586304,0.025825315660778614,-0.3870595686015257,-0.0181619389033898,0.055720256974314715,0.0678383077028748,0.07339347727987544,0.07569618377112564,2
2022-06-08 16:40:16.225446500,-0.00037580679460596345,-0.0012493384764227875,-0.004172816004023759,1.6587070866818946e-05,-4.84518771798628e-05,2.0153471697978347e-05,0,0,0,1,0,282.015,-12.052913762850926,-21.39676876449461,-17.260688908932885,2940.9178849265804,0.6996846573942955,0.032205019095964404,-0.05382844394041189,-0.012043548210659378,0.001771019317313157,-0.003274383448220379,0.009611080298068946,0.002305387697444649,0.0007816214905545273,0.0039420106578523795,-0.00022262504502370853,0.00018602336226579267,5.020356105908385e-05,282.85690548469836,-12.03148417761918,-21.332335743372354,-17.011803408843427,2465.509636172693,0.6169205558805058,0.07759561894841023,-0.010676820067999523,0.02462262269633229,0.001941340060520509,-0.0016462174222363686,0.012854704252908895,0.005509087966015729,0.002654282367415166,0.0056915069778515435,0.000300670636557653,0.00030607510189542347,0.00024354986049645116,0.4486656775017831,0.1371926835108003,0.17337066423293404,0.16610590064470948,1248.374179267521,0.2158330339983132,0.12444570550926624,0.11323091295030548,0.0930269112264158,0.0006351168806128912,0.004858373550520298,0.005889408668839878,0,0,0,1,0,0,0,0,0,0,1,1,0,0,2.1719304082590223,0.8697417470964152,0.0,0.008647662940970325,-0.0010370632979649842,-0.00036040487135982407,0.008434445895322587,-0.015592758305763984,-0.011352916689598818,-0.0015228392457833212,0.002716159305596621,0.006791888395358326,9.462319413495908e-05,-0.008118153273267821,0.0040027148927079285,-0.0032980265324352013,-0.007015530150493272,0.008052316700985981,-0.0047829166187482895,0.0022308082177376017,0.000684543305124786,0.00042199262824842,0.000333362470651182,0.00030138183295207844,2.0534240599731155,-0.4549589233039681,1.0,0.006615653880669674,-0.0027172813947429248,0.0005764902471175324,-0.0036395867049835735,-0.013875766363936358,0.0033552016577681394,-0.004796802801027359,0.003344241886130716,-0.0028277311108833108,-0.00541919845824729,0.008743406888709114,-0.005809563792011807,0.007337513415772311,-0.0008244502391326938,0.0001746470080677021,0.003062962673527316,-4.986337110476045e-05,8.625550972663452e-05,0.00012261428652295968,0.00011882607771862,0.00011451689555854273,0.8888268146280572,0.6916941336425585,0.0,0.061239276821036685,0.0008514046455010268,0.005274481933633539,-0.004289782525852414,-0.0028459026646065755,-0.0032819458207096392,-0.009807458062494109,0.006736857073525066,0.00918104093235977,-0.003940779052968468,-0.0039014342716911007,-0.0024542103537158327,0.0025530436941641264,0.010933361638132464,0.011659879543948759,0.013745576817978677,0.0025357038665231365,0.003057953427024259,0.002999647560123192,0.0029416676075006004,0.002911581880535584,2.3205859472429893,4.677903237559406,0.9,-3.522495643842486e-05,5.9396144921527576e-05,0.00016806444142722308,4.727975339986228e-05,-0.00022238493328329443,-0.0003415120236544024,-0.00019104926997411765,7.370871905364958e-05,0.00026705443987191696,0.0003277636413187545,0.00026529231954942683,0.00011721907441372405,-4.094361966864239e-05,-0.00015157290381723968,-0.0002148441787845983,-0.00017555417441502959,-6.757440137088712e-06,2.592022051239754e-06,5.720641131859492e-06,7.281280308574515e-06,7.937824774408542e-06,0.08751503173432594,0.225117904190974,0.9,-0.0057726528397551964,0.00010406171990390094,0.00011415157010062151,-2.2238273839488682e-05,-0.00019049772393794117,-0.00022454347703210908,-0.0001459590777610531,-4.615721845445717e-05,7.113007800081255e-05,0.00015415986322760082,4.819874951915996e-05,-0.00021312679666848648,-0.0003169417003517403,-0.00012325993053149072,5.389645215462282e-05,-9.969398239536541e-05,-0.00012596480511521273,-7.963639280077518e-05,-6.662861999535874e-05,-6.076486186679232e-05,-5.832802637927748e-05,0.09210882025694994,0.2931169766253245,0.0,0.007398856129425094,-0.0003343394488417417,0.00023817946645714034,0.0003191415136669367,3.1828506115023176e-05,-6.42877504946019e-05,7.701216086875679e-05,0.00012144409208660505,7.340903267133813e-05,0.00016657916334480936,0.00029228908264730333,0.00019132510208378302,1.4934469236981439e-05,8.22539209578432e-05,0.0002645029512152433,0.0001885236600624637,0.00010311990615775418,0.00012519006027276837,0.0001301063114539328,0.00013187436687837016,0.00013251207612288994,0.0005723157884351308,0.0052000428479391635,0.4,-497.57085584338836,-2.33040510239514,1.2419468439511905,-0.5438994416953875,1.404104764260751,-0.8352710136069703,-0.28347646036634444,0.02587196500723721,-0.8168181419819902,-0.09336792836311858,-0.24792644243162165,-0.2095888115802076,0.09945689083838792,0.3950197156914932,-0.07597428465302336,-0.3902973187765007,-0.15835055037442558,-0.12305414101290955,-0.1243281694978542,-0.12491202084810382,-0.12513641076031634,0.00010252074894246516,-0.000422056287509176,0.5,-878.6817285322998,1.0434064448336071,0.4491672169330627,-0.4452891646790249,-0.4694097513563236,1.123725376401019,-0.1798716357341945,-0.1614934872670375,0.0996086106987022,-1.0023722639031831,-0.14864877607262272,-0.0965195271833359,-0.11275184080299637,1.109709955118241,0.15945488178251566,-0.16070669884057764,-0.0009237808759365863,-0.014297094171766387,-0.007653241118783072,-0.004739081124217393,-0.0035135911920329828,0.0002040938681881173,-0.002821548405218768,1.4,-699.9147921757058,0.4647168757387448,-0.20841309479007464,-1.0168317016448114,0.4910226485570846,0.5573385336371004,0.3236757302518214,-1.1885857984231656,-0.3372361493729237,-0.5233662617334396,0.09509562741459733,0.5866053077484388,0.6763156086271067,-0.9867551398624864,0.9382202011381297,-0.36060910087218895,0.32276930966725104,0.247124777363986,0.22118810392187527,0.20809080260226145,0.20241516799502435,2
2022-06-08 16:40:18.975446500,0.0009368253092456207,-0.005730396946612115,0.005995231413963016,0.0001249997190908562,5.866773124143766e-06,0.00021309028313090922,0,0,0,1,0,282.3692,-11.902072929472098,-21.464833756516462,-17.093423809390966,3527.3479296180353,0.8009625176831204,-0.02705816548051189,-0.10804518194223238,-0.053669535332597086,0.0010338098190331485,-0.005942255015333531,0.00746748463270132,0.0022372172574105825,0.0007279164669961196,0.00383293972830373,-0.00020894015904740105,0.00016980174536027437,6.410383066609298e-05,282.84657904762366,-12.032029029686893,-21.336347688331347,-17.009869011084113,2462.483395806892,0.6164145929917004,0.07788784500579088,-0.01038366039604005,0.02487855493378857,0.0019389785152256333,-0.001632263020812754,0.012860366947715841,0.0055272537390168705,0.002692139552802457,0.0056790408335610455,0.00030112883706743805,0.0002987000632911993,0.00023172901864376274,0.4599622346060117,0.13865170732256682,0.17643911895695313,0.16750279632716306,1257.9867427364222,0.21750381064616486,0.1253973399731159,0.11409683288545748,0.093738856170568,0.0006401112768948019,0.004892747094394582,0.005940110676161193,0,0,0,1,0,0,0,0,0,0,1,1,0,0,1.969493423679536,-0.3720799685521054,0.5,0.00683109669187665,0.002378738501671361,-0.0009912577361496592,0.01144944136706234,-0.012580579834911973,0.022730694616460274,-0.00427422918774431,-0.011921490318169584,-0.00010890097846509616,0.002414312514547779,0.008399439398926751,-0.0003778661259266926,-0.014002675305714377,0.007446858881490027,0.004018806620915691,-0.0026252346830525192,0.0004456267709251392,-0.0012254248254158267,-0.0013073180915137554,-0.0013016781361734995,-0.00129277297596371,2.053599787605798,-5.5998267392148335,0.9,-0.006805653766797334,-0.02483832400407175,-0.010023433514929559,0.0035457072327716686,-0.013417131362623977,0.004112507474580645,0.008008771765437312,0.00035302086477885763,-0.007909407210324763,0.009930100196653116,-0.00013060565298879522,-0.002333292407564845,0.006601149279773023,-0.0006810013500719299,-0.003145633998887341,0.006275305168928797,0.0038490355068492,0.004699351061268356,0.0044837991114155245,0.0043433147670923645,0.004278300611654308,1.3166854537841193,-0.20356411043022846,0.0,0.054921430296332584,0.05199823708260347,0.013305947064608184,-0.0038094358000744116,-0.012616815916115008,-0.0009564873957167932,0.008463999770441691,-0.0018655646544836649,0.000635079621658667,-0.0011435967002137474,-0.004397467493951355,-0.004453101100671116,0.01518093019541522,-0.009054233341123371,-0.006742379186751697,0.009312796354816341,-0.0040129524635990855,-0.0028828583809216647,-0.0025856623795464787,-0.002438349825724538,-0.002375071566475356,1.9101941375587723,-2.734655099103829,0.0,0.0009699934367317617,0.000692793234120084,-0.00017469353171211522,4.568428775392442e-05,-0.00025764437266422816,0.00032751478063138684,-0.00018415243355293545,-0.0003980454650518527,0.00034416344895169475,-0.00015995176106008488,-4.810313888377356e-05,-4.2050835055403134e-05,-0.00033372898149194337,0.00023336920213207798,5.3725197364252306e-05,-0.00031809846935802554,-5.394778756275249e-05,-5.928112355613352e-05,-5.867690623368535e-05,-5.850635189535267e-05,-5.84513610264569e-05,0.3095940027304192,0.33335302925488425,1.0,-0.004107623026242535,0.0003010550537393941,9.286130550097269e-07,-5.1816599794001724e-05,-0.0005448132618743884,0.00012199391257719343,0.00017316389242283986,-0.00025889100003480893,-0.00016218012075160543,-0.00021553143882992764,0.00030837633415141223,-0.0002192781189466927,-0.0003079044576749643,2.994320169894847e-05,3.021452998229265e-05,-0.00015167414265685145,-0.00012611907767936327,-9.352657440769982e-05,-8.779083722354085e-05,-8.589486074611772e-05,-8.523560442194977e-05,0.2312200466973092,0.06361750710799803,0.0,0.006171467338596097,0.001387070154606693,0.0001358196651657069,3.433765835151112e-05,-0.00017476017160875692,0.00026861396869425807,4.952339096235374e-06,-8.481782259893272e-05,6.237196288174382e-05,0.0001457818911696055,-8.273640851745287e-05,3.812289683159912e-05,-6.584510420755726e-05,0.0001456288139164133,3.00771488394213e-06,3.4448887591685276e-05,-2.9842918687107592e-05,2.7092104181487565e-06,9.192790691933277e-06,1.1546967773386935e-05,1.2405164018108984e-05,0.0004424305525019449,0.008033456507686672,0.4,-495.2491030239932,0.1826136458788952,-0.7084744377625896,0.31834450366746125,1.399311380362512,-0.6355698765902105,0.5571052824607037,0.8481382597159346,-0.030622962303002762,-0.4944222999072601,0.4450774565485993,-0.23569716829383405,0.3803326486464895,-1.1976877787472215,-1.203764215967178,-0.610438077709949,-0.08396942849609522,-0.13471829096343413,-0.1384745725244798,-0.13778402548552648,-0.13696052377559087,0.00021468830026137982,0.0015073838417323873,0.7,-879.7278374825128,-2.098624467989453,0.1250706818056102,-0.2914767745167808,-0.4319686769075446,-1.2205872955682937,0.4992762223666958,1.2205328676272489,0.4004126256696381,0.5010595341110822,-0.13348549013238298,-0.2098573470205416,0.8455313124725095,-1.4520896466365867,0.6379241318642349,-0.2945280788083018,-0.2051478798421158,-0.1606496775999524,-0.14819495888727907,-0.1414709599729207,-0.1385049440440409,0.00029363281362646443,-0.0048462121934858245,1.3,-699.1418368327567,0.9797890057015906,-0.2236040896737137,-1.991756981956144,0.2617854794188545,0.297430528571347,0.5344550899455811,-0.12626109130307128,0.4215454817093765,1.2340278416525514,-0.40697759250758736,0.3883476324204107,0.4442701939935034,1.3597626038874573,-0.3761236535472179,-0.8241054993853858,0.2615285473651561,0.15452034095269518,0.136480257613659,0.1296544092740337,0.12698469882304986,2
2022-06-08 16:40:21.725446500,0.004451124669633486,-0.0070939540253595204,0.003022730204661084,-0.00012894953375732558,-4.89157875998699e-05,0.00010393671717199637,0,0,0,1,0,282.9258,-12.092806634948184,-21.674797583675495,-17.07549096462447,4308.297122703789,0.9373814241980944,-0.10486562530965496,-0.17673419924172235,-0.11129112143779524,0.0011167238549533321,-0.008524554180978458,0.003746219039800972,0.00219250440377164,0.0007117075494699857,0.0036624279516117436,-0.00019318027618779,0.00015381377318798666,7.989694621025557e-05,282.8433390051066,-12.033693892349449,-21.338030293280067,-17.009084195433893,2474.3585627869165,0.6184758347204584,0.07669670364710247,-0.011442296185940054,0.024000207065161525,0.0019335248018695413,-0.0016740684232907286,0.012800775852536516,0.005539060000856438,0.002738818442376502,0.005722130698553903,0.00030091582391570564,0.00028870792780507786,0.0002188018224233496,0.4612162718404258,0.1405750190831856,0.1782869879764748,0.1684359238404318,1272.8889742648664,0.2200921477318066,0.12687571249121213,0.1154303547778359,0.09485306721180968,0.000644862641356171,0.004945958604611875,0.006016763021745253,0,0,0,1,0,0,0,0,0,0,1,1,0,0,2.5216214526318894,1.7426742799909216,0.6,0.006271715399606747,0.0008375453142576593,0.003066457997995861,0.003155868434080407,-0.0029436457470167995,-0.012739082704647109,0.009213024267365384,-0.01328138878511342,0.002460777460544622,0.0024789504613349873,0.004592855704898686,-0.003721517221322926,-0.0028373065322351942,-0.0073278137634206686,-0.0042488453751032525,6.678680978800607e-05,-0.01063467030235158,-0.010039042098043304,-0.009434408943458223,-0.009066114520272023,-0.008894141565214137,2.5539903634668417,-0.6478163116654984,1.3,-0.008748990383430537,0.006692759979564885,-0.002695767505224419,-0.01220575735086812,-0.007099069133796538,0.0016752993722469525,-0.012576741309156064,-0.012871454408627374,-0.0020782261431894398,-0.0028147704570880656,-0.01823352451973109,-0.01674879896450569,-0.00585545941844105,0.0127342139669544,0.00014489730134207342,0.006640449777665985,0.01047125217815236,0.00820238772748143,0.006875789666817969,0.006222594182985422,0.005943140908438137,1.7789274115022675,-0.4140349684771544,0.3,0.015074318084156798,-0.02420635764918657,-0.0049624365736614644,0.0363563300946241,-0.0060238607021854745,0.003377439761568114,0.0017793956077853214,0.0029398292548618197,0.000256195134411468,0.010825410311209628,0.01376611893358234,-0.004326413284096162,-0.005098122389143565,-0.000547443537548395,-0.008631484669475399,0.010445571334822904,-0.004151330073032844,-0.004009167695055185,-0.003791206996630011,-0.003693738680188148,-0.003651992432191209,1.1098942583741378,0.6299115825270404,0.0,0.002432391201771977,-5.1924922086061375e-05,-7.96070072182182e-05,-0.00031211844501685535,-0.00047548228368769866,-0.00035700535733511747,0.00014584883431858114,-0.0007648155379388331,7.990225144458707e-05,-0.00022902929598226133,-0.00029407753556145826,-5.697072765758781e-05,3.699947117061895e-06,-0.00034084150761302305,0.0003341061103924302,-0.0001864395751485977,0.00021048016328647796,0.00025308966900515565,0.0002785931960238901,0.0002933790093387436,0.00030015356915859417,0.6209767728302794,0.2817130702968153,0.3,-0.0024426693184324538,-0.0002836793607223392,-0.0002229566621946166,0.00018676289046596581,-0.0004921671326525698,0.00011956849467986328,-0.00014796423148701624,-0.00012091641260480359,-0.00010570510480253036,0.00010542044348619878,-0.00036481890664114187,-7.137288714689827e-05,0.00016996276935767114,-0.00021463007159652618,-0.0002069011787926572,-0.00020702680120717284,2.151411760720682e-05,3.336680252863208e-05,3.226339767966001e-05,3.0465627579661443e-05,2.9465335630412324e-05,0.22877597185827825,0.10490577546923037,0.0,0.006312748099871672,0.0011300724252806833,4.201001957096067e-05,-0.0002084096367501885,-0.0003493565924482132,-0.0001297574548928393,1.541653636807016e-05,-0.00022368224145091759,5.150052108060247e-05,-0.00026701317900798365,-6.532732900508997e-05,8.842755190895286e-06,0.0001419268245306681,-0.00013880415891646893,-9.474201313430869e-05,-9.049541865640427e-06,9.831314703050003e-05,0.00015288326896262282,0.0001720868191641159,0.0001807296653776995,0.00018430408191868396,0.00046026369475047333,-0.0112497429551683,0.3,-496.3516805032658,0.3036496957338244,0.4874554615361362,1.5220621970432902,0.8340669744447242,1.000712728402689,-0.5320723487591614,1.0925354594610646,0.017210413597862132,0.5294737195541313,0.4540622872838185,0.1070789468933544,-0.8954131731665154,0.7774891929632766,-0.08586134483831742,-0.13551712676787453,0.480120816032473,0.3353084885141317,0.29889624840962625,0.2825127356059092,0.27575084406006445,0.00015420458112410325,-0.005430860129460568,1.0,-878.8321084290201,0.5113864803928152,-0.9529512100451428,-0.051209651506397336,0.2092343778989374,0.6890252404443089,-1.2884949303848714,0.2402055201081481,-0.9000744541620165,0.284313368907938,1.3854863112127165,0.3913466228451981,0.07837215467120727,1.2801446602748,0.13317733884720795,0.10527976126334693,0.14394136936055446,0.1852285589067684,0.19020763132390076,0.19119824360734586,0.1913758750476915,0.00028890400147131985,0.00583305230902618,0.7,-699.3015845864411,-1.6540177764919548,-0.26190053279157155,-0.7867073496107579,0.2881902445739257,-0.1296273650798625,-0.6552696161880078,1.0798392711482876,0.8633438238371021,-1.5998890774076455,0.044592829053065934,0.17301227281410192,0.24938938708646494,-0.6541323802924008,-0.380338092009918,-1.0389594939818672,-0.021595876530124517,-0.09691010215093064,-0.11726789113319748,-0.12641275902831595,-0.13022784418111574,2
2022-06-08 16:40:24.475446500,0.0008413974000923504,0.0011929118858569467,-0.00042320350155876634,6.300237404076452e-06,4.973458325278131e-05,0.0002101157641662683,0,0,0,1,0,282.28486666666663,-12.28600944984534,-21.32498764481782,-16.843513623283428,2690.2412265788475,0.6556395602212509,0.05301052728818753,-0.02874365055446827,0.007654634746531203,0.002268977612992429,-0.0021621851793618093,0.011604412729715859,0.002137285622460664,0.0007357128783997183,0.0035372924670733384,-0.00017922501193212343,0.00013746777688140502,9.252122477109764e-05,282.82662910714754,-12.03441213636984,-21.33719708753456,-17.005292265851878,2442.2752823431,0.6129187079150182,0.07985635597772434,-0.008519110891012573,0.026402186398069526,0.0019463792904109297,-0.0015471275984640534,0.012947107928928002,0.005661901476005007,0.002826429953719825,0.005748149443745107,0.00030522808682103853,0.0002771281207119196,0.0002036235500179157,0.4698920015307878,0.14250492744316612,0.1790976031213021,0.16977391695596114,1301.5531895691925,0.22503843394995526,0.1297121701986154,0.11807090090437446,0.09698862793582796,0.0006660183780229777,0.005062424808627797,0.006146924264282464,0,0,0,1,0,0,0,0,0,0,1,1,0,0,1.9225875367357184,1.1547171068118376,1.5,0.013389654153769505,0.00748546107973738,0.0027315359212865056,-0.014919252638089672,-0.003612932985352636,-0.004000834356508298,0.004734860126429024,-0.014174578141569647,-0.022390055555154675,-0.00328082436611079,0.028846015156839887,0.008171017845338253,-0.03519320370468166,-0.04497283185320506,0.00021396894934338316,0.030272906284848,-0.0008163402502972737,-0.0002051111544572972,-0.00056698212297559,-0.0007979647412265905,-0.0009017815791689133,2.083389838514767,-0.10551041917108976,1.2,-0.0022713598182319585,0.02380618041032599,0.00607732949879334,-0.016267328790391344,0.0058168227985197565,5.818098772885673e-05,0.016198931244379117,-0.011801853967200744,0.006047840516241668,-0.018028400442918792,0.010752641018782531,0.002272945276348243,0.039488499162617284,-0.011273677790623788,-0.02555712111124339,-0.014637507429826153,0.005568877096708364,0.001696763211296885,0.0012492132644272554,0.0011245115476687859,0.0010859451846179193,2.2481944597644805,0.7627776973669788,0.0,0.016471842876946252,-0.019453019692860164,-0.002317024035794707,0.016251136046571597,-0.01160206570538788,-0.013479189710331286,-0.016484643589764068,0.00454935894573151,-0.003693474978416628,-0.01823664321713678,0.0025951450155089345,0.0046715012890395135,-0.026423783108733542,-0.007123351153234971,0.00221485943404241,0.015492561798910969,4.160486852710461e-05,-8.076598606884073e-05,-0.0002825647371669643,-0.0003725691846838877,-0.00040979806576292615,2.35881686045672,-6.035161875498281,0.0,0.002555582870879201,-0.0008134557086589738,0.0009588759398283293,-0.0012317661924308974,-0.0016908169292206036,0.0014233160403205214,0.0014182989313456036,-0.002291310755926261,-0.00233268542621242,0.0014861817480230225,0.00212586008028922,-0.0006572092495419108,-0.001295247716124611,0.00024413131669197055,0.0003593760535725392,-0.00023153237703421904,3.1783850181877336e-05,2.348774590482494e-05,2.4373873997340187e-05,2.500032440732556e-05,2.528726419098937e-05,2.2713471911705674,0.4635387873968666,1.3,-0.0010327480949105748,-0.0007112488219443827,-9.989909758356228e-05,0.00019201596207979904,-6.51532450225396e-05,-0.0005547399765452475,-0.0005976603019692404,6.995549335541971e-05,0.0005864428852718558,4.4697978933202305e-05,-0.000816422795904162,-0.0005710212382480513,0.00047745722044398303,0.0007346607778704746,-7.992731837920116e-05,-0.0005256584932591552,-4.632483716009496e-05,-6.201898126170034e-05,-6.544325396281191e-05,-6.595441960592872e-05,-6.603293307341384e-05,0.8206427988969802,-0.17951852793389028,0.0,0.005595442587282125,-0.0015758794540783544,0.000847063741952693,0.00025758574876853086,-0.0006240339943510255,0.0002875798463232912,0.0004721492302506112,-0.0007260167285012987,-0.0006419841375092867,0.0005838159993552866,0.0004594053980871889,-0.0004433718025063667,-9.73366754753878e-05,0.0006504865761099593,0.00022235904713135943,-0.0004576186679185008,-0.00016352809756605443,-0.00010413433042373392,-8.36628903817562e-05,-7.406126392103959e-05,-7.004959564410143e-05,0.00014737060556452156,-0.0009375313676008019,1.1,-497.17944585312796,0.09041350724940857,-0.08556944073826855,0.3191846839223729,-0.4417025169919668,-0.6710126896793014,-0.009710966204178106,0.10590138727601328,-0.361091740590993,-0.27397438995263457,-0.4817528383364653,0.9073217612555792,0.0127073489601921,-0.08070817626127537,0.402206640211455,-0.4659314553325817,0.1572489349372468,0.1189770235951304,0.10987701562113904,0.10709042436435467,0.10612397721040943,0.00018209273089022293,0.004153238367643817,0.1,-878.1555482932788,1.6423529755831794,0.956755114789928,-0.9487711652674876,-0.17060130085486944,0.16242807201623322,1.5633749024963706,-0.4716515018463952,-0.4524659156388218,0.08707086781612006,-0.9868181923045932,0.29131532606870536,-0.7761365783435288,-0.4614767482747375,-0.6575638865748807,-0.14274301175305126,-0.0698107371306449,-0.08037618715534123,-0.08287641890462183,-0.08403158401710797,-0.08451407215284146,0.00029996520658749534,-0.005156698585561999,0.9,-696.4036917980438,0.44158977468919147,-0.81466071915915,0.7212576460422966,1.3852717877238234,0.4712981197952857,-0.17222932897706755,1.4573682694224852,1.1873337117290037,1.596002786837957,-0.08710742811121364,-0.1599400421657542,-0.2494862355462004,-0.21179083940041288,0.3902237670936515,-0.7616463830878644,0.047307752830956666,0.08372797456020642,0.09658672311018003,0.1042435969540172,0.10780217031083206,2
2022-06-08 16:40:27.225446500,-0.0051790184550011605,0.000380018295965449,0.002406012709538216,1.0337016657392536e-05,1.2949966978978495e-05,0.00014109559476248594,0,0,0,1,0,282.015,-12.20357121937457,-21.66168904546248,-16.771785763438388,36.393734906801896,0.19862706636648145,0.3180462050114947,0.2127607232375372,0.2079907632920665,0.003188414921990026,0.007923598607722153,0.0235343042956428,0.0020808524250277433,0.0007613079412252073,0.003420829166552329,-0.00016299330074124528,0.00011940810969281603,0.00010457902896808988,282.80678018707954,-12.036294032243232,-21.337512218728047,-17.003736907454627,2430.935075784473,0.6109565862378253,0.08096585442206414,-0.007470272190191484,0.02724738169019868,0.0019515062433504895,-0.001498707767236457,0.012989118234556046,0.005682868187157347,0.002826206930799505,0.005789103458160324,0.00029850133008849225,0.0002628554359800742,0.0001844973171681343,0.4712683924839055,0.14465412616376086,0.18003023923097575,0.17180031406176394,1312.481558032633,0.2269125566095449,0.13081466307875764,0.11907895818107166,0.09780087877891427,0.0006753323334157204,0.005106518849757182,0.006194486078759567,0,0,0,1,0,0,0,0,0,0,1,1,0,0,2.0871889031008446,3.0451823005128085,1.3,0.0080476403768748,-0.012443858424025359,-0.008957783286756742,-0.005426239810256622,-0.002938414206462109,0.004222464382839865,-0.02442760128125328,0.003006284743239161,-0.014083878615885437,0.01440689542095949,-0.012361530487015977,0.03454277370980192,-0.023565040563965592,0.050388078743820425,-0.043436458298956496,0.0363214830351464,0.003925590750650038,0.005598105114741936,0.005510937070597376,0.005430870228594562,0.005390172808245641,2.1135419318736424,0.6346006552694266,0.9,0.0010650831331732152,-0.008903372848020074,0.0005521794071417873,0.005461751107436109,0.017081866690063563,0.003431291987272608,-0.004915293661696085,-0.006334224708833769,-0.002430567995844569,0.018981573409160152,-0.010387928638217723,-0.004646931551218745,0.0018819433304698078,0.00937512526123561,0.012083859485585718,-0.01761954776433243,0.002748058079074842,0.00016480501055652383,-5.702048739179095e-07,-3.766463912397195e-05,-4.664428904162123e-05,2.196340541519161,-1.7692631427515533,0.1,0.017400821469378856,0.033186440670276936,0.02429762266228829,-0.006881614623752527,-0.007074481416013781,0.00270700985674611,0.008892919174762818,-0.0070897157830526955,-0.012598192204969308,0.012249153631666905,-0.02225663304573045,0.0076655829513375155,-0.01718127361924284,-0.004751241395034203,-0.008295243339172855,0.011163986058628964,-0.0011378925544217905,-0.0014288710304780645,-0.0015417067715449706,-0.001579742055699257,-0.0015909838891181864,1.2251931207903757,0.07410786467074214,0.0,0.0028899476424482885,0.0006149544717886402,-0.0010361695542660044,0.0006362913394814168,-0.001024582605929302,0.000649569388975075,-0.00023685799560594283,-0.00012009205815120449,-0.00019631884242259605,0.00021625854045345682,0.00027872048009165755,-0.00040251955218904704,-0.0001419583060825697,0.00017286056991632745,-1.7579753054915987e-05,-3.115195498107153e-05,7.727264000502798e-05,6.835473566559233e-05,6.514316286588981e-05,6.310084868232627e-05,6.213986466395641e-05,2.3948114821086812,11.399777151926221,1.0,-0.0005729905938911043,-0.0002878911835211595,0.00020610832780960375,9.583609744228629e-05,0.00028683470926585305,-0.0001165071529115635,0.0004042431880501906,-0.00014783615130348554,0.0004867192992252184,-0.0006433181754068131,0.0008179250281369633,-0.0007569311077527348,0.00044749297015928984,-0.0008429356384790925,0.0006894826569687076,-0.0003779374462470853,0.00014736722736258408,6.5791177883461e-05,5.185351091329762e-05,4.590638368588536e-05,4.352445243134523e-05,0.5804781010573411,-0.0017363340963798767,0.0,0.005465393589798927,-5.135262642421429e-05,-0.0009118823006132426,0.0008632539962043356,-0.0005164955233670674,0.00034735478328492463,0.00020618672090250414,0.00016344418384432432,-2.450378747776943e-05,5.8816332845414364e-05,0.0004930643726303503,-0.0002839117459206616,0.00020686492476422477,-0.000594249678827192,0.0008460781034645687,-0.0004717933616376504,-6.86969101466731e-05,-5.265203087975097e-05,-4.679880381871514e-05,-4.399857593857921e-05,-4.2827629418553466e-05,0.00029871910633614315,-0.0004620111117597682,0.6,-497.72567877096253,0.2751777996188878,0.7598232640414649,-0.1271607822374179,-0.5661361843344039,0.5903331605979929,0.9596814033098616,-0.9504442498749448,-0.4594267909835299,-0.07151135558235032,-0.5840027918225399,0.7607231154899363,0.5714663485911222,-0.2287912297721313,0.5707248776594119,-0.4738472288208779,-0.0698390740516679,-0.026215522022315696,-0.011426670659927751,-0.004496779542474627,-0.0015282172879156342,0.00010141816911363217,-0.0006343938302544315,1.1,-877.8558362330463,-1.2892217242991393,-1.0742714411505858,-0.111503456318502,0.4427050197979554,0.11189823907849927,-0.2622636408479693,-0.3215889977334001,0.31793869966767474,-0.8946242152304897,-0.6098768271741974,0.7993592630018469,0.2394933804427701,-0.10583663657257958,0.11565602180686695,0.06836551053361006,0.1581551991540877,0.10519919514833376,0.09447879347396082,0.09051428594315604,0.08903023958818768,0.0004051833975821087,0.005924436342806442,0.6,-696.3873215389892,-0.2104622948834276,1.4468516097606001,0.6077060334957096,1.4637802757237637,0.10987439630980587,1.582463057566919,0.031020620190549412,-1.0134114205941742,-1.2609878616745966,0.7219338328725726,-0.8389319119800849,-1.514660468468982,0.3975588796203713,0.1892683606331964,-0.7947855048727632,-0.273611297868225,-0.21002527663953785,-0.18739910450985772,-0.1770681427238623,-0.17277350094785324,2
2022-06-08 16:40:29.975446500,-0.004466071493154797,0.00020340489688387312,0.0015517250209001745,1.4532063373501755e-05,-1.6515250289838516e-07,0.00015621488349298976,0,0,0,1,0,282.015,-12.239142121234455,-21.652608569826203,-16.78936022195432,33.05105046264421,0.19807833300650626,0.3184188902065073,0.21332482646664444,0.20793289899283696,0.0032877861572454697,0.008033052210318881,0.023505988674330732,0.0018984141720061066,0.0007883612600701139,0.00338680497759508,-0.0001467244527163534,0.00010203499863486792,0.00011932990009650716,282.773355994903,-12.040977114132085,-21.344791148304747,-16.997256634970107,2362.6609423201708,0.5991872199440095,0.08771937298475546,-0.001198043319988185,0.03238812158566545,0.001984228654440064,-0.001228301733943761,0.01328600420667797,0.005787967898055077,0.002817621206525533,0.0057933846321999655,0.000287813313019259,0.000244479265111794,0.00016111972935214475,0.47441663646929905,0.1462819723087415,0.1864001766519168,0.1737408867020067,1357.2066766594623,0.2345733563382679,0.13522192254999446,0.12326453841439468,0.10121236289188844,0.0007021737227192135,0.005286459262187592,0.006377369613685189,0,0,0,1,0,0,0,0,0,0,1,1,0,0,2.3392056717077705,-2.5192928272465025,1.1,-0.04868200713214884,-0.03687090391737502,0.01191517011426496,0.012789200552681462,-0.01174546201413377,-0.01661675902984528,0.017633208567016573,0.010478138777941131,0.011322091206335892,-0.013948376674712444,-0.03029678238950754,0.037641377292279066,0.025502787718745742,-0.04366245864995876,-0.006459496166936379,0.03116887320556658,0.006197087416377691,0.0046685026386857394,0.004234330664384541,0.004010787703579172,0.003915332820379754,1.9278516469152964,1.7422006396887115,1.4,0.01804773157626877,-0.010667999051854563,-0.004331575967828183,0.011544967992279052,0.010611300980198043,-0.013893760726928366,-0.010663093446401909,0.005451795474931554,-0.0042554266456992906,-0.00763291832676186,0.006393621443870023,-0.002835872626970455,-0.030802577220923864,0.0018804422671874696,0.036423966293120766,-0.012661689973257692,-0.0033452386874720363,-0.0006650077707396412,-0.0003537636435652279,-0.0002395171793074717,-0.00019931780572483778,2.0835663483468334,0.04528288940121607,1.0,0.0019092634378391426,0.009846846048434842,-0.025190770108887844,-0.003180876084441447,-0.003418700237119821,0.0002763504902225092,0.002025994411299375,-0.011473109336030605,-0.017402388609098984,-0.012443849841047516,0.0135751037597034,0.008254123968874991,0.00556390530670026,-0.0024882701236785872,-0.009393565324299764,0.011074450965808828,0.0024664949829382547,0.0009470613616367543,0.00048758151045155196,0.0002780677884488649,0.000191063886952627,2.254263543014587,0.3259967768591859,0.8,0.0018218995342383132,-0.0003282797267900497,0.0008638172993108299,0.0019712537049199133,0.00010592798902195429,-0.002224804946471667,-0.001344938507321984,0.002019616331853466,0.002391441496899169,-0.001373546615072809,-0.0019353990097458304,0.00033147306474175464,0.0018186638927095407,-0.00016095332234404336,-0.00035711074513699855,2.153574039502165e-05,1.4557934635310528e-05,4.1345617640220935e-05,4.594996460948421e-05,4.80406551415691e-05,4.890259514733437e-05,2.1053001192521608,0.6150102848643549,1.3,-0.0005897756145259763,0.0005301155372330628,-0.00024578465501358415,-0.00019354535216874267,0.00017855716297889002,0.00026179772672353663,-0.00016175313095444645,-0.0002867458592697561,-0.000168651194676034,0.0007496667025417808,-1.4671467441304152e-07,-0.0007205509519495108,-9.993154228088864e-05,0.0008867032422050883,-0.00016377392644092582,-0.00042139068741731643,8.63934183327193e-06,-9.582058082978945e-06,-1.0749563591596567e-05,-1.0566656006326563e-05,-1.0395203882053323e-05,0.8493413694392653,0.07370319235850965,0.0,0.005135353549669618,0.001283964404461584,0.0005871629625700421,0.0002643787723905159,-9.129305113921036e-05,-0.0005257690792255311,-0.0008330852322568722,0.0009654351120343864,0.0008093682344987464,-0.0003884414876369817,-0.0006048292136442455,4.496979211382982e-05,0.00021132387106955475,0.0005803365122545054,-3.5953330021438874e-05,-0.00042786629129013736,4.961205306246467e-05,2.551801119252635e-05,2.462215245748148e-05,2.497824835291062e-05,2.5238727408917176e-05,0.00015895481364626443,-0.001862788754382731,1.0,-499.3872143791604,-0.38954425031641904,-0.5452664106115321,0.0008634073391746709,-0.901042388533014,0.3789583327475228,0.004727813593010666,-0.1181384493492672,0.22367315886569014,0.3300845830528143,0.8174850878120168,0.2203523129273499,-0.13081020097957194,0.5828451599223428,-0.0395391932629714,-0.2885894843980488,-0.11881316731744462,-0.039217819816732565,-0.018279757595228933,-0.00944024151828593,-0.005939340719430143,0.0002259571287983468,-0.008237197174028337,0.2,-879.6681839556181,-2.540490517495215,1.213478810859769,0.8274873611132278,0.35127134652674386,-0.3734441981606125,-0.3230877130178271,0.7827767776544692,0.8185678984125531,0.8820537104932704,0.7501241499401416,0.497075336968738,0.32304245933861075,0.35282346319754154,0.4135877682937945,0.19079634503862766,0.2605476855708986,0.2416605916134173,0.2410150576525698,0.2406348802765468,0.24047342817175646,0.00032705886415419734,0.00901358182976214,0.1,-694.0354736152469,1.5005604863501103,-1.0524838453820493,-0.09391835568426644,1.4041841429102817,0.2660700232533486,-0.5679366959847698,0.3280208105386393,-1.511696975696939,0.8677723727029587,-0.059675443238731425,-0.9424968169710244,-0.3109403013173804,-0.7359458490586732,-0.13347133518939458,-0.619370181770794,-0.3967992834963425,-0.3223878886481373,-0.29558391078342616,-0.283252934443575,-0.2780719689292015,2
2022-06-08 16:40:32.725446500,-0.0027415507871437835,-0.0001227558181280358,0.0008318309816345827,3.0443133240174048e-05,-3.109210037102129e-07,0.00013985062129728886,0,0,0,1,0,282.015,-12.242478553046405,-21.623703753880488,-16.78119809631187,29.708366018486533,0.19733375563155645,0.31860223271671584,0.21357121264700496,0.20805629895445926,0.003324129106504529,0.00812476335208856,0.02357150051653268,0.0017584971771635398,0.0007901379898193968,0.003383448360469421,-0.00012897155976685109,8.41935671684602e-05,0.0001339147819366736,282.73489528061765,-12.04804014742748,-21.35039217416704,-16.986902350711105,2301.907795768176,0.5887036633044961,0.09367918526630778,0.004410268302325206,0.036970970827971184,0.0020173991678543854,-0.0009841014838268725,0.01355286303220347,0.005840420925184176,0.0028052645853500306,0.005787616773658015,0.0002735110752447441,0.00022176806894136093,0.00013109663647144053,0.4661222429528237,0.14692217276428446,0.18974547813802387,0.17134083812535753,1394.2211922541821,0.2409108409863487,0.13887988088102846,0.12672365731933136,0.10403240356678486,0.0007244650369853437,0.0054376300683151475,0.006524995594212239,0,0,0,1,0,0,0,0,0,0,1,1,0,0,2.251589079938142,1.3054042913596524,0.1,-0.07871090597529304,0.04307392236239421,-0.0016669752537191648,0.02296994732940572,-0.0016680605880821098,0.035524215122925425,0.008326905297703215,0.008445461913633797,0.022115057299461345,0.0066867046064566435,0.029173985567792632,0.025751669398828086,0.028256154618375707,0.034911974649376364,0.0374103755726244,0.02777711179237521,0.015165028853380528,0.012786590623894091,0.012182416366645596,0.01191443673731542,0.011803272208962406,2.4845136030759725,-0.8545845942692587,0.0,0.027224183982960216,0.004467252718958106,0.008421059149728644,0.014905481604541118,0.014011272722304664,0.0072399742960121095,0.007795585152863745,0.013185563602440208,0.011784706307605213,0.007166411212307398,0.009551755588537571,0.005864286823934268,0.0011909898132455119,-0.0005408628073162051,-0.009907821889848864,-0.01904731012705524,-0.014324892906391724,-0.00861300843485273,-0.006846071136183611,-0.0060306463195049795,-0.005688412396705371,1.7891169744782762,0.28615016460550824,0.0,0.026510526169027836,-0.014199653757665484,0.015846959732847006,-0.010386250074684885,-0.0031073556047912557,-0.0004312259036777936,-0.005591914707284482,0.0031851560267091047,0.0009772992255887613,0.003413007466418311,-0.003815905730114636,-0.003055604609378739,0.010533357599272491,-0.003905999706671208,-0.005918478773585025,0.0062024240498610855,0.0018541753341357239,0.0005127893252681679,0.00015429160345043521,1.2993880716696825e-05,-4.0745766024052645e-05,2.68598886516486,0.8731741748694151,0.0,0.002286707773700285,0.0010462887833018661,0.0007063740374324436,0.0012001554587090007,0.0007448962980432617,0.0006406448950726095,0.0006556227579361818,0.000982826387849089,0.0012034992474463785,0.0008712110430383888,0.000584768194538584,0.0007850420381765376,0.001243423821382012,0.0010986611662609678,0.0009485721391896987,0.0008158974828218067,0.0006577548757375742,0.0006293759140344922,0.0006076387288790547,0.0005947763595381222,0.0005888451419350866,2.3421976189833043,0.8209433464997021,0.2,-0.0008949052489968512,-0.00012522206555856623,-1.706828517487586e-05,-0.000496342581350758,-0.00020103573087955703,-0.0003489273983352209,-0.00025359594841776843,-0.0002602247561706716,-0.0005784282761164715,-0.00043193069000803695,-0.0005227376321911115,-0.0002752928307722791,-0.00012274691331924819,-0.000554288149882043,-0.00037475127220267006,-0.00026319771424752853,-0.00012184728309138508,-9.12435694489035e-05,-9.232269763415288e-05,-9.369702147783516e-05,-9.443854470952364e-05,0.28382887660515504,0.09824343953828077,0.0,0.004993741824561825,0.00012281630203704122,0.00030824447840168805,-0.0003952456568401365,0.00017767895737553233,-0.0002830403517642118,0.0003362972023194721,0.00031700269308979534,0.0001887217407780495,0.00010661933043734252,-0.0002542232958291899,0.00028268422894588596,6.123171254949903e-05,-0.00013276770925952074,-0.0004583732930717582,-0.00016980325741702208,0.0001710308523953833,0.00010986353724038628,9.220053090147178e-05,8.400929945177257e-05,8.057180368469948e-05,0.00017542942913583622,0.0034262615360698273,0.8,-500.4315933981814,0.13115335810210382,0.1232841487823464,-0.048950524554754786,-0.6924070138861893,-0.2988736421699798,-0.5213796151951335,0.8753198570569616,0.9387572985849442,-0.034543090447886726,0.2433912120772046,-0.26192050194115346,-0.3898064983679408,-0.3992455063032576,-0.1714298573436519,-0.15447045894077682,-0.16036867227908225,-0.09688748893415956,-0.07860932273081113,-0.0706419846112194,-0.0673839976170989,0.0001335986601708622,-0.005500417881999403,0.1,-881.8218381954587,2.0090981162613843,-0.6712741992487707,0.9820158171157232,0.3058282657603968,0.562145200347949,0.5113181809740652,0.5188331456947992,0.3959102401460193,0.26665915211695435,0.6929115179209262,0.04395663975072495,0.08499610633519161,0.17986612833596993,0.18798357661640352,0.10509894165654997,0.09119944150733872,0.1462483003354791,0.15807159517991742,0.1638813602054192,0.1663576368934807,0.0001840225356056761,0.004284509842129777,1.2,-692.1594344823986,-0.374366969057391,0.7649931022841372,-0.5502192578218654,0.6805099814636789,-0.8278216057922663,-0.4773809813101266,0.9137098667068068,-0.9804957519401256,-0.5568495800521482,-0.16688168468400733,-0.2680442868522093,0.9698372366019168,0.0902502913547405,-0.37415672960066,-0.2963070585022365,-0.2783418344894564,-0.19365664875219046,-0.17115145521096053,-0.16123582167335115,-0.15722121942897924,2
2022-06-08 16:40:35.475446500,-0.0010195046043768128,-0.0004677717765602784,8.113770914151133e-05,4.581653188891003e-05,6.802069013770222e-07,0.00012392426061765788,0,0,0,1,0,282.015,-12.245526076862545,-21.594632018894,-16.77286882599123,26.365681574328843,0.1965875960972072,0.31878442914886,0.21381478799590034,0.20818094287928465,0.003360077530516935,0.008216478458524046,0.02363767956289596,0.0016964591263414948,0.0007634986785501598,0.0033907068684815816,-0.00011429592920309575,7.096873486451202e-05,0.0001436471150736109,282.69546458333906,-12.052770956388654,-21.35544155608713,-16.977213382910676,2230.3529863765675,0.5763484697380268,0.10072572042572568,0.01097675194993792,0.04236185032543376,0.0020526030707352827,-0.0006976770304475331,0.013870727194751216,0.005856040320046946,0.002805588130356007,0.005774180592802854,0.00026224826346939623,0.0002035878563858204,0.0001072795551695068,0.4494477911770135,0.149200861306607,0.1919716172886272,0.1703800295052508,1416.9923487113826,0.24479283241672245,0.14111471029536748,0.1288938021773961,0.10577545116340106,0.0007463042650655464,0.005537255372241653,0.0066158038723879275,0,0,0,1,0,0,0,0,0,0,1,1,0,0,0.6920256613706665,-0.31291459835004914,0.1,-0.11817086285494945,0.03962731191041954,0.018506676625720697,-0.0034837989887305,-0.015395735810369748,-0.013374132245827643,-0.002099568618154779,0.009339231361705605,0.013846815473416905,0.010434228995182272,0.003542251147647017,-0.0012609021536525305,-0.001570741171075805,0.000759842907298745,0.002126281639365889,0.0007447554400079751,-0.0008567510605205506,-0.0008362911408571198,-0.0006775763067869015,-0.0005694449654416696,-0.0005189628285606192,1.6343946519865291,0.05149398265302065,0.0,0.010631579808427676,0.0023364677448020643,0.0025951954821781496,0.0027632912401316678,0.002715191744031641,0.00254460781432292,0.0024601795012433683,0.002541461812299107,0.0025871950668725514,0.0022336117753276193,0.0012901520101162973,1.986404770847652e-05,-0.0009209191216928276,-0.0009411480572784757,-0.0001926644598122871,-0.0010642433235619189,-0.0025847596939883428,-0.0009336019565751668,-0.0003928879963909387,-0.000182452967090987,-0.00010238907229376258,1.3937307733634732,32.31520271151243,0.0,0.035807161212725445,-0.02039754923247333,-0.015920783068393146,-0.009788696298823963,-0.0037141399985983477,0.0005683154457761373,0.001973828629954216,0.0006068354273893765,-0.0022009499868290427,-0.004505761502189207,-0.00476234351745463,-0.0026553031962962834,0.0007820653521969424,0.003874414580068287,0.00543550358842405,0.005573685688668209,0.003263758804507813,0.002094117916524928,0.0016702158921457905,0.001469428428443075,0.001384532878108239,0.7817222686223732,0.4734219292687089,0.0,0.0013268656143291381,0.00047329559665381613,0.00029167149064154125,9.313471942022796e-05,-3.554048374911525e-05,-6.177404995999871e-05,-1.680912259291345e-05,3.740119333190308e-05,5.6357649497852734e-05,4.025685815641712e-05,2.31566703890598e-05,3.718352292320226e-05,8.295616692898937e-05,0.00012998688509522198,0.00014471081920974097,0.00011253145852869719,6.323324360768525e-05,6.163733676309155e-05,6.0955277858959604e-05,6.0267803083981833e-05,5.988389850737128e-05,1.824064268884076,-0.3124457350629637,1.3,-0.00041267914852935526,-0.0003559511125932431,-0.0002111093499010235,-4.162441032123832e-05,8.206958657320908e-05,0.00011629323072723996,6.32974051429936e-05,-3.327813949107813e-05,-0.00011329929040836656,-0.00013161888880245033,-7.958911325659273e-05,1.3859579741999111e-05,0.00010058469561608048,0.00013939062450764512,0.00011267232553248809,1.0525297512946001e-05,-1.610744771154898e-05,4.592638364438713e-06,5.870640683541988e-06,5.325531972633567e-06,4.920475372287659e-06,0.20726954509301512,0.09540915716957872,0.0,0.005201540377675065,-0.0007462532437617769,-0.0003365052430605897,7.645679791898048e-05,0.0002784030676474045,0.0002108557391852348,-8.872571170284891e-06,-0.00018805295495305665,-0.0001999168169720216,-6.251257609568065e-05,9.564910046223318e-05,0.0001470478803436019,6.343204543410308e-05,-7.181969234023283e-05,-0.0001361097474801973,-1.857639276115584e-05,0.0001287645784886869,8.47678181531502e-05,6.5588181895186e-05,5.659634360162656e-05,5.2842519271388624e-05,7.403800423637762e-05,-0.0046621358182959,0.7,-501.1671304597378,0.4875512469051415,0.17205625118054255,-0.10495064904267792,-0.157323134681306,0.0421885799370969,0.35005855841488304,0.560010850123831,0.5479988939830296,0.3484844979670125,0.11240004430654338,-0.01306983546282936,0.011959584142362091,0.1081804593186444,0.15524982958337752,0.07267764245526998,0.01379487989607142,0.0394155795961133,0.04792184148531575,0.05162625561358958,0.053132425135921764,0.00010257130370252312,-0.002716855687535912,0.1,-885.2893027999005,1.8694819917245409,1.263681735622427,0.5872027083927378,0.12585095706225502,-0.0006333770786213223,0.1193227387969813,0.2810265024156351,0.3151380969647022,0.19150128465533103,0.011652363926025087,-0.0893162420554603,-0.04992956216496225,0.07863099945687324,0.17620643852626827,0.10350295589838863,0.029679216287334494,0.07250620981039901,0.08429212175779277,0.08920892980288643,0.09120089834618872,0.00015519088069693686,0.0013960066372716185,0.5,-689.6958788827873,-1.2831368818683728,-0.7163834255248887,-0.007906410865523128,0.5848862530906587,0.8579299167419023,0.7413589307861628,0.3246272711831715,-0.18754313668315706,-0.570334947413965,-0.6807448742749145,-0.5162968345552077,-0.20197639724967156,0.08443742568075052,0.202097075351805,0.07009650152190973,-0.05790265450303168,-0.03682956550254701,-0.036368071753994265,-0.03769986588412522,-0.038528912201495125,2
2022-06-08 16:40:38.225446500,0.0006989595732688772,-0.0008345151123756271,-0.0006706262494836688,6.193880724689322e-05,2.876401853594194e-07,0.00010777837571529962,0,0,0,1,0,282.015,-12.248965421738227,-21.56626422708629,-16.765309919807216,23.02299713017116,0.1958470975983889,0.3189739850062732,0.2140629463246609,0.2083034110098919,0.0033969194631129963,0.008309077614539799,0.023701461214016527,0.0014428931602934437,0.0008125209223912997,0.0031229236693364197,-0.00011096472004774223,6.341574588093231e-05,0.00014530419968295576,282.6722729166726,-12.058528711847565,-21.35617924367407,-16.972580514022287,2197.217668621632,0.570622073414847,0.10397354534858888,0.01404565857443897,0.044832929359733466,0.0020767279481422158,-0.0005652863675138003,0.014013161009776771,0.005515739689085756,0.0027502997514806107,0.005469264241313647,0.000263086565208218,0.00019807143475935668,0.0001060733231084652,0.4577919655207554,0.15134664814219764,0.1911985045083273,0.1722160129097403,1430.8806607315814,0.24719553591375365,0.14240783141066446,0.13022302329908475,0.10684429236811237,0.0007581427145851419,0.005591786177047272,0.006671200327082281,0,0,0,1,0,0,0,0,0,0,1,1,0,0,0.16638043825254392,0.4221747375706693,1.3,-0.09932348066652423,-0.0032145576159453263,-0.0032142551770535342,-0.00321373793559316,-0.003212985212215355,-0.003211966207222644,-0.0032106381662382077,-0.0032089442645271424,-0.0032068120370211213,-0.0032041548934900388,-0.0032008840822591515,-0.003196952230329774,-0.0031924906853174877,-0.003188263541808136,-0.0031885429559624736,-0.0032643436592619678,-0.003519560009001126,-0.0034788331284077525,-0.00343983475466541,-0.003417162530231685,-0.0034069240040215244,1.195038288804737,1.6752003479809507,1.4,-0.006227366309008944,0.0007671706028767567,0.0007684530936430071,0.0007706761996016872,0.0007739807066088186,0.0007785916257514916,0.0007848549150010187,0.0007933015505382424,0.0008047620959561719,0.0008205808003821515,0.0008430398035493882,0.0008762609897739548,0.0009282701893794963,0.0010158088208617817,0.0011679786384361714,0.0011311754946935954,-1.985127587326123e-05,0.00015392142559058475,0.00029147854370672457,0.00035461954042272385,0.00038006285883426566,0.3623967565029661,0.5440224192761601,0.0,0.02846567681087458,0.0014539537309716513,0.0014540811780210017,0.0014543025373937564,0.0014546326857360653,0.0014550958171592164,0.0014557301188657715,0.0014565964836582984,0.0014577955538552176,0.0014595036769567131,0.0014620568735985069,0.0014661750414840884,0.0014736781498115856,0.001490414661489733,0.0015430328831529312,0.0017813134611186468,0.0017140909912699738,0.0015103241899337245,0.0014628126600286359,0.00144854737293936,0.00144403919063163,0.07854148383583141,-0.7864446820879221,0.0,0.0013866919075575794,-2.908643758642535e-05,-2.9063746391969677e-05,-2.902442677491049e-05,-2.8966008013869147e-05,-2.888453319546441e-05,-2.8773896110273022e-05,-2.862466522679634e-05,-2.84219283296454e-05,-2.8141113094800893e-05,-2.773922843284981e-05,-2.7134534811707488e-05,-2.615263193145729e-05,-2.4357549658886827e-05,-2.045656826772896e-05,-1.3995639087968665e-05,-3.5572634651715415e-05,-3.865360667690783e-05,-3.749656676748656e-05,-3.6697810773886076e-05,-3.6333513629200735e-05,1.3033904898752349,1.5386076016761618,0.4,-5.438418552879475e-07,-5.436631661512897e-07,-5.43171568106325e-07,-5.425154708169533e-07,-5.419984933886946e-07,-5.421894865111394e-07,-5.44144164741423e-07,-5.498589791089396e-07,-5.632452138520306e-07,-5.923644252886723e-07,-6.550313292852467e-07,-7.945931861038299e-07,-1.1320450484438138e-06,-2.082398907976784e-06,-5.615245926759686e-06,-2.40283720936676e-05,-2.564457197087032e-05,-1.0784055959931988e-05,-6.782023237247713e-06,-5.353608069002586e-06,-4.832066997771913e-06,0.007619649996880147,0.11531231889309902,0.0,0.005559227435216475,2.3677788107450008e-05,2.361690105815372e-05,2.351164406509513e-05,2.3355845505802113e-05,2.313973660319509e-05,2.284849350978318e-05,2.2459743561926965e-05,2.1939212170847712e-05,2.123281559836997e-05,2.0251507236801003e-05,1.8840345076414897e-05,1.67117009703629e-05,1.3310528503923765e-05,7.995870390394206e-06,1.5538185639828758e-05,7.064242281750095e-05,5.960497266370205e-05,5.19677915241194e-05,4.834677644531104e-05,4.685429482659691e-05,1.4067579617758624e-07,2.3095410697911052e-05,1.4,-501.93526145820266,0.00600701321326369,0.00603323058541605,0.006078416498382921,0.006144982947695611,0.006236696332585723,0.006359163931435319,0.0065206331659481975,0.006733313095718785,0.007015603998537401,0.007395940977763971,0.007919396121293332,0.008657297644115047,0.009698980536599677,0.010755707150595484,0.002625843443091469,-0.02139164189515519,-0.013324972845659032,-0.009032547707919392,-0.00704493929269745,-0.006228786791762975,1.701784078639616e-06,0.001422180030225175,1.4,-886.3042807992815,-0.051592559907646766,-0.05154269402316913,-0.051456514677241216,-0.051329016593911085,-0.051152297880527435,-0.05091441586802148,-0.050597455256742314,-0.05017422039128405,-0.04960240013956607,-0.04881389071638509,-0.04769466983105275,-0.046047982431510086,-0.0435570673919905,-0.040300920064733965,-0.05068969301615667,-0.09155887874701564,-0.0798891218486446,-0.07362771588786288,-0.0708089525950264,-0.06966469573961788,4.762957698762815e-07,0.000701877811720921,1.4,-687.914175095065,-0.013380899550838876,-0.013330294216103766,-0.013242882007389769,-0.013113663918062457,-0.012934764039272295,-0.012694312220439484,-0.01237456644578927,-0.011948716716631223,-0.011375285880770749,-0.010587967132511977,-0.009476654319467316,-0.007853265337192994,-0.0054205602256871535,-0.0023125678609012823,-0.013574950656792595,-0.056716504084999286,-0.044458073052034315,-0.03766301416957063,-0.03453545422265058,-0.033253657719242824,2
2022-06-08 16:40:40.975446500,0.0024165190085392012,-0.0012084267329723884,-0.0014141724241430284,8.462983300090086e-05,-9.04348021822012e-06,9.131849003076215e-05,0,0,0,1,0,282.015,-12.252575871151027,-21.53820492472981,-16.758135309198465,19.68031268601347,0.19510917901451674,0.3191671704714086,0.21431312899221808,0.2084246055494328,0.003433491750529535,0.008401942137340723,0.023764165432320385,0.0010682833292295396,0.0008745894928361919,0.002665446264882246,-0.0001076416257846197,5.30083850671498e-05,0.00014721039781541854,282.64908125000625,-12.063159389836946,-21.354116595945975,-16.966008627042054,2188.7177615854357,0.569132383156812,0.1047438545865783,0.014861088213786441,0.045468562635050856,0.0020862626078815,-0.0005340973797025391,0.014047563404818414,0.004898715244370865,0.002675872224717107,0.004939402103441257,0.00026442447491144093,0.00018897976207997842,0.00010451367861674172,0.4648286758116402,0.15405232496531573,0.1885694261403638,0.17466732645234398,1442.5551631587732,0.2492345562115905,0.14346639854040474,0.13135055135706972,0.10772339908037476,0.000772166994622734,0.0056371533026915105,0.006716877067546009,0,0,0,1,0,0,0,0,0,0,1,1,0,0,1.0796795484508928,0.7228848325950961,1.5,-0.02893172624307177,-0.003188985735615817,-0.0031889140742387533,-0.003188789781955648,-0.0031886048548693843,-0.003188346456007458,-0.003187994746605997,-0.00318751905381447,-0.003186870894342476,-0.003185970602194898,-0.0031846798247135524,-0.0031827395197413753,-0.003179612646896765,-0.0031740230393479795,-0.003162517966963952,-0.003146639312685284,-0.003209291495144719,-0.0032155661972243853,-0.00321205946638798,-0.003209868134980021,-0.0032088892424336525,0.18538875490981846,-2.4297379160500134,1.5,-0.021660240849996883,0.0007462970195171179,0.0007465887773241849,0.00074709548015831,0.000747850944611161,0.0007489097217894592,0.0007503568080214633,0.0007523250739487022,0.0007550276448480809,0.0007588216163994233,0.0007643436290070832,0.0007728294572574766,0.0007869756898058009,0.0008137054997483683,0.000874699415016099,0.001001069944313114,0.0007246047322702876,0.0006560959075810955,0.0006626365449092867,0.0006693694694493178,0.0006726100159541925,2.997641978311113,1.1516041572002842,1.6,-0.002400598041939113,0.0014122700353420784,0.0014122178532832627,0.00141212759171164,0.0014119938697987064,0.0014118081609765384,0.0014115575117300974,0.0014112223585394947,0.0014107727488201676,0.0014101615934636346,0.0014093121881771046,0.0014080946887761034,0.001406285385963612,0.0014035560624438988,0.0014005087319534698,0.001420779551475832,0.001474987410617823,0.0014512690630315759,0.0014403207525664006,0.0014357008123266734,0.0014339013419458055,0.04183639278272044,-0.4496251035134173,0.0,0.002025441154655258,-2.598771905166337e-05,-2.593937436947533e-05,-2.5855582925385668e-05,-2.573105287948386e-05,-2.555732004734434e-05,-2.532135290880195e-05,-2.5003104293680115e-05,-2.457109474197381e-05,-2.3974050376660838e-05,-2.3124005854337452e-05,-2.1859272807748893e-05,-1.985529640432908e-05,-1.6394324689076555e-05,-9.9799980553878e-06,-8.828834909570048e-06,-5.610559046492404e-05,-5.105688205774719e-05,-4.5623303482196865e-05,-4.30055695266397e-05,-4.193411329885517e-05,2.2067044300969494,124.02936024358728,1.6,-2.524940937124997e-06,-2.542902979457952e-06,-2.59784270165866e-06,-2.693062139036345e-06,-2.834570316589815e-06,-3.0319774735369912e-06,-3.3000773032751166e-06,-3.661623080609577e-06,-4.152333670339951e-06,-4.830366397745792e-06,-5.7954437241808265e-06,-7.230720140355576e-06,-9.503337631002882e-06,-1.3422768137628211e-05,-2.065562252767272e-05,-2.159556441062068e-05,3.228325854321034e-05,2.6202488117405545e-05,1.991856303557745e-05,1.690346784469333e-05,1.567129714929802e-05,0.0056575266961749965,0.0987897819278645,0.0,0.0049741273589259385,2.1284230019006654e-05,2.1281961023986137e-05,2.127813585594754e-05,2.1272703370080467e-05,2.1265630584009563e-05,2.125697348205049e-05,2.124704255332096e-05,2.1236802159447557e-05,2.1228886276453344e-05,2.1230390258409666e-05,2.126143548213444e-05,2.1385890381148042e-05,2.184987376870533e-05,2.395915485626417e-05,3.691312165856817e-05,4.003434797815697e-05,2.8979515246419537e-05,2.5880306893150852e-05,2.478562892371293e-05,2.439176179297375e-05,1.1228582286747444e-07,-0.0003024974189215413,1.5,-502.08344583983865,0.00759342717389444,0.007602139958827081,0.00761725489726217,0.007639751058597709,0.00767120054829462,0.007714037079640691,0.00777203234804702,0.007851167568350803,0.007961314900748917,0.008119724416078,0.00835896447367901,0.008747292204897228,0.009448855944389932,0.010909298324241591,0.01285445381263095,0.0046556113249192075,0.0040639233164867505,0.0046179380111635035,0.004939375052223305,0.0050787488759596044,1.3554331173033985e-06,0.0012135508155138913,1.5,-885.1545867566422,-0.05084674731942585,-0.050832927423130066,-0.050808944783227616,-0.05077323197690475,-0.05072326871623999,-0.050655145952624984,-0.05056279002003095,-0.05043653680336746,-0.05026036518946597,-0.050006117668072385,-0.0496202124070102,-0.048989090566138316,-0.04783480401060203,-0.045372574940870436,-0.04161657591944845,-0.054702257812579085,-0.05613755599935999,-0.0553773109632445,-0.054908875079885185,-0.054703052724110364,1.4821498331604776e-07,0.0003769319547071415,1.5,-687.6165199685538,-0.012089182267260412,-0.012074778578167413,-0.01204978061545603,-0.012012550667058973,-0.011960454468393776,-0.011889404105012602,-0.01179304363993694,-0.011661250590609741,-0.011477223375599976,-0.011211382525541323,-0.010807299507021641,-0.010144898912017196,-0.008928033075029873,-0.0063036842192616405,-0.0020252599614138944,-0.01556643398358304,-0.017392541393517646,-0.016695879513967782,-0.016240975620924303,-0.01603816103800959,2
2022-06-08 16:40:43.725446500,0.004131314268171257,-0.0015948443600130044,-0.0021519880163480545,0.0001257124132125543,-4.407226399770082e-05,8.5682906865273e-05,0,0,0,1,0,282.015,-12.256175293299696,-21.5101981309995,-16.750976931155623,16.337628241855782,0.1943716449422422,0.3193606646238854,0.2145637448915017,0.2085457476971274,0.00346714216855365,0.008494991222756475,0.02382696766602878,0.0007801389395381593,0.0009107952309623436,0.0022404766345665624,-0.0001022203949318709,4.3640864909427555e-05,0.00014837085018191417,282.62588958333987,-12.068052851040877,-21.352476029613584,-16.95960281068402,2171.1588653329286,0.5660803008476061,0.1064194355851388,0.016502387178985747,0.046779638674181966,0.0021014021304132115,-0.0004637784926921698,0.014123594381289043,0.0043546291734589135,0.002633338721743974,0.00448825155133468,0.00026593452968624854,0.0001811779639884805,0.00010357284712063508,0.470616573739425,0.15664718214390225,0.18676340415633785,0.17718235398355614,1463.9938703879247,0.2529484001958351,0.14551464769183425,0.13336633962070402,0.10933514028730086,0.0007920931362877769,0.0057286951773716545,0.006807190757194569,0,0,0,1,0,0,0,0,0,0,1,1,0,0,0.6567905344958153,2.987132037368061,0.0,0.04142941469889764,-0.003193982412812909,-0.0031940061456141346,-0.0031940473140050912,-0.0031941085791181052,-0.003194194213171531,-0.003194310828303557,-0.0031944686692526557,-0.003194683978428892,-0.003194983559573292,-0.0031954142451853192,-0.003196064463901012,-0.0031971195594931077,-0.003199024697478127,-0.003202975241583373,-0.0032079105182245033,-0.003185000776458096,-0.003183824940652841,-0.003185538148747586,-0.003186500761061096,-0.0031869135841005986,0.06730577330215907,-0.6816233377764579,1.6,-0.03710437571479813,0.0007143624442447548,0.0007142727468946266,0.0007141175298786902,0.0007138874283672929,0.0007135675752583622,0.0007131353252113467,0.0007125563541160308,0.0007117778518787687,0.0007107162242263169,0.0007092339219742496,0.0007070942215698193,0.0007038753903153008,0.0006988841136089603,0.0006924929240303772,0.0007203035083104593,0.0008106091389184693,0.0007762075686550714,0.0007594629164144293,0.0007523141781393349,0.0007495139422279216,0.2520805849912968,-5.587844682622316,2.0,-0.033219315846362917,0.001418189547130607,0.0014180986910167475,0.0014179403035727805,0.0014177027616714332,0.0014173670607970069,0.0014169030377690806,0.001416262393536151,0.0014153652584504212,0.0014140725722501654,0.0014121240580617586,0.0014089817165984894,0.0014033679902371368,0.0013915729696458831,0.0013591482432954367,0.001246419639380303,0.0013259400426679565,0.0014088004053196875,0.001423139671275463,0.0014266614045041575,0.0014276395106202786,0.047238037050146384,-0.4099828363118931,0.0,0.002676610637243391,-1.0469313734661391e-05,-1.0397160060474412e-05,-1.0272686754151294e-05,-1.0089067158245019e-05,-9.835646118649607e-06,-9.496595568587508e-06,-9.048776848019342e-06,-8.458425483859426e-06,-7.676267394982281e-06,-6.631615283905827e-06,-5.232554843870318e-06,-3.4207047228968238e-06,-1.6316877121432126e-06,-5.0627169651381785e-06,-7.400305001003576e-05,-0.00015067009133220663,-8.407578586892695e-05,-6.0244061805679906e-05,-5.092802819943689e-05,-4.741147784657124e-05,1.966263061952182,-26.062386197707514,1.6,-2.3912490729864927e-05,-2.394705601845191e-05,-2.4052566999896625e-05,-2.4234675517790724e-05,-2.450352943991311e-05,-2.4875014811770152e-05,-2.5372835559198363e-05,-2.6031873309644315e-05,-2.6903540638279635e-05,-2.806409444020347e-05,-2.9626248292954858e-05,-3.174745475758012e-05,-3.457879968792123e-05,-3.7715692472941104e-05,-3.470399795156554e-05,5.521743281743506e-05,0.0001664006894631761,7.811834450700624e-05,4.5689206174866794e-05,3.2898589708991493e-05,2.8051298817566956e-05,0.013429587042071752,0.09703943730009716,0.0,0.004393748878390626,2.3628225421312294e-05,2.373347709016881e-05,2.39161717066783e-05,2.418832814074767e-05,2.456929310940947e-05,2.508912128767492e-05,2.5794610959813385e-05,2.676044396220174e-05,2.811092574556199e-05,3.006576024137221e-05,3.3046475588073936e-05,3.7957857094470906e-05,4.706317763687674e-05,6.707021466257064e-05,0.00010232057128733428,2.0634631655157303e-06,-1.4264352341700423e-05,-9.684789774500056e-06,-6.476772593908754e-06,-5.026850451965767e-06,1.0018780559830276e-07,-0.00030922463744413196,1.5,-502.2336414394217,0.007172034931173243,0.007173601956601772,0.007176328089443019,0.007180403473419972,0.007186136823072786,0.007194013451460535,0.0072048009616167965,0.0072197492878789404,0.007240993572889209,0.0072724368761907235,0.007321911643179745,0.0074073207634786096,0.007578007735787652,0.00801082702049527,0.009267092446878069,0.007837515575358722,0.006983874996395301,0.006889319303299502,0.006880967012673267,0.006882632397262389,1.381781529886483e-06,0.001214063064990359,1.5,-884.0064957750333,-0.051696049633818575,-0.0516940520149376,-0.05169057037424807,-0.051685350560674685,-0.051677977319123165,-0.051667792212313664,-0.051653742215314935,-0.05163408866988206,-0.05160581011767462,-0.05156326442811121,-0.05149482275731998,-0.051372972820333374,-0.051118223820555635,-0.05042341249703952,-0.048046658446221364,-0.04980702714885865,-0.0515419947018998,-0.051833906719410905,-0.051903365371156696,-0.051922070347062636,1.5264346407063745e-07,0.0003758358486503381,1.5,-687.3211686984301,-0.013093089256813071,-0.013089801629028841,-0.013084073855708313,-0.013075491730269562,-0.013063379348949413,-0.013046666831755259,-0.013023646910991005,-0.012991508395003848,-0.012945382258536142,-0.012876213240982535,-0.012765430787908372,-0.012569373654324423,-0.012162926828349184,-0.011068585038291444,-0.007421917451313932,-0.010338476949325326,-0.012973633288851259,-0.013395900514733938,-0.01349025481126098,-0.013513963996036438,2
2022-06-08 16:40:46.475446500,0.005828139668049841,-0.0020348244257762447,-0.0029470217959360586,0.00017256272340391635,-9.242161630552838e-05,0.00013534802453900086,0,0,0,1,0,282.015,-12.259701389817266,-21.48211257669445,-16.742866776502627,12.994943797698092,0.19363211569571792,0.3195460381546569,0.21481550516883974,0.2086715320296608,0.0034950976161284906,0.008589854068599263,0.023891681180108097,0.000578187232011855,0.0009210989528453748,0.001847550372421782,-9.469482698225053e-05,3.5284080399655496e-05,0.00014884020134590684,282.6026979166735,-12.07320622920697,-21.351255443490523,-16.953360923795373,2144.540979864114,0.5614658079854411,0.10900027149785316,0.018969529777199613,0.048766168373429335,0.0021221346410281944,-0.00035433628540660337,0.014241259414081643,0.00392446131479027,0.002621652694222021,0.004127135791441135,0.0002671142756015344,0.00017491373418043792,0.00010336085882281256,0.4752012926746458,0.15910566775373905,0.18564195547872334,0.1797562823786168,1492.0943012563519,0.25780456179281924,0.14824173056191178,0.1359849271392673,0.11144657121336586,0.0008159898042650549,0.0058526501972419155,0.006928857131774682,0,0,0,1,0,0,0,0,0,0,1,1,0,0,0.13068083152645835,-1.399902700312558,0.0,0.1117850030184021,-0.0032045351399335787,-0.003204664695911709,-0.003204889206039818,-0.0032052227829040057,-0.0032056879824559673,-0.003206319495266841,-0.00320717061087745,-0.003208324844844475,-0.003209917864070625,-0.003212181538383505,-0.0032155396461994983,-0.003220834771777088,-0.0032298939118105877,-0.003246246975413172,-0.003244711257655618,-0.0031174778812778853,-0.0031349133233620533,-0.0031505338771893,-0.003157916187710585,-0.003160917910138736,0.03501464611773645,-0.4017670170447301,1.6,-0.05256036928524499,0.0006706116618394728,0.0006702708490372647,0.0006696808676573112,0.0006688057298270822,0.0006675881981545972,0.0006659408583475701,0.0006637307235795705,0.0006607521262467179,0.0006566771048236567,0.0006509600249053865,0.0006426446823404586,0.0006299667737072938,0.0006097195361474309,0.000580501592585992,0.0006594880226361957,0.0010005951596272194,0.0008921082098290364,0.0008343565275311232,0.0008092062302154788,0.0007992787197770299,0.0823771014947985,-0.8212694160311561,1.7,-0.06404534389397233,0.0014166467434137305,0.0014160521213101211,0.00141501968940895,0.0014134810078998052,0.0014113257822886507,0.0014083823963596221,0.0014043830508618886,0.001398899180074009,0.0013912148100963286,0.0013800582392337448,0.0013629729003140337,0.0013346329980616655,0.001281494815499201,0.0011619307838266766,0.0009273183236902082,0.0014907040890464126,0.0016125718619445257,0.0015945805147153493,0.0015791680824909144,0.001571937951075464,0.13507212826792436,-0.37804424342388704,0.0,0.0033469346666497963,2.4104336896320355e-05,2.389619677928593e-05,2.353295733590509e-05,2.298726986135931e-05,2.2214265493771578e-05,2.1142405212070426e-05,1.965647476506315e-05,1.7564601118313e-05,1.4529863992411194e-05,9.91520080529713e-06,2.387555566677626e-06,-1.1266442006608193e-05,-4.055896975401304e-05,-0.00012358090766001448,-0.00042925277572424447,-0.00025110421720187767,-2.1678297644685813e-05,2.1706669612051207e-05,3.339972695516041e-05,3.692587097190765e-05,1.4403506484057436,-10.405904283288837,1.5,-7.367226622291563e-05,-7.359332481782333e-05,-7.33509225713684e-05,-7.292741323693239e-05,-7.229007181038895e-05,-7.138502946689048e-05,-7.012601526884353e-05,-6.837331398805428e-05,-6.589267824512147e-05,-6.226948085521771e-05,-5.6712320861641396e-05,-4.754673911503302e-05,-3.068264167843465e-05,6.187871793078144e-06,0.00011348851441501333,0.0005271013849344118,0.00032454006513687046,9.205112331434604e-06,-5.412815469650693e-05,-7.215077602163751e-05,-7.781866042381692e-05,0.10801221847248876,-0.007542077085253262,0.0,0.00384242953066402,5.50753356843059e-05,5.5422379151716336e-05,5.602339620599465e-05,5.691549075787024e-05,5.815779223606151e-05,5.984086163022708e-05,6.210301714376954e-05,6.515933945366135e-05,6.93554411358818e-05,7.527285103605671e-05,8.39491574890044e-05,9.736312891863791e-05,0.0001194245718274812,0.00015473712588216608,0.00010450039827732654,-0.00024026811240320474,-0.00015502422399013273,-0.00010292728730467084,-7.962520305340262e-05,-7.03342774121452e-05,8.96489293700475e-08,-0.0002901230600870285,2.0,-502.3835826106105,0.0070068112030980964,0.0070065524821032454,0.0070061015950813035,0.0070054256924336755,0.00700447111456981,0.0070031528047529434,0.007001334786867375,0.006998792652270325,0.006995136619162068,0.006989639213099252,0.006980801791533153,0.0069650799464096025,0.006932232462592225,0.006842660339700046,0.00653608431760766,0.006763485489209131,0.0069876592406981075,0.007025344093920083,0.0070342642954148715,0.007036649789815108,1.4203898550998562e-06,0.0012336471855589359,1.5,-882.8579846752644,-0.05212197062004975,-0.05212181514991698,-0.05212154015683268,-0.05212111847879442,-0.05212050417190284,-0.05211962104212376,-0.052118340417074194,-0.05211643593098359,-0.05211348474511723,-0.052108630475149915,-0.052099939638985404,-0.05208233973480958,-0.052039281806390385,-0.05189579727927196,-0.05122540731045433,-0.051320565373885074,-0.05186113917149271,-0.051991846617468696,-0.0520344275180662,-0.05204906677552757,1.711096975651483e-07,0.00041114640615843483,1.5,-687.0250181558564,-0.013292727312745,-0.013285275549343112,-0.013272343272106468,-0.013253083967292412,-0.01322613605285028,-0.013189386618918776,-0.013139550384138944,-0.013071394576652295,-0.012976231294675957,-0.012838757044452365,-0.012629749219049913,-0.012286926742000048,-0.011656361065169207,-0.01029437557442492,-0.008095746534937831,-0.015218501366597081,-0.01612582524102102,-0.015735744221689885,-0.015486098299797748,-0.015375490733295027,2
2022-06-08 16:40:49.225446500,0.007473705193616105,-0.0025807887191787674,-0.004054958153684903,3.333434631424688e-05,9.521441232347622e-05,0.00030755347772138563,0,0,0,1,0,282.015,-12.263462546592141,-21.453737553840217,-16.73101651717582,9.652259353540403,0.19288464280669854,0.31969813396017244,0.2150723271498016,0.20881651135778606,0.003532196657866544,0.008691453551635104,0.023961527047094318,0.0004622868487057889,0.0009053865323472787,0.0014862691230190528,-8.523151107831557e-05,2.814408288719641e-05,0.00014875317361621573,282.5795062500071,-12.07861898295754,-21.350456393572504,-16.947280020829567,2108.8641051789905,0.5552889070982402,0.1124863423223748,0.02226251970369536,0.051428179564536186,0.002148463851022834,-0.00020576605989705568,0.014400559797782413,0.003654815626449454,0.002638059094074682,0.0038672144140737,0.0002682428506820926,0.0001730119871129051,0.0001050832085635236,0.478617409943536,0.16140294406144345,0.18505840985051966,0.18238908542034465,1523.70010509396,0.2632613657159387,0.15133034440643972,0.138916746857304,0.11382089271862245,0.0008419850205850681,0.005994940005916119,0.0070682086862785655,0,0,0,1,0,0,0,0,0,0,1,1,0,0,0.0557526212612083,-0.5624539641743086,0.0,0.1821073869172918,-0.0032482840120237194,-0.003248493668414631,-0.003248855471652039,-0.0032493894818492464,-0.003250127073044541,-0.0032511149939929394,-0.003252421897003635,-0.003254148657051251,-0.0032564441541274914,-0.003259526476671444,-0.0032636940163522287,-0.0032692057989385033,-0.0032751126145388835,-0.0032678761533173955,-0.0030824264846573087,-0.00286093208827018,-0.0030419972466670586,-0.0031079383264063162,-0.00313387226642233,-0.003143688193413353,0.023783673212730498,-0.3062104184904905,1.6,-0.06809441921446385,0.0005489305079027559,0.0005487251688646061,0.0005483748680533669,0.0005478673906101766,0.0005471857276471122,0.0005463092169115088,0.0005452176705289936,0.000543904005212351,0.0005424115017209474,0.0005409470801191014,0.0005402552832912825,0.0005430387449550727,0.0005606829763806476,0.0006579907691399682,0.0013295371656037141,0.0015882331462745431,0.0010015748278782485,0.0008281111026950112,0.0007652648682885048,0.0007423785020856189,0.04499637694797656,-0.4867094802731264,1.6,-0.09503697818192357,0.0012491994708338525,0.001247190268109594,0.0012437100781550695,0.001238542967547114,0.0012313445383141562,0.0012215867000011016,0.0012084615658233878,0.0011907100986377128,0.001166302864967664,0.0011318097046701882,0.0010810672000380749,0.001002173649832383,0.0008709174935267737,0.0006528804947503329,0.000869930196241223,0.002859695932036373,0.00242781696154907,0.0021425975603762905,0.002013329983725654,0.001961539475303659,0.8526943321465621,0.12871675904774368,0.0,0.00395549701975546,-3.4990708928460783e-06,-5.2580158908901225e-06,-8.310968623936519e-06,-1.2858412893599115e-05,-1.922297829417695e-05,-2.790567082985279e-05,-3.9686210757898214e-05,-5.580805817847161e-05,-7.833907765832858e-05,-0.00011092977464595613,-0.00016057248494563464,-0.00024223895229171993,-0.00039322550367409037,-0.0007230294406728655,-0.0012873795924192054,0.00039022289799910516,0.0006423943161626977,0.000560358305636248,0.0005048559717190224,0.0004799556094048033,1.7698729097199088,37.06538973968887,1.5,-5.036379180945556e-05,-4.960742186964685e-05,-4.729214029547133e-05,-4.3272928872281e-05,-3.7284717973631486e-05,-2.890066492052058e-05,-1.7457329221152814e-05,-1.9209356832511987e-06,1.9359766787023405e-05,4.91365769079595e-05,9.228108644764384e-05,0.0001581611106490907,0.00026695106333707135,0.00046939623466341925,0.0009177726069048237,0.00173804428735829,-0.0004635683248874429,-0.0008601833767793947,-0.0007694067493808666,-0.0007022675750304957,-0.0006715891389854222,0.6516739042109452,-0.3646717514168147,0.0,0.0033856150588197674,0.0001809410084833807,0.00018126464513723128,0.00018182007860571183,0.00018263265275607088,0.0001837404205330309,0.00018519654102054184,0.00018707139817146598,0.00018945133039442413,0.00019242311433893803,0.0001960052953572614,0.00019987417662262896,0.0002021931515342626,0.00019358687399266704,0.00011416141460919362,-0.0005427682538596349,-0.0009162890113698283,-0.00032709235988128435,-0.00014292251886773586,-7.4558164966208e-05,-4.9364176561656345e-05,8.753586130369919e-08,-0.000285481384133375,1.8,-502.5333450349265,0.007019936916151437,0.007016637019582106,0.00701090321076947,0.00700234785097109,0.006990344354989021,0.00697391366241007,0.006951519412957907,0.006920684841688285,0.0068772323356967036,0.006813646837075638,0.006715158285516054,0.0065489466922725725,0.006228287434684177,0.005465872584284881,0.003644757365490747,0.0067740249829082435,0.007872710659700743,0.00787750663051412,0.007826479133508535,0.007798382302025342,1.4356990860319642e-06,0.0012454098638606786,1.4,-881.7089600503447,-0.05203342412625034,-0.052032227655203656,-0.05203015917098242,-0.05202709735074506,-0.052022850550706316,-0.052017128989717776,-0.05200949798100396,-0.051999298568158984,-0.05198551014162689,-0.051966509361285766,-0.05193966177811049,-0.05190082815973796,-0.05184590547505863,-0.05180375318914798,-0.05238261171200875,-0.053555991192961734,-0.0529386839523518,-0.052680239892149316,-0.052573797946074315,-0.052532594537495925,2.104664818643804e-07,0.0004749413152491865,1.4,-686.726294175469,-0.010916166632298996,-0.010896124880602542,-0.010861452160909836,-0.010810071800314349,-0.010738691155694369,-0.010642304138627878,-0.010513342524188118,-0.010340204510466577,-0.010104622135294505,-0.009776777854497707,-0.009306043334422752,-0.008604631124416784,-0.007540113434851392,-0.0063024830798532605,-0.01347746826952445,-0.03359980786702721,-0.025152813476317704,-0.021228996487604238,-0.019571748099187047,-0.01892504915940485,2
2022-06-08 16:40:51.975446500,0.009097700129308342,-0.002980227742147277,-0.005897542818943702,-0.0010023048270154538,0.0014888189796369894,0.00038959797939576077,0,0,0,1,0,282.015,-12.26876028080808,-21.42456796314478,-16.71221784876442,6.309574909382718,0.19211990189671665,0.3197847952015369,0.21533561942032334,0.20899998661600747,0.0036745382079733865,0.008801203646428835,0.02403512914986716,0.00043237047985242457,0.0008637462067133597,0.0011558180278915034,-7.472219280423294e-05,2.3414253615226025e-05,0.0001480818598485985,282.5563145833407,-12.084292512845336,-21.350078546325367,-16.941352230624698,2064.1282412775586,0.5475495818421084,0.11687757626319048,0.026381365806764742,0.05476571839691104,0.0021804884034420454,-1.8058266432127153e-05,0.01460150036314985,0.0035824117437131624,0.002678385329814641,0.003716619802882662,0.00028245252625186184,0.0002124506686423644,0.00011996264582992222,0.4808898305250892,0.16351534271614318,0.18485344365483453,0.1850886162383953,1555.708523377547,0.26878630922437363,0.15446787211892865,0.14187777555351094,0.1162255398939558,0.0008685149619470318,0.006141768113115935,0.007211694216672511,0,0,0,1,0,0,0,0,0,0,0,1,0,0,0.031374126801600837,-0.34980599984902905,0.0,0.25237533715945765,-0.003346197739155989,-0.0033456642700129754,-0.0033447328159046906,-0.0033433324370214755,-0.003341346577417862,-0.003338589037680223,-0.0033347592103207748,-0.003329355000145333,-0.003321491670133928,-0.0033094894510116296,-0.0032898163894862693,-0.003253908987367873,-0.00317623005518421,-0.002953410464165308,-0.002114548420493409,-0.0025639161475705585,-0.003198840351979291,-0.003322925140908577,-0.003357407164078727,-0.003368055212728681,0.030685102556466382,-0.2313461565429868,1.5,-0.08367078701817415,0.0003858751029831575,0.0003886935380741814,0.0003935962444035429,0.0004009243224387567,0.00041123138903596384,0.000425387351662386,0.0004447672961904914,0.00047160870687089736,0.0005097302136984499,0.0005661046399245088,0.0006547058732921237,0.000807420806290016,0.0011119359710597292,0.001881320813886711,0.0040932580079468634,0.001515795324302373,1.953432829316943e-05,-0.00013944408383909155,-0.00015039101088279558,-0.00014589584195447733,0.04602073238076616,-0.4150280533283773,1.6,-0.1265811429001849,0.0005296183255719365,0.0005274142378770708,0.0005236243898040347,0.0005180630909548678,0.0005104470274943807,0.0005003699290449422,0.0004872696218476717,0.00047039667529963396,0.0004488273401933259,0.00042169548834942566,0.00038938213839626425,0.0003591975958573963,0.0003766144743264834,0.0007589499657551456,0.004371515663661859,0.006840450845993086,0.003547679125215703,0.0024851818017676977,0.0020856174380067733,0.001937449966362323,2.1707129359350503,2.5905073280622752,1.6,0.0040701403652496655,-0.0005257233794039785,-0.000531175668129792,-0.0005406162908052419,-0.0005546249399769269,-0.0005741246071520665,-0.0006005271297623232,-0.0006359850963936907,-0.0006838376372878064,-0.0007494322175331554,-0.0008417219058612077,-0.0009765562982767145,-0.0011837351745234096,-0.001520127957625934,-0.0020355982812428754,-0.0010328823853760609,0.004401685482431222,0.0028841198291680056,0.0020182414311491416,0.0016358570879314177,0.0014841171001036314,2.1576343002965,-20.906843141301717,1.4,0.0006243488487240463,0.0006268142222890469,0.0006343521080244825,0.0006474063123547624,0.0006667826290425742,0.0006937651556455058,0.0007303205160355076,0.0007794522942922942,0.0008458306812025491,0.0009369595311095717,0.0010654632138180859,0.0012538620301167699,0.0015450881153750145,0.002023894438943019,0.002789431480372457,0.0016902910922731366,-0.0057986994567484134,-0.003940496395437549,-0.0028071991893755532,-0.0023004871172277183,-0.0020984811396513496,1.5762001623639978,-0.44753778447706616,0.0,0.0030085155959228755,0.0003855925325189514,0.0003830483696913859,0.0003786197832923023,0.0003719934000637686,0.00036265938732727966,0.00034981401391098114,0.00033218140641155016,0.00030767437312344465,0.00027270683900449717,0.00022067531957992989,0.00013820342062193574,-5.666655923493848e-06,-0.00029777879819172946,-0.0010586682617745855,-0.0034161481221955253,-0.0011209010621155279,0.0005314014911931762,0.00075523809810853,0.000792758176013453,0.0007984974096162562,1.0229047908168943e-07,-0.00031202997353055735,1.6,-502.68376669781344,0.00637188585265136,0.006359614142375847,0.006338310435822336,0.006306569059439937,0.006262127483594782,0.006201472074941704,0.006119136481824938,0.006006414319905673,0.005848872880306999,0.005621213904984046,0.005275724539924197,0.004713715662619578,0.003709266129060751,0.0017602633896167676,0.0009154996611968613,0.0139547279190797,0.012556718826360223,0.01106618958418082,0.010380422557838996,0.010107874299969177,1.4424368537742062e-06,0.0012580130542119154,0.3,-880.5591996668331,-0.05120982888476533,-0.05120977661253789,-0.051209751870800346,-0.05120986885772538,-0.05121033753869142,-0.05121153968612191,-0.05121418204846151,-0.0512196183448026,-0.051230568843983804,-0.05125286163569953,-0.05130010751438263,-0.05140815548604749,-0.05169004922014864,-0.05262496660182237,-0.056865264995000324,-0.057021356482344736,-0.05386102566799522,-0.05296468806370847,-0.05261260544665625,-0.05247678699465919,5.015360251034233e-07,0.0005988857491060675,0.3,-686.4212707911125,-0.0022505913817099103,-0.0022498436298832303,-0.0022490701487001274,-0.0022491447885286675,-0.002251693788501541,-0.0022597166711051386,-0.002278858069932,-0.002320138771935376,-0.0024062272049416573,-0.0025871658909579764,-0.00298466138909248,-0.003938255105367715,-0.006611434806675476,-0.016520009659220847,-0.06807062063105818,-0.07220844949932115,-0.030299402137245583,-0.018965556464912936,-0.014930106291629388,-0.013464778383736055,2
2022-06-08 16:40:54.725446500,0.011235552362566693,-0.0015102962750431395,-0.00742558211539779,-0.003895593425205889,0.005546308319155285,-0.0013405544994492206,0,0,0,1,0,282.015,-12.345657386365495,-21.41681886001829,-16.762057519585866,2.9668904652250347,0.1916750286764841,0.3203322706820709,0.21615771694386213,0.20863507268646844,0.004343501498247309,0.008985445960918985,0.02389794461813615,0.0004888923634018858,0.0007979274291018397,0.0008561607740420808,-6.523864824745222e-05,2.4030572966807072e-05,0.00014514911136530038,282.5331229166743,-12.09060483691281,-21.350337256624478,-16.936290796901908,2010.333388159818,0.5382507243277844,0.12217961838980335,0.031329146803351984,0.05877426177142014,0.002219592278812864,0.00020953631864751774,0.014842310836760547,0.003715044928368799,0.002741673013186434,0.0036839149888182937,0.0004090695228617859,0.00046073229978821063,0.0002479269532948505,0.4820347296241475,0.16592570395240802,0.18495261942573807,0.18741111741016034,1585.1038200761652,0.2738580121634696,0.15735736926548788,0.1445963133441655,0.11842887459336493,0.0008969176262619682,0.006280873747600814,0.007343875960392624,0,0,0,1,0,0,0,0,0,0,0,1,0,0,0.02212901065721304,-0.2702651740783813,0.0,0.322811624883807,-0.003274607141991556,-0.003269761973689281,-0.0032613537534794818,-0.0032488327786708085,-0.003231314958144216,-0.003207428483574578,-0.0031750405009738497,-0.003130753618981486,-0.0030689254189607764,-0.0029796083887797305,-0.002843768991978823,-0.0026206558972316878,-0.002208468990153199,-0.001304978348211308,0.00028920404352913287,-0.004266759316389175,-0.005026478667002666,-0.004822711129206626,-0.0046767068875964105,-0.004610207356007596,0.19122224029022364,0.0023998136951271553,1.5,-0.09844040454013188,0.0010325152353246568,0.0010473619944154564,0.0010731098351012911,0.0011114119478239839,0.001164919454796862,0.0012377290563043795,0.0013361744146104734,0.0014702677056492985,0.0016564646760261655,0.0019233531139276035,0.0023244528862959263,0.002970399550074577,0.004120120175734529,0.006421294171227164,0.008554711467819194,-0.0058225416270023846,-0.005750093440131046,-0.004474846385189882,-0.003806980390246079,-0.003526358271362926,0.1321041147950734,-0.33416527440283705,1.5,-0.15868599503835806,-0.0007455447649621985,-0.0007323129227838846,-0.0007092683671106499,-0.0006747591240489348,-0.0006260927252361211,-0.0005590142139378848,-0.00046674786476589783,-0.000338165779620073,-0.000154056213026498,0.0001211681165438584,0.0005601247789177483,0.001332435006296485,0.002919769193114821,0.0071335882853255095,0.02073774326607552,0.008852146021551356,-0.000838038806987925,-0.0022869310571464203,-0.002579711491586993,-0.0026442785429012074,1.834172136012904,13.17920170763949,1.6,0.002692988513611734,-0.002538093573316913,-0.0025421752548289533,-0.002549158013857164,-0.002559320532670946,-0.0025730671353640412,-0.0025909298159763018,-0.0026135369751315645,-0.002641472107434486,-0.002674787649713326,-0.0027114005244962365,-0.002741517089118112,-0.002725696757878712,-0.002488180814230701,-0.0009905116730084403,0.009980914130892679,0.01491105137320679,0.005239596483159709,0.002322045830978939,0.0012553368939807554,0.0008650923648045085,1.860347431765128,-13.954251196083643,1.2,0.003365259781174714,0.0033675537221176397,0.0033745365829883555,0.003386519208494735,0.0034040455995410827,0.0034279315747613873,0.0034593145310098986,0.003499695124270805,0.0035509011338084578,0.003614732441453883,0.003691427984122804,0.0037736065111096772,0.003820513864274489,0.003625928136622476,0.0018786806679809238,-0.012468868748749144,-0.020528288624190226,-0.007675661575869781,-0.003666723147188303,-0.002179782893648269,-0.0016319826928655903,2.11172902057253,5.896597202818552,1.7,0.0018954413398547304,-0.00014889154976654572,-0.00016396842519697888,-0.00019012141890741466,-0.0002290405041321849,-0.00028343852978924763,-0.00035751357128341766,-0.0004577686047600012,-0.0005945101833058849,-0.0007847374398206778,-0.0010581263166362985,-0.0014706289866158989,-0.0021392117092906998,-0.003343340194394868,-0.005823232275226575,-0.008776536417547972,0.005758708994293706,0.006346622997912504,0.005225883437646278,0.0046068030698705135,0.0043426110633561716,1.0116266640369651e-05,-0.0015797556621584589,1.1,-503.0162271756816,-0.1700874792991911,-0.15196453256916698,-0.12350686108339914,-0.08717000166296884,-0.04607714265759455,-0.0037406445595067343,0.03624799926773292,0.0705295157186967,0.09625812223392494,0.11132265585147394,0.11448278045613057,0.10541757020718023,0.08482439662893171,0.055916161907930466,0.0418091295216545,0.04485162192118963,0.019236559662758168,0.011258628155429662,0.008413256748396769,0.007361765712440071,2.5875395656950228e-06,0.001034603093164725,1.0,-879.5127474706517,-0.14922274062897145,-0.13623776501242446,-0.11598643893037774,-0.09041868738978563,-0.062006577857573575,-0.03351614209368137,-0.007753400997309257,0.012690678847611991,0.025670724717539173,0.02966845301184406,0.02390332542417184,0.008356225264051886,-0.016293964717526418,-0.04880814795350119,-0.08553332631295163,-0.07972681128033797,-0.07141035481742364,-0.0673978723411448,-0.06521749961510538,-0.06427160805259513,2.3905077748201763e-05,-0.0002791005467064595,1.0,-686.4525847598314,-0.3148538339316929,-0.2711443803257936,-0.2030852224759485,-0.1173931365912324,-0.022581598909440004,0.07182528757209639,0.15616444650478198,0.22150137523740554,0.2603952295724845,0.2674504759491505,0.23950252496103094,0.1751179058697847,0.07233109404571536,-0.08060227621457018,-0.3128230736831803,-0.13473945332845005,-0.042439812953661615,-0.027477646657473542,-0.022340994987568585,-0.020409674901552318,2
2022-06-08 16:40:57.475446500,0.002090499393973434,0.010781299615025329,0.008440948137954313,-0.0048267687728553365,0.007710426735897284,-0.010154151813198594,0,0,0,1,0,282.015,-11.987300131854468,-21.306762067731217,-16.864404968951014,4222.516772026683,0.9198231184431552,-0.09898846826264428,-0.17090959593888996,-0.10525168990963517,0.0022054455892038948,-0.009011062327443772,0.0044598533195619825,0.000580869105769401,0.0007275255483208722,0.0006248019979522727,-5.5858125309187424e-05,2.9493170623843586e-05,0.0001327630051668219,282.50993125000787,-12.096553539048893,-21.35200168185155,-16.937892453668905,1963.9338257693246,0.5302481748638197,0.1268047902597404,0.03559798228726176,0.06220310595782611,0.0022570496376261907,0.00041010248475833067,0.015036191462114394,0.0039527425678780774,0.002906112384675077,0.0038682738073372103,0.0010140277118592146,0.0013318367843635028,0.0008260125287156847,0.4820601409421729,0.16989397592988914,0.18617441305364796,0.19104588214099555,1609.216353849756,0.27799743746754024,0.15980744062303162,0.1468162241626981,0.12019186096446845,0.0009274414252414336,0.006398281184401743,0.007441670978669919,0,0,0,1,0,0,0,0,0,0,0,1,0,0,0.16494504546240013,0.07864225478393645,0.0,0.3689570234442202,-0.026751726462846,-0.02457564421777883,-0.021141571526685124,-0.01672026642143075,-0.011655809064539205,-0.006334400498553862,-0.001149196876422259,0.0035358853826830353,0.007420684865420472,0.01029981403363302,0.012090493699763493,0.01286228708003443,0.012880136370069135,0.012549600132529613,0.007860551308217698,-0.008852432199528765,-0.005558078259462562,-0.0034264985071900326,-0.0024607341832666354,-0.002073601392251154,1.145598528996178,1.1241786499836652,0.1,-0.1029698777949075,0.011775059557616213,0.01138005853054582,0.010758747535467109,0.009963775925065884,0.009063444118596446,0.008137141371558198,0.007270691280341101,0.006552561318899006,0.006072261907652237,0.00592286777345231,0.0062102548868169,0.007068269574630548,0.008624774778846057,0.010105510207451006,-0.005775139122389441,-0.04030384931645905,-0.022922245878816413,-0.015509769478772556,-0.012451604680718438,-0.011269194117332494,1.0458292701268053,0.6864569116596312,1.5,-0.17329308518047193,0.015114641591122168,0.014086839164313124,0.012476014264600276,0.010427378695835834,0.008129204174289266,0.005800366707563635,0.003678156399709968,0.002009787380203516,0.0010533446552696748,0.001099609081220235,0.002542512323317942,0.006078928885165722,0.013311318852207434,0.028593017080023424,0.04889397767316953,-0.03156338660157857,-0.03646168399956511,-0.030573374558913024,-0.02723770673103235,-0.025804002040100558,1.3700628573287486,54.224178509494536,1.5,0.00029754051536660535,-0.0055532609798951615,-0.005508528531247974,-0.005430691758793517,-0.005314292976223756,-0.0051504648763701895,-0.0049252542967387816,-0.004616565011206113,-0.004188361964822229,-0.003578976709019771,-0.0026754282451354,-0.0012503808763855591,0.0012175405463996074,0.006171875226426296,0.01882726217570986,0.05628329510741338,0.015740537084152503,-0.009952827593702866,-0.013036849993847329,-0.013418000588462866,-0.0134230938700886,1.3975879690788335,-6.861705388034978,2.0,0.007894268478890574,0.007876092538752433,0.0078203797183242,0.0077233955952598,0.007578267701205361,0.0073738134477490435,0.007092400683434312,0.006706033664091139,0.0061689048407191,0.005402297336140925,0.004261250882906771,0.002452174856501003,-0.0007039886615378844,-0.007109502219668938,-0.023767789238281205,-0.07519988954816573,-0.0249959042140296,0.01095227821054187,0.01582969289059779,0.016660249009378656,0.016792950818388892,2.0027119617530467,-31.90898092400218,1.6,-0.0034336286062062885,-0.004902866213550156,-0.004941123630050971,-0.005007305866300832,-0.005105369721626422,-0.005241587082588094,-0.005425489811884579,-0.00567148028474963,-0.006001620223294462,-0.006450611375600828,-0.007075009313336865,-0.007970610676176978,-0.009302750933867943,-0.011317053859888262,-0.013619294697944036,0.0003719024776790391,0.03883746746318757,0.022479753874481062,0.01491726599382631,0.011724724914916721,0.010479053984158628,0.00024239505678393184,0.004428655640357782,0.4,-503.0494342872361,0.02218040259390364,0.1794098053118276,0.6769026066520425,1.3357030221746484,0.8317552696130335,-0.5624571944792152,-0.8218190443038225,-0.01865032264890587,0.25575092754319506,0.06894719302979803,-0.03591322800173913,-0.2784260606589637,-0.3702778830298268,-0.14170698202810605,-0.059718681977006575,-0.17930421739166744,-0.2115592941836741,-0.1887840772472309,-0.1730880593999906,-0.16586709103551645,3.3125741817759305e-05,0.0017422477977023258,0.3,-878.9402128445886,-0.2313485018300128,0.4535059073041338,0.4971442764861962,0.15259746894632542,-0.3271533644762599,-0.5576546215527145,-0.08260773554604127,0.4473003878257345,0.31484855308406523,-0.01916412446783156,-0.22134887868712735,-0.38656009819814585,-0.248544710800374,-0.009787352096807922,-0.10843231587789147,-0.11583783006334157,-0.08561120618165319,-0.06652026112710807,-0.05789678588259761,-0.05446162297373114,0.0003060718887431113,-0.0025023725269793288,0.3,-689.6034371486072,-1.9970198344022376,0.5498706085382423,1.1993578118542985,1.1317079277254718,0.8483365229406985,0.34709852202056624,0.4331238642856832,0.1439297038852132,-0.9412233738082278,-0.9584553336079472,-0.2689819790620067,-0.32383907406912016,-0.04183979110085012,0.4084528425640741,-0.18743655438427,0.3489552120737862,0.28305772984856503,0.22598822804731,0.19933113521264545,0.1884349382133239,2
2022-06-08 16:41:00.225446500,0.011590755238978656,0.02697711637366956,0.060838370963402826,0.025279909478290643,-0.02945149006640613,-0.031633153769620295,0,0,0,1,0,281.67766666666665,-12.203052743512824,-21.30161640496668,-17.327207633676988,3983.37161867932,0.8795217938493004,-0.07177212399102938,-0.1478305980718256,-0.09112886781550826,0.0015163432568879632,-0.008883226735833206,0.00475673578899545,0.0005093252239939393,0.0007416944409448568,0.0005920565767562909,-2.0075954573474915e-05,4.950533010044795e-06,9.575786089991773e-05,282.4853340277858,-12.102084078862012,-21.355292380657907,-16.939613039024675,1962.4450305417486,0.5300137228930791,0.1269574352882715,0.0357874796616054,0.062296512626037776,0.002267378812243489,0.0004235807007195672,0.015018898919848513,0.00401676578032307,0.0036926043170719494,0.006083193590760883,0.003789570174825993,0.0050056699164209885,0.002612474767138409,0.4827266028105887,0.17322526898314736,0.18738190836886998,0.19372569689381006,1619.2529351266678,0.2797472176828957,0.1608052936929614,0.14769033010092167,0.12095323688557875,0.0010360218686180796,0.006436174596085407,0.007507376176068511,0,0,0,1,0,0,0,0,0,0,0,1,0,0,0.5780509091343259,-0.03884999121334296,0.0,0.2953163085158061,-0.07121607422976961,0.0418001397955046,0.014758436031344713,-0.005421058808776268,0.0248939278439346,0.011732381506308636,-0.00523199522563143,0.010711504344150177,0.008858274968186142,0.00972820154962995,0.029281887584851212,0.01903620815239988,0.0027995222810073307,0.01246023779830002,-0.013784827959810841,-0.03763608701593327,-0.01453462489357505,-0.00723163120548557,-0.004492087925931498,-0.003470538670939096,1.7026346951805025,3.214253497698214,0.1,-0.05447645539747013,0.04476230460879745,0.006941239289793715,0.011665326549628608,0.01827010576788739,0.009461512522047352,0.015627210911629268,0.02636454133325495,0.017947196861912026,0.009004695600873441,0.014432845889256453,0.020430671465143692,0.018339569668290888,0.009753166274940571,-0.011872783934669208,-0.10805354161002344,-0.09891007108514444,-0.02311075828587965,-0.0041384122083513155,0.002398689260618355,0.0047305334092584035,2.186234189568767,4.457347096778434,1.4,-0.10771459960795723,0.0628129928300325,0.010915726664028794,0.029938203959889106,0.03911064231414755,0.017938607332216926,0.022372401456844646,0.03516201907437835,0.03482008773077938,0.044425113883362594,0.0498482939866829,0.041960934225388886,0.052309306179652716,0.07282017118500034,0.07929866891249769,0.0014126680258197974,-0.2246689354208936,-0.13837546015581118,-0.09677657676764456,-0.0787708901444578,-0.07162830389869597,2.137234051674562,-22.444946034282612,1.5,0.009780879621812805,0.003416676419360324,0.0038239489115473187,0.00449408837041319,0.005422079372716207,0.006616415398986765,0.00811421762684841,0.010001631266961394,0.012443512898838143,0.015733084252086926,0.02038845951542249,0.02736695857228641,0.0386035758093827,0.058540868983182885,0.09829030086714244,0.13865104297716094,-0.10143524621764018,-0.10744625513364307,-0.08892006410030844,-0.07875624816089245,-0.0743919462215612,2.074805392687982,-60.24683807464512,1.7,-0.002751815471658573,-0.0028616288380678076,-0.003199144697676455,-0.0037893381625217462,-0.004676604525885036,-0.005929975408149396,-0.007652930920004007,-0.010001505168035994,-0.013218134413863913,-0.017697334395802764,-0.024121095619246326,-0.03376286563430049,-0.04925096257489832,-0.07675464188107506,-0.13225420427550064,-0.19680006347645454,0.12256554652513635,0.13869057059010473,0.11641335233830966,0.10383873459510584,0.0984000973735586,1.6736687711939138,-13.884327201665654,1.6,-0.020258925376784143,-0.02114337283294928,-0.02117218359507586,-0.021212356651908463,-0.021253004956895017,-0.021280235632212503,-0.021277498212247715,-0.02122440538790513,-0.021092103230164663,-0.020830872388033217,-0.020338366826382997,-0.01937180749667689,-0.017264740116231803,-0.01177138168038834,0.0076070840582136015,0.10564241241053007,0.11088518386808467,0.030528191622948283,0.008667171715366467,0.0008800743330515027,-0.0019368663271941472,0.0005874880017146247,0.0017400875301487654,1.3,-502.75822564642715,0.5577831300338971,-0.09450119274104908,-0.31023821012431085,0.8497474422986997,-1.9984072897067973,0.8548174199958005,-0.6952765766454441,0.3545856440185311,-0.09731665794927302,0.2939893439633145,0.0012515395603429624,-0.09420620433774653,1.4062585861147117,1.1440505083451633,0.2835325795262289,-0.7405114264348569,-0.5876452582487754,-0.4469850927899781,-0.3807077663069896,-0.3537049462374928,5.495334863506523e-05,0.0012843295894865,0.3,-878.9473268102374,0.050611206213872606,-0.21768900253320567,0.9741351549048431,0.2092285859452403,-0.24987144097485725,0.3391533348696285,-0.2562528383839435,0.6536350961057522,-0.3796364249542137,0.09475649816262433,-0.5434898026762944,-0.4438865435042381,0.2272321541472557,-0.15737520510147718,-0.4160794521295266,-0.26201773013264074,-0.01813852221827261,0.06141342101716062,0.0911102893471849,0.10214494528463368,0.00029309556189051176,-0.007953416398585074,0.7,-692.733709008122,0.8521785229077068,-1.1777736436620572,-0.5325350441562477,0.3206703781444844,-1.1908121227790571,0.690685915855191,1.4362951412588603,-0.5948691091530591,0.2564169769543305,0.356402978392282,0.12021435401932125,0.42223750946594585,-0.27707336721389986,-0.5959556789757627,0.1158658441903313,1.2005631139564912,0.625929419123322,0.4360789343541835,0.35938754575442644,0.3298525007975712,2
2022-06-08 16:41:02.975446500,0.22011277126256695,-0.2816646391127598,1.799868434431182,1.4060389383738896,-0.2697751486173902,-0.5160253394040839,0,0,0,1,0,276.008,-7.729890129877181,-22.87514160253477,-17.113345646715686,0.011275815119615009,0.19225158002664994,0.3390057411705633,0.18568693835348413,0.22243412163386053,-0.07524573564823987,-0.02590482218081204,0.1030796496824448,0.0006214518276228017,0.00027142341090697123,0.003394770894954416,0.0025165342631310924,3.282333603627623e-05,-0.0015288984141190206,282.21021875000787,-12.093985641532178,-21.36780390394024,-16.93860013562276,1909.3753090603784,0.5208357295037129,0.13223450426286348,0.04055705919886125,0.06632307631616659,0.0022018954505176763,0.0005709244760268563,0.01526312199613925,0.01967297658629226,0.019409944268190232,0.08684752559773105,0.06619134424183046,0.029001668490975036,0.03141120121408267,2.9403019057005038,0.2750152234075852,0.211455307480494,0.2035180460057664,1626.9191606137808,0.2811225124927838,0.16157675029459756,0.1482294001124613,0.12161541067320933,0.0048815149552855226,0.006603776724834525,0.008593259278666523,0,0,0,1,0,0,0,0,0,0,0,1,0,0,2.5619964169461817,-4.473612125390951,0.5,0.2684307956433443,0.15257547120333173,0.1764397130228753,0.3683677266096062,0.4299729503882525,0.4546270092959165,0.3898305019209021,0.2263029380010694,0.0839060113058465,-0.07946845082194053,-0.2601886282125216,-0.4070535401354583,-0.5455660672447643,-0.4915369882695898,-0.36667204736818587,-0.2844369296639121,-0.10139729544740188,0.030999478751961726,0.0799566821754201,0.10378034315015164,0.11398687619625858,2.345535442993696,-15.422759221421375,2.0,-0.2264562916979345,-0.1876928641976628,-0.1272761672328318,-0.12815117775585247,-0.12643294068576982,-0.14589478409445902,-0.1754353259611282,-0.15844969569409134,-0.14354219614714395,-0.12611230511374805,-0.16852858545381358,-0.18453309964792872,-0.17402099268703636,-0.14476292755246295,-0.15938613293328446,-0.318723184309036,0.2274597901737657,0.489651740212325,0.5729100539833286,0.6123557604094738,0.6290609759737037,2.7928009700667404,-24.78332573238401,0.4,1.3036624754714126,1.4544411138782816,1.6963759072585816,1.8923428350674265,2.025718400384366,1.9180912546617133,1.573609299484808,1.028076069196297,0.4058209776107302,-0.16791728449663526,-0.5612488830787116,-0.7781153162446351,-0.842863235543446,-0.8653802004468538,-0.9704362261371268,-1.6506518899175573,-1.8461158813563625,-1.4149742744924974,-1.2590629251096552,-1.1854332548867872,-1.154115070925096,2.6519517482587074,-18.343953270202146,0.0,1.219295184464286,1.2054544262144398,1.17963710856697,1.1307665534811877,1.061980693888272,0.9718812850390562,0.8596833221632684,0.7295371149388222,0.5844266915940832,0.4300721328685459,0.2743222674978988,0.11993710864543322,-0.03264994455398728,-0.1876717600811014,-0.3736135414814121,-0.8837754377913913,-1.7243877620273371,-1.5705114635223196,-1.483841485182884,-1.4400482875714566,-1.420916476706964,2.3550682564529817,-53.57361946451207,1.6,0.01038210204382208,0.01395384505037424,0.020482400462871284,0.01903818516500675,-0.003728488243613057,-0.05595552140725008,-0.13367008949479586,-0.22318283078606935,-0.3090833623116858,-0.3796007024684442,-0.4312101936997202,-0.4702045414765942,-0.5050988740039933,-0.5343860323945424,-0.519700286286221,-0.05255492173762085,1.0026705551241522,0.7702985122019549,0.6358718367108038,0.5665807282127945,0.536023703348939,2.429402560387368,-10.199691520676607,1.5,-0.7985177556517928,-0.7579338931337846,-0.6501609328462163,-0.5157180221826163,-0.4012594771176196,-0.33326766774067657,-0.30573680941190723,-0.2855795400698988,-0.2299804411093869,-0.1106868841837031,0.07021588496211573,0.2828216659490681,0.4862699312718645,0.6552747785212867,0.8132965746894529,1.045125982716355,0.4866861766022441,0.15909500157889145,0.04134207449278636,-0.017402030869292182,-0.0430030048654023,0.0096491738594196,0.07924018111062732,0.1,-494.6546670233071,6.765099330942256,5.005509507227358,2.4632248951571825,2.4663836182024066,2.727919139534684,-0.09252248095106096,0.3541247321291401,1.4458727688225643,1.3025425033309954,0.9096383801029972,0.9132600681987258,1.1931295936108546,-1.6498329238077414,-0.9446752221764108,-4.112377507401,-6.5015639909652725,-4.877510522375268,-4.137487268592413,-3.7695135169221192,-3.6099950855446896,0.0006223161500379428,-0.015499078470463057,2.0,-882.9523010506766,-3.017550784291245,-2.1448508430906514,-1.583251430440825,-0.9723878648492388,0.6044882258502824,0.6257873270686076,-0.006541119511588533,0.6867070272804163,1.1252627240660154,0.4577855758509486,-0.7936477320074466,0.6323721512583553,0.5957477895989882,0.027236322136687363,-1.3812562134346784,0.3556839222267314,1.4202242063364598,1.778423209916605,1.9476561199672933,2.0190006440347417,0.0009911760484884189,-0.002956230884998553,1.5,-695.5651802212102,2.1590248288649434,2.382270672005774,-0.530287667600021,0.3549950847973733,0.43598113754544704,-2.4496872091165613,0.32206524728382746,-1.8282850522903897,-0.1420913269261348,0.17427257737569235,0.16698204105319192,0.208963891378513,0.4323184697353426,0.3654338689050931,2.9997073267711976,2.2497255567099903,0.04995946505591853,-0.7262770861513985,-1.0931171454451525,-1.2484781340020181,2
2022-06-08 16:41:05.725446500,0.020063267021513717,0.07387986886630711,0.02230026867636372,-0.05746543202982425,0.13526927817874385,-0.026233290785922687,0,0,0,1,0,314.9885,-3.7923963269117213,-1.3335604850642355,-35.00437196228878,2690.2412265788475,0.5742511125883792,0.18143706622493366,-0.17735693496082994,-0.17292154689924044,0.008152232114696093,-0.01833084088902331,0.0336399076232536,0.003184758852698266,-0.002821925212567231,0.005290090164356844,0.00456690733390765,0.011607722311012434,0.008426553453306873,281.6607395833411,-11.953658949640253,-20.995321258492133,-17.255083870560718,1832.1534645982777,0.505715284873526,0.1418165384895108,0.04504661883031762,0.06848349525450488,0.0014111701416759208,0.0012071652177504887,0.016071096372639884,0.07060271628519396,0.11303364862510115,0.10239196197860066,0.11347776672134878,0.1784639631710072,0.13574405690710467,12.032757761268904,1.3128974246268101,2.8220043274047235,2.562529449495949,1623.566936172582,0.282539302304998,0.1640138090438067,0.1471192053967268,0.12063323301212027,0.013517877578848165,0.010067062647867973,0.010506135004108793,0,0,0,1,0,0,0,0,0,0,0,1,0,0,2.5517068010920334,-0.2357763338480368,1.0,1.3847470314959984,0.7767744499194525,-0.9954466968618632,-1.395817596683138,0.5801571306155043,1.475712265500798,0.4129695867765567,-1.530821246047968,-1.5983907751335382,1.3617550802784713,2.0351577958386136,-1.2707455091724562,-1.5719074445123096,1.1413773650506471,0.8986324881854135,-0.39019122453214095,-0.17164046640122868,-0.08198654552546182,-0.05595157385260125,-0.04418797297263536,-0.039446404688790605,2.6795801965086854,0.7416276984939997,0.6,-1.6574025575048437,0.7199156401618588,1.937347024655593,-1.6788173082795457,-2.4603934856795826,2.0900924277050894,2.8484306736608214,-1.9684685765428536,-2.3665556423291685,2.118389832031551,2.017979834801769,-2.4098659721688502,-1.865897413808825,2.0707918758713038,1.6952336538580397,-1.2153251583233031,-0.3056730208865559,-0.1725971342006858,-0.130379014422484,-0.11092192304450553,-0.103033627798042,2.386570626818344,-0.3206863571568287,1.0,2.2670336224085794,-0.0915201953658475,-2.3395141902792256,0.9812375298876008,1.9939998045698182,-2.276823638809289,-0.4197384061300759,2.1106493892898683,-2.044993066620666,-1.224667284626494,3.006686776538809,0.7672596250088166,-2.410517342518587,-0.40054031852949296,2.481478815887613,-0.15635237696346765,-0.5306862705164606,-0.1974899415342765,-0.1546530800710036,-0.13834399211287907,-0.13219912194924355,2.4222957801046814,0.3285492900569289,1.1,2.1949402559289597,-0.4102560555507927,-1.7083377856597848,1.7216431816966948,1.2695038688060916,-2.7247407662600978,-0.8488566129129048,2.812557759567756,-0.4100745367097951,-3.2966828839334927,0.9170455353286648,3.0550569772718497,-1.4369220496093078,-2.7594815494410465,1.6198890081562771,1.7466136597581825,-0.2254425954561136,-0.06938155647866037,-0.06930204734694033,-0.07326478020214387,-0.07548868067291792,2.3702598194813542,-0.6201326277430832,0.0,5.56469516853733,0.3298912740972414,-5.3129769066859245,-0.6496763423764348,5.054765916629601,1.158325493535168,-4.396012904948724,-1.732190403080652,3.6722835569955112,2.349791646633021,-2.8196849675812223,-2.1874801129925667,3.102093993360085,3.138241595019111,-2.365194567900664,-2.4172195811961736,0.20383177300816915,-0.02006302024176472,-0.024960110737918675,-0.02198497214640616,-0.01998300103521789,2.19427119430704,0.02144556134291804,0.4,3.983742641151977,0.4138795494017364,-4.028783549207208,-0.8195683455962547,4.060076442743549,0.8072212246956452,-3.875752886617762,-0.9820411769976862,3.3527184920180066,0.7069297913929438,-2.9420593868811995,0.2406754554526965,2.5788525214198024,-0.9973678345355896,-1.945467735743044,1.0356667829346546,0.21680130567283476,0.0845220576452601,0.05840108595469521,0.04705400456121396,0.042553136184216085,0.1894396522020465,0.17967436337916867,0.1,-424.540647445544,50.19757776449494,10.268376298895276,-18.52373446672581,-25.84777843032672,-1.4714126587366678,17.019471338899145,-2.1797551988841875,-23.765000427959485,-12.544829393863091,11.091080334384756,4.018006274523232,-19.257948624273165,-11.471984220494909,8.371624323811726,0.9892573787121623,-6.002922926317512,-4.59428918596978,-4.427552526956953,-4.3767846287883465,-4.359940038465382,0.2505636023295855,0.2594191670374999,0.1,-702.4346361646562,127.0768305181738,13.045145564754574,-60.85517743500572,-35.85788017499442,13.866848483445821,8.061106469150026,-25.99689509393477,-26.67659056083972,0.12120763148618965,5.2110843036589864,-16.115878946533066,-18.280173077307055,-5.935650467208884,-2.057693131284754,-13.404202656210362,-11.247227118823957,-10.67608139814126,-10.521534169590293,-10.446088609946916,-10.414387597289856,0.1698280892943493,-0.2328084503560854,0.3,-850.8578481254609,-111.59112367392174,-18.771808216529838,52.37281795701878,37.011161683774965,-14.48998541828837,-13.262487564020667,24.91342314611211,30.93128482453616,-2.8208929694412817,-12.494763635758126,16.796141098278717,26.108482910472862,3.8770554597590063,-5.736926308299786,11.59764874666908,11.050810985069162,9.839581700792307,9.653587650507983,9.576394290993882,9.546007297915258,3
2022-06-08 16:41:08.475446500,0.04907324482933394,0.13483571812188175,0.05044728010823212,-0.15016233993664166,0.03483444194714192,-0.06346914691671719,0,0,0,1,0,316.4735,-2.6776678904045648,-3.1673904531059818,-35.00865162462837,0.15336954041128678,0.1181859166633577,0.4576195610672165,0.06107968970167221,0.04524979256586581,0.013744436266011094,-0.010920339623998198,0.03485734275106366,0.0030674751827465445,-0.0025677284620901275,0.005200782943939421,0.0049001965461001615,0.011843749723637937,0.008182767360274656,282.5636348958411,-11.759705057567835,-20.590450124752657,-17.658091513943468,1749.0650087926313,0.48980189330448604,0.1531077935073542,0.049403022508798314,0.07090597631608846,0.0013642747479070984,0.0011630881517754126,0.016984525833451718,0.07094873290634196,0.11358386779216165,0.1028976263739087,0.11486237563986015,0.17871419735571398,0.13591365323025942,13.588053316092806,1.8296445440310447,3.8382554037069294,3.6550695142812897,1619.8190965416761,0.28366211306402395,0.16794844727852132,0.14480423353395086,0.11885060279621995,0.013645040049338121,0.010104094758344288,0.011479663570925334,0,0,0,1,0,0,0,0,0,0,0,1,0,0,2.4670585755327736,-0.807340188952146,0.2,1.2671371089031085,-1.2598533614118614,1.4242834172414134,-1.1908863692590343,1.1436958453493151,-0.9611058293959632,0.6364037580623909,-0.38610706780711335,0.24539649169332825,-0.018003827114572046,0.4094197137795693,-0.8003351914843648,0.8545452229687682,-0.9391451404770456,0.9936479220856308,-0.4925108488075327,-0.1536761574066032,-0.0799239210090408,-0.04182369023490498,-0.02585973598479066,-0.019530637457513725,2.5865254505202238,1.3859023308811866,1.2,-1.512512493082972,1.756538396238812,-1.5624963630343962,1.474553365225676,-1.327971668806246,1.2801116861716082,-0.7128649111324198,0.5147242966954464,0.15581573103286808,-0.6453391126756667,1.43556986576573,-1.6639229566236744,1.9469542598969165,-1.7841765002633685,1.8555156591732258,-1.559421773456876,-0.27099970684544816,-0.19054793391403746,-0.11815751575430099,-0.08552765874032098,-0.07227820483787056,2.386488088677864,-0.7149192075493841,0.7,2.244397939790288,-2.2942255238082696,2.3270643584760315,-1.5305846982549045,1.0812430027812023,-0.09583780326593164,-1.1982835830101235,2.3519936043929053,-2.520751628381685,2.15108822560199,-2.35986946455725,1.6088198585971143,-1.044522112723206,0.3689189209350896,-0.2646370727042233,-0.32361314205789515,0.16822038434377773,0.07076680129700841,0.04669850880127524,0.035321977271138616,0.030673676230459745,2.4473051783556645,1.1388567806728471,1.1,2.3443957838779035,-2.1919660647416808,0.9301176313902496,-0.8720814627581711,0.1195943411759251,0.12618997758876574,-1.4617958336619392,2.096073842735985,-2.3986530312450114,3.028783428351632,-3.4488780844586078,3.7037006915534616,-2.8146718914402538,2.565817620154509,-2.612797934720987,2.01798013119279,0.037235512689697714,0.06372397974570099,0.040340481255721095,0.02946170562476214,0.02490812781241225,2.6676145717242616,-0.3554720690208345,0.0,5.683704015428559,-5.298915757955632,5.466785195376841,-5.108788844801861,4.844196128552393,-4.603016501327957,4.324509387845277,-4.1347871402426515,3.900381662050792,-3.5256888509227298,3.2211371070679835,-3.1599276280003865,2.9651180113800173,-3.214951449874721,3.3143620588309077,-2.464450390691837,0.15705018261265802,0.06049211717478585,0.06042303532525661,0.0591517629643592,0.058387842165520974,2.395370305183804,0.3554388583417579,0.2,3.8742456526354343,-4.104872262789101,4.064545107000897,-4.080496620327052,3.909031178535424,-4.020895621185826,3.4211960519740288,-3.1480853997069573,2.910378961285645,-2.2223390410013115,1.4047541423744088,-0.4989881776735425,-0.017011919043299406,0.8878498763130301,-1.160380626492592,1.2479531840955054,-0.11703438249298308,-0.026369547716636743,-0.02111086717593597,-0.018537184198407275,-0.017440314601032847,0.1859393690647402,0.2412213061883168,0.5,-327.3496754519155,0.20456717943184088,-11.819448354059505,10.57074195124817,-19.94793747991228,11.528778230320913,-20.089911123443386,10.699457569483636,-22.002729697484575,11.260672556711507,-18.38232919984268,7.934732514688027,-16.436199016836625,3.0939838773509782,-13.291634258662553,-0.3902230254187522,-5.220073754195483,-4.683634721100468,-4.6668499896276865,-4.671891716152931,-4.676189185394639,0.07428045381133977,0.2784551948348801,0.3,-506.51152755611537,-21.359624352308145,-14.621101028356476,3.6868232321274954,-15.507799877032015,-5.130943601815169,-10.581605932940382,-7.1939978277598575,-8.257194154716867,-9.289424612293518,-7.6783283175764865,-10.63880295321412,-6.889419271604671,-12.027455149628535,-3.1283272872528682,-12.2578633388968,-9.835705518714095,-10.023618574966617,-9.899587934914221,-9.835497975873926,-9.8082009484001,0.019837315959066328,-0.2167641433996168,0.2,-1044.2121146085383,1.5836847282837567,20.586913357349502,-4.016400213586337,19.752104545293776,0.5073483606743778,15.247096351821554,2.7989575184365947,11.713787155755371,7.955247661982941,8.911828844512783,10.361086252695737,6.35256908319603,13.203262687497046,4.460770707402535,11.207174247557441,8.221823942080952,9.095847523730056,9.210792097149447,9.24171581838667,9.250772763081914,3
2022-06-08 16:41:11.225446500,0.8564174249658303,0.011923801248147622,-0.10439948390507713,-0.6528885815925692,0.7314658601684599,0.4107546033739566,0,0,0,0,1,729.0,9.802026988897573,-20.2934183101527,-38.12961143069565,0.0011069574620144547,0.2901531363871628,0.6508824246845653,0.022538489240379173,0.21585698853623056,0.03215023471263969,-0.0035073000792886877,0.2496992866559981,0.008472086033694759,-0.017543401929273287,0.009023380874839951,0.00590518085874,0.021706146521164867,0.029410333386711517,287.561427083341,-11.455160997424246,-20.325878982630908,-18.154389571926288,1754.7668741168338,0.4909409029510478,0.15784706468637966,0.045584226244094105,0.06752103880611311,-0.0002912340921220933,0.0013299697036384885,0.02021955750267977,0.1685920135403092,0.18732844648031133,0.1504689578219896,0.12705133996186985,0.20262594068630324,0.2150129566763681,47.325624886122675,2.948478315354143,4.43251056995166,4.942106628819153,1625.1530254278666,0.28551750309701995,0.17618610167598925,0.14438502080380974,0.11859956304068915,0.01988447326784484,0.011950440898757549,0.029941247513597082,0,0,0,0,1,0,0,0,0,0,0,0,1,1,2.460022196314813,-4.3941292335982265,0.3,3.769232560255708,3.134113519817564,3.163759362554322,4.740292657491284,3.0029283426668365,-1.3544860744440657,-3.807103614784353,-2.3679752603352666,-1.8893887256409256,-4.741210837669322,-4.580662557895282,-0.7418970215904331,3.1032073467843015,2.697611442214676,0.5067840079112611,-0.5148529874397423,-0.3915861958006634,-0.3838216333245637,-0.4220756162492976,-0.447002695104834,-0.4588811865814631,2.324859056309252,0.1469680278394607,0.3,-8.633115982201812,-5.12126469759966,3.320626396870268,7.706608929746087,2.6771951923073822,-4.869652416477991,-4.4303730778445685,1.9162104636719688,3.941710872727628,0.2434304906543249,-3.68544136266355,-1.6567532136869814,3.717822809846031,4.5495148072620335,0.8873810868647908,-1.8032237222883205,-1.0307338188946369,-0.8418390152362182,-0.7757023122637909,-0.7435149450344565,-0.7298202529716941,2.35544880821171,-168.72400397863126,1.1,4.132791311253737,1.1496353820269016,-4.226879085885964,-4.9035233294985705,-1.2466273609474845,3.200197386669537,2.8698828549670177,-0.1194325031848889,-3.209725968385147,-2.583347528109386,1.9327162110063147,6.329321237010177,4.277184022847856,-0.4883816380017426,-3.676537649469058,-1.3430743508172769,0.005869577393546946,-0.4289064903702701,-0.5220439092728753,-0.5608802627509816,-0.5763758654364809,2.4192220576553085,9.613286430229381,1.1,2.7881598591508485,0.4778194341449935,-1.8592411696676316,-4.661018016677418,-3.0721961048603563,1.3833035673933576,2.8853158566024164,0.6137223792396633,-2.3860418000972428,-2.5061884576907207,1.3182213657454749,4.1458628704214,0.861928427543277,-2.179779646147232,-1.83915111330074,2.5317252238225203,0.7713840820909381,0.3879598876638069,0.30011578969185004,0.2590191270164346,0.2418338009639876,1.9890660398246192,-1.1445871266123813,0.0,10.464978553878225,4.804892182750673,-3.525354481040173,-3.5599955048876835,1.6266088828042735,2.720607517373096,-1.8258291018510004,-3.4883968172793,0.7103133951857032,2.625083614951275,-0.11883131239284447,-2.612357126043579,-0.1719585216555985,4.0886857620920605,1.973024545373994,-3.7023383018787057,-1.2452587782301805,-0.7604260817690413,-0.6332028179336735,-0.5706278653462309,-0.5440206327555569,1.6068587350969803,-0.5015668453769939,0.0,14.075500431604693,7.4369027525294324,-3.9154337638702503,-6.4182049261039635,-1.1616144488601392,2.0216910452363166,-1.4523032771966304,-3.5992039089109777,-0.009419974634443648,3.1140749484514134,1.6991615302820575,-1.8070048593992785,-3.4832339419112714,-1.3411412206045472,1.7971550254228703,1.5516549079213446,-0.12672289981470575,-0.06146883483002034,-0.06405833375012412,-0.06765068766048052,-0.06928259189712815,1.1009186031809126,0.672008896865573,0.3,-176.22328907259322,-8.675307111512312,37.65370955931991,42.30906356303645,-18.35958163149006,-57.232225788183634,-35.53161641953554,1.1465391342657902,-1.6604775711608664,-14.82580787853951,-4.933796726516056,10.235913824277707,2.223475766856289,-19.65468991795134,-27.08593514530439,-10.666595259529023,-10.789098878498475,-11.922012269656172,-12.047842718706415,-12.082578567336776,-12.092381045469804,0.7710206613046585,0.06463576432849331,0.7,-374.67426070969435,-208.49323266582695,-81.49463256240294,16.84439924625658,11.836258095168018,-2.7067673641770256,9.955262695895225,25.484086603147894,6.823855208956977,-24.164979297907262,-23.10145387545395,4.806979863555641,14.499213513242768,7.954241771729682,-2.3970275543772384,-2.0166148241933457,-2.6051794928230243,-2.6589282956569966,-2.591261315481145,-2.5619585137184315,-2.5501604154131026,0.10042793511385736,-0.2407861856564561,0.1,-1282.4671473181445,96.35929763326038,4.364517131187938,-24.74498465179937,36.118163870965745,74.0232871402341,30.62040098911666,-34.52829782932725,-41.27077599918089,-0.5465459904222172,27.529390845369182,17.339548566839778,8.853481748314834,17.527170650923214,26.470791525905298,9.93145186986014,7.762217904076422,10.061361452780533,10.467220679107506,10.625240974443509,10.685533594313412,3
2022-06-08 16:41:13.975446500,-1.1887753259523088,-0.40686998792912976,-0.2541181306217885,-0.212392583197204,0.06260770915376618,0.4615720617690121,0,0,0,0,1,99.023,-2.263953170106225,-15.618871304202733,-45.79827224323351,0.0010235361876683,0.15693259557207626,0.530300685615117,0.08036084511795567,0.027511658206948227,-0.051870527960160784,-0.01386464222902127,-0.12106204221477065,-0.002537461456493433,-0.021589986154740157,0.014480609666672572,0.0064585729235197885,0.020888848173239084,0.032108728984832066,292.8244072916742,-11.098162645713654,-20.274628401473606,-18.654125983095764,1744.6450768648856,0.4904796558378779,0.1649581022368217,0.043241982589989084,0.06695101227877567,-0.0009027164041881424,9.039456561361412e-05,0.0227678882406367,0.2440953274682901,0.2045441264330033,0.17721667102353908,0.13056176047415927,0.20755023356955396,0.22334671841685275,80.73356114138062,3.7744909714933614,4.45163749423155,5.849015289725521,1634.6138197392636,0.28616262580602664,0.18734539270144565,0.14320453928038224,0.1186099527645776,0.02117215374016996,0.016151227987366026,0.047032215294138265,0,0,0,0,1,0,0,0,0,0,0,0,1,1,2.072257612597575,1.8258794873987048,0.3,-1.9962669890257252,-3.7666033210168224,-4.450137346947439,8.844161095546523,0.9536684135155788,-6.5341681550506925,2.545354729533544,3.1607116679234504,0.1989766485928639,0.4471169836869179,-4.728580753612532,1.4357477142074788,8.354403986668618,0.902776961459147,1.1067650384733116,1.11650999057483,1.43565819988242,1.3793058748552267,1.318055089583826,1.2815409541342275,1.264312544943387,2.1640979715784496,2.933747049446227,0.1,-8.092444714447241,5.432308402320664,-2.616011067728995,1.9347149403087769,0.8209901606312999,-2.5961377062130784,2.476650313699977,-1.2448396180394234,0.7833553466817115,-2.9260795683540564,2.2730896594393686,2.4099056541923054,3.023909210652335,-4.39055946421818,2.2166433589228682,1.3245631799751123,0.8242889006434164,0.7158525589818427,0.6096492047457357,0.5530986130274913,0.5279525739498878,1.9411841940017969,1.154520122409313,1.1,4.888567889782571,-1.750932082909629,0.5645862816314938,-2.0155356090487864,1.0240516522082468,-0.4222816707789571,-1.3773822550789616,1.6818349481373005,2.05736299544105,0.20179904886677533,-4.2816611900848995,6.874772620006112,-0.1075387516977413,-2.1007215776751216,0.08320279478555848,0.5982950627802683,1.830659918802996,1.281025383086775,1.0626254123641556,0.9587186798834731,0.914855770561006,2.226638047015692,1.2649078528857114,0.5,1.320857985758627,-0.3668741518816514,0.8097716182303565,-0.7068493181935894,-0.977552464677305,2.533258574307625,-0.8030076207926997,0.3711297785943051,0.4665955612158531,-0.2639325301595438,-1.4846573134489551,0.6247040585372408,0.914772048920136,-0.29087721981073017,0.3893147605926385,2.464998652644486,0.9055894059155148,0.6084290301037227,0.5078621624477362,0.4621755124436888,0.4434655072901956,2.1924910385891723,1.5885390660760297,0.0,4.22290663120222,-3.1586154551132144,-0.14279309743055735,2.2163980324116777,-4.126535867993201,0.4757940858878712,0.10773241267919108,1.0561086095795047,-2.1924714725940744,0.8614278812644945,0.5426471519298844,1.1752263460224075,-1.6100839623192829,-2.596695013370533,0.7471703032102807,-2.7258033666468213,-0.8912880931172973,-0.5314075722391997,-0.4016781114843624,-0.3457429959412165,-0.3232443438333685,1.4481527542615882,-0.29346568338282336,0.0,11.55235064154915,-5.929433786113899,2.967312806135654,2.1206420428850388,-5.044448628295796,2.4668975326516733,1.157418287242837,0.6949891419726999,-1.0953045399011785,-0.4316651195196594,2.1783004067614287,1.7943640422285403,-0.19163605461160585,-0.4466709177770136,-1.3587944860718475,0.33183019188843604,-0.6132850286097261,-0.4903584034017399,-0.4363827069206554,-0.4098073727823175,-0.39842725365689596,1.4224198077358403,-6.269555759305662,0.3,-1.0071954928583065,7.176984511113624,-67.17198455869811,33.35453278502285,-11.460779618168061,-3.341896477575673,14.633955066850044,-19.65308287318669,21.784016507561454,-12.869346037007807,0.8270727957441324,12.658155021600194,-2.9668012279162834,-4.383246487097935,7.336754965407554,4.11283958055005,5.032571408303325,2.9705411320878388,2.403064124829468,2.171965724747298,2.0827326695906323,0.5016452083017164,-1.1434817764348737,0.2,-353.60491351797486,-35.195484075049684,95.43299000488905,-26.504378785596266,34.708536359304105,10.277411223251057,-11.645699605401092,26.775480162808748,-14.341538360999,12.530621048692293,1.4820568564009082,15.863248719305124,15.65428533691503,-2.0124457117590437,8.635278596037661,15.085342080551259,9.268680938475171,9.098470610586896,8.655161578384593,8.417360590328217,8.312423783560972,0.026100385258094216,-0.02242426120747907,0.9,-1519.3514016378736,-7.420089974771912,-15.346565207762087,-41.211852569778536,18.013994843808902,-37.135801754378704,24.420975800905037,11.224544709037195,-17.07263866322036,37.5505347128597,-16.954079327813794,6.929049196250317,8.349814705729678,-4.646622544834628,13.970435904471755,-4.336577398393615,-0.8350963042225175,0.8751100042805362,1.6868983646847262,2.0839691835494096,2.253389125080118,3
2022-06-08 16:41:16.725446500,-0.8689886920167936,-0.3847441481482059,0.12129370391656487,0.03679439854065518,0.2998730375802922,0.07385644985804116,0,0,0,0,1,66.015,-2.442425326609966,-20.499395628858842,-36.919288990843604,0.007344822788498693,0.15955845714679065,0.4613285439621518,0.09687036124314803,0.10540363701238467,-0.03576297635267922,-0.014386656505373885,-0.10662141771082866,-0.007404811286642376,-0.02369084276768035,0.016615098639028728,0.00790321188040265,0.0221184031645113,0.03589549052136064,291.54262708334096,-11.019833054072675,-20.224591512846626,-19.25413101231403,1727.5824287302614,0.48791369484843,0.1714585383561765,0.04332510006731348,0.06458765671415648,-0.0013842405279864743,0.0002286499992099518,0.02140138504079786,0.26740256667582696,0.21908580933016134,0.19177042034295685,0.1330256815116053,0.209763602413116,0.2288900157163677,84.96544957272576,3.8199368311453377,4.481723055012114,6.922138579906442,1648.7650673963053,0.2882684837732241,0.19508292465565827,0.14335007473738087,0.11805926140948365,0.021769481753659132,0.01668716520495374,0.049581343484011886,0,0,0,0,1,0,0,0,0,0,0,0,1,1,2.4486211156243844,-1.95100817007236,1.2,-5.2353555498337565,-0.8770412215883612,4.444785844007873,-1.5793255785678175,-4.596436554575138,4.4501962631896035,-5.05065491943468,2.7475033713331447,-1.4256481512935557,-3.1556190797504087,-2.588008689080099,-2.7657020346698475,4.69162099776684,3.4341245477308973,0.8862082199546841,0.14794761889520966,0.7764391705595495,0.6139672395031652,0.555713586969192,0.5198241687062946,0.5031089506945257,2.0370947727627384,-0.5149104157808932,1.3,-9.787761614984033,2.8419177756974108,3.2455922762041367,-4.17833272077858,-1.8526582254359365,4.017604441680192,-1.2789516834693275,-1.2140629109694452,-0.934930542884086,1.1895564187506875,-4.169385088440516,4.957274316632227,0.6389389221704374,5.120290997686908,-4.5698503776462305,0.5557480553185314,0.1657994215377554,-0.0076367870612041875,-0.036135716691848674,-0.04912655631090312,-0.054351094142697176,2.2581956369482814,-1.7428702834952992,1.1,5.6775431528732065,-2.220791770223458,-0.4591483070770872,0.4576042808273528,2.1955148822397548,-2.548196280364928,-0.9176468940090824,1.3803164797016694,2.333795667068969,-3.806127139121406,-3.8119999533105804,6.117378722112621,-2.3555878203547413,2.792791415495958,-2.824597489233568,-1.8651007758067488,0.3618190252435991,0.2689900536882195,0.22855919022528204,0.21254417459820132,0.20646007494106272,2.392833808592198,0.5558126863061268,0.3,1.3324866056846374,0.3672944411079858,-0.8535561601815581,1.7655123553321657,0.5669670583452256,-1.669810995137749,1.1347528002738156,-0.7746708588293485,-0.6584542235456489,0.21941715954041932,0.06323064355159921,-1.1937520680099278,0.2542112953198127,1.055713597546121,-1.1549180646675548,0.969024893311844,0.1180193373436848,0.17770662526803632,0.15653882142545664,0.14825294458851584,0.1450500081877128,2.121691286388225,-6.871883738206245,0.0,5.0798771951063495,-2.0964287552326617,-0.6581672797987081,3.891351187016252,-3.0152881208536386,1.6364742255615117,-0.8536624434850891,0.5976937932545816,-2.2360167606243126,0.6585929547884677,1.1309641211831407,1.563282074688514,-3.6701131015266992,1.4390056751161366,0.20454486263611016,-1.4306566653664796,-0.43429032397956296,-0.3230560623972181,-0.2683858269230448,-0.2446879431690878,-0.2351976652631541,1.4774933625684112,-0.3326323621546421,0.0,13.205075460791733,-5.535085576802569,-5.776534304992137,6.744649315414942,-3.034935430308439,0.16432990217373344,-0.8279248864917629,1.4086731149607858,-1.6178239509604213,0.8682346453609413,-0.8647423230261653,3.9828490041306113,-0.36101613704615776,-0.11532612346525005,-1.2923365403185092,0.17277526255176134,-0.2920974202052722,-0.2806353121519957,-0.27053926711445564,-0.2641738834828914,-0.261206216480954,1.2308810335597848,-0.0575402153882955,0.2,-61.15395064661801,-143.37618426525054,85.6713241488073,12.579130756577966,-15.707150402910411,32.176580122249824,14.024542549255875,-23.749235374682225,4.568535430332628,4.0770499013281585,-5.672744454183865,19.829231748533388,-9.219429419750147,2.045633135806101,-4.999832375688019,-2.991363939467268,-0.0761665760118646,-0.6909177716432708,-0.8370749911300299,-0.8790021985673073,-0.8917863019010719,0.3710803623543407,-0.5282011117555998,0.1,-549.8259110823391,89.1091518465649,-81.1075396570973,29.512236002078577,60.43451514747328,-30.38879817299068,4.910583413639884,30.59486493743485,-8.261190556187145,1.8399985831234744,4.185038702636478,15.550841428464475,11.090760605904391,19.677432078697,-5.1067072928014206,13.590230036404972,9.54511454073183,9.144375141106606,8.909139254595003,8.789462825028057,8.737796986303218,0.029816214762586286,-0.01837522178395734,0.2,-1604.1209916803768,19.812173669612807,58.64711016766754,-18.473578011624426,8.609542619998463,22.629426987950524,-33.72477763838198,31.37622714206634,6.5199258048801445,-27.987838597970104,27.393784320231642,-4.295965139955811,-16.512809021950588,10.21195521363056,4.991852595697459,-3.4912121276546486,0.7119082562397026,0.4150243188476424,0.5492843473933959,0.6147184958644942,0.6417060988712073,2
2022-06-08 16:41:19.475446500,-1.0672168439098308,-0.8721152239191441,-0.1983980901064497,-0.011927267299379131,0.30500036626465915,-0.05893181523161984,0,0,0,0,1,125.01,1.5931569961427972,-26.224869119844488,-34.07710888133608,0.0010395481253996273,0.1929530136967187,0.4753958568861392,0.08413854411998015,0.17805052983863867,-0.0262869348336864,-0.030664207967699163,-0.07552353378560404,-0.0055988016829382325,-0.028615976518082543,0.015368159796816359,0.008713328386325695,0.022572991711772208,0.03558100795841796,295.3085791666743,-10.803048881306854,-20.200522143088516,-19.72529957762404,1712.3561450873435,0.4865071554698733,0.17825015423403562,0.04251358296986231,0.06407616665076209,-0.0013777528025765086,-9.593555080469444e-05,0.023065086728113485,0.2914556653862425,0.23214335054191496,0.19886541702508173,0.13499303431716722,0.21116808417714414,0.23175875754689926,94.65127855454078,4.037956164272612,4.521874301409329,7.4362459987397145,1668.1118748099168,0.29037562761659186,0.2030462755688223,0.1442590711024721,0.11885927405279803,0.022000475409651398,0.017424877078563203,0.05461204671621914,0,0,0,0,1,0,0,0,0,0,0,0,1,1,1.9749629594447944,0.13717073878425162,0.1,-3.914830562518564,6.787223768983747,-3.4644891505645656,-8.583688031648585,-7.632174337726977,1.081503925653755,4.051559569019691,2.1601039515130593,-0.8538060271121135,0.2174450211178603,-1.3533258402091384,-9.277772868247595,-0.6634468598099711,-0.3281290531677348,2.1412124966314976,0.4300832970438073,1.2150757314889449,1.0509959954186472,0.9415865223173288,0.885601295856522,0.8608574962009901,1.9903324403960607,0.33638166954572,1.1,-12.098752082120269,-6.772397031656749,-4.105160240557462,-4.488748892885225,-3.9865402931129186,-2.4829408541608324,-1.374277087807259,-1.1242890721872911,-3.741878785522197,-3.040305362492995,-2.8799089089459784,5.514567766911714,-1.7348314832207392,-3.729690532927172,-0.3253188052388898,1.8382898966248382,0.513675210419132,0.02304033825765261,-0.17414088555170834,-0.27023952830246645,-0.3115313578593933,2.3236699637019806,0.6073515072190715,0.0,5.072307230436065,1.5491725966602856,0.4220068907626248,1.9829897368549363,1.902890995710829,2.6228704108135763,3.0908848630691845,0.5691454508639366,-0.08093138729054307,3.921002590168385,3.977687784951225,2.132319062252965,-1.0631366974374554,-1.6965005785441685,2.009856643615512,-1.9404558816195732,0.6047476585247189,0.5643476455966352,0.5783679269679732,0.5886406965745172,0.5934775072041327,1.995820221196437,-0.7088099790454404,0.0,1.9615326953982637,0.9878017990588409,1.2486747828795657,1.3480407463322166,1.0531419817121743,-0.8234567915157913,-0.09565178063978946,-0.5159450976806101,-0.6184542922296051,0.2194301333240064,1.4204394426517168,-2.972533199375913,-0.38360348845541015,-0.9403916474170668,0.2887838154916922,0.1732502533748873,0.08782306148219793,0.07559142641413724,0.09181817554680184,0.09969577622147574,0.10323083327174047,2.2254787400561167,-15.04792281120902,0.0,5.555495020493722,3.805423866201918,2.2648886994002617,0.8096519591785228,-1.7960074681251414,-2.654971897744037,1.7643100566639964,0.6931508268275544,0.012475122510616063,-1.252925484530768,-0.09640996898428712,2.6489406227317045,-0.623175561964094,-2.082220947886538,-2.3290525243115394,-1.7470355483910185,-1.103143474946715,-0.8311786638496447,-0.7365263747262575,-0.6890017261598699,-0.6682845791350295,1.4264575191902196,0.3407877615777517,0.0,12.671353401400768,4.963381533020341,6.330821954494944,1.2831742511742017,-1.0174973952908752,-3.2398536091769885,-0.340541823594744,1.0932868951357682,-1.1931380539632523,-1.2593697713413123,-1.075047823346028,6.121193301696992,-0.6563231594979083,-0.2991301744352037,1.360593854883634,0.5956235955029144,0.4924652871291024,0.3867453092864099,0.3567038077599143,0.343157648184262,0.3375543550785569,1.7257520174787624,0.5760903161924114,0.1,-52.776797790440796,76.78680284513908,-82.12115905833326,-26.51769517625944,-17.523945431412578,-26.002005874759178,-28.152579871753755,-7.563794687103016,-11.678292996969994,8.390003996483951,4.774080287527802,22.489405915412465,-7.710601845206066,-5.624310898874816,-6.459628251874831,-5.384295943145796,-4.616397700717977,-4.9150097989120365,-4.998197197101821,-5.038281642069655,-5.055467947521336,0.16816970262934378,-0.9097394648278562,0.4,-730.3963281191161,26.81129240947688,54.714681864494324,16.33845697713467,60.56208772610782,50.99800208786601,35.801267744358654,20.472510308783484,5.626528670649378,3.352686281306637,4.985243668634826,9.81303801290014,6.373510705844962,0.7092916454248908,9.529147570418116,17.270898996390937,15.815873667105201,14.404097284368394,14.090303555008402,13.954646351630574,13.900549963796056,0.04457725992527798,-0.033806386418995436,0.1,-1635.539878169559,51.606721705314534,-62.81871016680236,50.395897150727045,11.326838399796515,23.976649164212407,34.692857597090736,37.11359834964219,31.765689082020565,23.76258209830695,6.631777230366204,-8.633195309745009,-9.103136743340514,-9.301927037673252,-11.568341778915048,-5.936124906860727,-2.4828272880754554,-2.021324321039671,-1.7731880382045162,-1.620438921707155,-1.5494118365176686,2
2022-06-08 16:41:22.225446500,-0.8672086672036183,-0.82962304906799,-0.3987111578458036,0.023639188221265924,0.02298433727143092,-0.4874109500640908,0,0,0,0,1,309.5215,-3.5564619669843043,-20.994359997703885,-29.719479965207363,0.0013290361869142402,0.20458919381837365,0.455781468563771,0.12639912465145034,0.17157886187840196,0.029743287283398624,-0.04688982794419266,0.02680555036741328,-0.005000220812254667,-0.03184163099688712,0.017582255058192855,0.008142777821933938,0.021360893211915043,0.03510431970359707,302.95480000000765,-10.542229526235976,-20.21305187419472,-20.048285080255656,1681.412185078384,0.4831345519512018,0.1864427572024254,0.043306764865553266,0.06633055632726757,-0.0012043807224210244,-0.0009316946229472381,0.027087254231695182,0.32504218620348,0.24963147901684865,0.2095586490554038,0.13987083348208987,0.21373487694047336,0.2374945291592692,115.31826656350405,4.329712781843283,4.541104172994262,7.620087798163031,1686.9459257802082,0.29207398830044395,0.21060241112243944,0.14466355317694332,0.12063658876342385,0.0226842686696041,0.01920709110702773,0.0655906197822895,0,0,0,0,1,0,0,0,0,0,0,0,1,1,1.1608148970473702,0.7473554051913491,1.3,-7.305722755167407,-5.3878206043718775,-0.11145136397611853,-0.7762546743294643,-1.5046298409986198,-0.6548747012081466,-1.9624954630705775,-2.7281705953654862,-2.4472587040628224,-1.6320496332816896,-1.9142158482385605,-16.338719869857776,-0.3989893911931144,1.3359329463204552,-1.9276827212444776,-1.7743053258785693,-0.2309056801840905,-0.3269759910855225,-0.3585174871679959,-0.3760579843904703,-0.3837473480208377,1.4582431826666362,2.7948866307006903,1.1,-5.583069234682094,0.5025450001818141,-1.1711444371266615,0.26811567945395365,-0.29162651458557265,-0.6504365059853421,0.6052609530736477,1.5891407887759683,-0.5055007400551909,-0.26815404529121745,-0.484088259971023,4.9423895384352345,1.151808818845728,0.2596484812849796,0.2714174744822821,2.1515005924858186,0.8231331764098394,0.5606379582060022,0.4688831465823311,0.4272605383095895,0.4102084738721576,1.9967285581518792,-0.2532135446360753,1.4,2.5147827442296644,1.4486680770577225,0.3805678776568059,-0.026720454814056938,0.2243143748141864,1.6449739599796132,-1.1559939793588063,-0.12963891057921836,-2.070051683222001,-0.7604724733869275,1.2754962451658356,-4.406731780487303,0.4575990730099359,1.941989626413685,4.059899808980518,-2.348501350120527,-0.14994983669379724,-0.08551324476386435,-0.022597301754842647,0.006463603552481045,0.01854058908663161,1.3590754186847172,-45.18622558361893,0.5,0.8705178010271251,-0.5276708831577271,0.67073011805776,0.3285454112447269,0.36725360355448256,1.6714261751315098,-0.8122227801676585,0.29138559834655164,0.3154002738977681,0.7591635815332323,0.1756340355838893,-4.424452838058707,-1.1383628129470982,0.5809611731997387,1.3663635536975902,-0.5386583721802239,0.006463212813485775,-0.00741247992480859,0.01908334460792263,0.034021458667357424,0.040615726680381166,1.0650533820074142,0.8627577757004883,1.1,0.8758836399681373,-0.1441501026988256,0.5906717020856416,0.8919535143326072,0.10088937024341553,0.4155272946651827,-1.3129303848678884,0.20079093564950198,0.0379078950022862,0.3797773123761442,0.40245315022091177,3.7724032110214263,0.31127678448216395,0.07363091997229165,0.7546467476483861,-0.196094024496258,-0.060788607769938,0.025830841990504092,0.02428304405130699,0.02148058303589236,0.020056941971207727,1.1107716002547658,0.7562071827387535,1.1,3.8466761738722495,1.4469715176864235,-1.1261277090410902,0.049861235060183584,1.329505232324161,0.21521816379798445,-0.24321578624944584,0.3899590743975889,-0.1298938569350276,-0.4548303660515172,-0.4822884239455018,6.528750425921898,0.5040362236637594,1.217529349639772,0.5999382528545575,-0.11589318468033973,0.1449710540327468,0.09015017863406194,0.09056427249106093,0.09302585696450057,0.09439903265844636,1.2742812832957868,1.562627223369818,0.1,-110.21035729625055,59.48942659454693,32.09091299091793,-18.846819013934414,18.03753995152509,-1.4191602352642327,12.108055129129164,19.870931020669705,7.267646990302596,-5.242091284587569,4.8473647960477235,29.27583793565425,5.528896153970224,0.5197753736389585,8.462297419990135,6.841568791640582,4.5490008804197775,4.5178006186824655,4.458825788297539,4.424632021310359,4.409445418310448,0.03944578736932376,-0.03139000505702854,0.2,-812.6602688391413,2.485410553918797,28.42505729514811,-49.908615355097844,3.409630922009967,6.040290929426143,1.4773579707577866,7.102777977676452,-2.6330814917915792,4.0940728988539945,4.152292858641489,-8.848991441785527,-3.2674451108886444,7.051280847234146,5.1105293868835995,1.4255365826353987,2.263449140372757,1.5326309294939513,1.319175930709665,1.2329144532002319,1.198886554025572,0.014756381318254715,0.05125914279770551,0.1,-1541.3852437880896,41.1546809864771,41.00284093639291,-1.3185289454108895,6.684997777681787,-9.79820645914647,-4.4269234508131206,-12.74140861400467,-5.497510858468004,-5.986650453803513,0.5572865638609557,0.09426035608295537,-4.656686789792439,-9.174474210842787,-5.8350948726792,-3.8779493381928063,-3.8963909787771134,-3.9445942515333456,-4.042554919087891,-4.087153924116635,-4.104610050592543,2
2022-06-08 16:41:24.975446500,0.8506816024803467,-0.7447201985990343,0.5599333704505626,0.3824339135404931,-0.15260238612900076,-0.7277898152373632,0,0,0,0,1,825.0189999999999,-2.3307397006024893,-22.359685759561053,-33.99567865797758,0.003079681266512325,0.3314066005332999,0.6172396513596843,0.14169535436008754,0.2070463573221359,0.06745458448758729,-0.04214839933069348,0.32799541794605824,-0.0007540150796621407,-0.034277022317291565,0.019266543242038168,0.008015501545832505,0.02065546091914327,0.03170600773083289,311.78149791667425,-10.304778918552818,-20.186221624641647,-20.34806373844785,1639.2289615471786,0.4778519711618017,0.19567830663049612,0.045264139361832864,0.06936346643878727,-0.0006117127650677286,-0.0017442754871392842,0.031932900200292984,0.3494581090316737,0.2594767708446246,0.21392972782556427,0.14338616648701705,0.214862280971318,0.24383732622300625,136.77617868754146,4.526211392609365,4.542211623519676,7.766599535368644,1702.617201063097,0.29338516482142496,0.2173450216275712,0.1450317191592769,0.1221914564502161,0.023807038921193936,0.02074353966773403,0.07721260447777321,0,0,0,0,1,0,0,0,0,0,0,0,1,1,0.5551500492348013,1.420108285831117,0.6,1.766567155856699,0.8345812376050538,-0.4307983780281449,0.2610967615906332,0.3815706029156756,-0.4804494130141242,2.3875402889968886,-1.1425611552754926,0.5075985074271558,1.5272020047187516,1.6190424222335604,-21.25565227006305,0.6362174600124306,-4.001321694879178,-3.232327670373169,-3.094727592968507,-0.4408244028740835,-0.3732956948328827,-0.3684049143204611,-0.36790818012558335,-0.3675418176512029,1.3004752386872185,0.4607949579220262,0.7,-5.777453113109237,0.3153107649477073,0.7851288002189234,-0.06920052214731642,0.03576833939062718,1.260447790881293,-0.8061356145858407,1.7111314609057542,0.3414910452727431,-0.5386736991473677,-1.5131373080880326,-0.33610893489118776,-0.8897962175394498,0.442908191042426,-2.4814400154700818,1.087248932652381,-0.0351962898906823,-0.017823880363172617,-0.005393550060365127,0.0012402837992226967,0.004354559040555192,2.0571734996107525,2.0733476403894837,1.2,1.8869506895675439,0.43839420821048,1.2872044405768093,-0.14805890525561172,0.6316905840913629,-1.3054053108895962,1.0896975434397498,-0.0090612304424188,-0.6402826719967527,2.5596983678453573,1.2859834780841248,-6.661050157295509,2.5789361375078568,-1.5833791443275995,-1.6998540476971318,-3.871890671285517,-2.1605101598284726,-1.5533735548656695,-1.3394797372467409,-1.2366813944548831,-1.1930525899125302,1.4045540408994852,2.0430140337015112,0.6,0.35597671600437275,0.5939982427258719,-0.20103189091255516,0.4168616092041262,0.1607862616705019,-0.4655567404522396,1.2933382504552045,-0.4184866746760643,0.08709872932609769,-0.05072676607653959,1.1326284708257206,-3.8731343358238,0.4010843046312091,0.3026555360383917,0.31799111011643744,-1.4255887307697177,-0.6783929409905813,-0.5105019616772792,-0.4453111353593071,-0.4132489973684327,-0.3996469201972374,0.7727814147974499,1.4100907247946473,1.1,-0.13784452859106033,0.053296717985695734,-0.4361213788983585,-0.15746670320299,-0.6611885991390468,-0.06968100058045301,0.3791038659150311,0.8620166661977742,0.4009558396654125,0.009049549824203309,-0.6844589312403466,4.327081914827758,-0.09372188806769176,0.22571110830553956,0.5344985226139061,0.0981542889738618,0.4951324788848383,0.3733958608391969,0.33594579916079803,0.3185155581653409,0.31121835741396003,1.1788958767022608,1.2427264804580536,1.1,-1.0538200860299487,-0.4071280394081063,0.8811770560695866,0.2523123544704328,0.8666142411448815,0.2594053821194749,0.4160038505158461,0.2324935749412806,0.5680342959439422,0.0288000727991482,-0.9655431570141484,4.821628237019662,1.1703592031936458,-0.35604946002836274,0.5547398665066864,0.4613083875585788,0.5023839113852255,0.4674759801340023,0.4549656692054478,0.4479341668131464,0.4447685896366165,1.0104760265439607,0.18280138037231805,1.1,-118.72386214973422,-62.97546926219921,-1.2043417744627771,-39.412335222546695,9.558927378508796,16.189818682091413,-3.3678902086841584,4.993866223819803,-1.9549610866793945,3.631833461062711,-4.887929353835416,21.159222026440865,-2.478713388501,-1.4664398507715057,-7.55967623561961,-0.9228004148845016,-4.376226657403837,-4.027874343504019,-4.004963230118452,-3.994834974968912,-3.990327967564883,0.04081863888388935,-0.002885614242188601,0.1,-842.1081628630919,30.092492776859697,-44.28614893175624,18.679888615336168,8.876459303851961,-7.5751031200439485,-6.462255304839053,6.4886716094041015,3.6336143457347565,3.954925202771833,5.377825834646256,-15.624340381148164,2.994440152583266,-4.005659425610425,0.8057035242997088,-2.1823289521868787,0.5558902825171685,1.1589771092973464,1.3873014220510491,1.5046698912686798,1.556361960112815,0.02992617486287862,0.08365802912216246,0.4,-1417.7488186734977,-48.66572418704419,-28.09707772118612,-60.7665306046292,3.631590513510304,-1.8523395802401692,-0.0696339205559724,-10.934892846929507,-4.171283936075433,-6.778954271490368,-11.977179302241836,2.5591398582806484,-12.854180865730624,-2.6091227776905583,-4.760444417383475,-3.494157122022081,-4.844491305634868,-5.647733077651669,-5.929883139990566,-6.057340619602902,-6.109724537219822,2
2022-06-08 16:41:27.725446500,0.8207057272894026,-0.5240050527997975,1.3783479052675995,0.05936531779943336,-0.8276167770806261,-0.7434418765685414,0,0,0,0,1,239.018,26.55550550757336,-41.169459099903385,4.015477477536214,0.0017126312574826086,0.1989465262376765,0.2836753802097386,-0.0639562320197728,0.6240704605012186,-0.057679491278009476,-0.05874291600470891,0.007621826467494429,0.0014378525799124866,-0.050413740815597206,0.03416092650904542,0.013248186632733248,0.0050603777428624005,0.018364350754998038,312.24979479167433,-9.805180091718727,-20.50101500523024,-20.2966131954526,1574.985319859566,0.4677866237112879,0.20381508162497455,0.04757656272238581,0.07860993727619787,-0.0013669199520194829,-0.0027703671332667858,0.0322361701629887,0.3675778418315261,0.3295530570043176,0.2465347578738573,0.16541594782633068,0.2470728597884182,0.2684614257910901,138.20124177473699,5.540213279223057,5.250743702573079,8.227341114205387,1701.7026855622619,0.29247391299296005,0.2184906245747421,0.14399247064607934,0.13319551343598715,0.026248374171048656,0.022364414979104068,0.07806449639039854,0,0,0,0,1,0,0,0,0,0,0,0,1,1,1.2794067002775242,1.5880446893379243,1.0,3.1837044986154064,-0.5592108293342448,-0.9548587290843474,1.6320224845166815,3.2171879811972905,1.354256976195665,-3.2808088711964984,-2.8506463686144734,-0.9981498895014448,-0.32085513776231345,7.149388514023148,-17.71720896971227,0.8916635176347207,2.1198155511193573,-2.1156587234582687,-6.007318676789862,-1.2628179173797531,-0.9585110981890312,-0.8746582214681262,-0.8263960438384003,-0.8046858905079042,1.6004201152166164,0.061332110031626426,0.6,-12.050875391197538,-2.4644069270127202,3.2292930523406493,1.8447432249386118,-0.7013901530660438,0.651382477409354,5.283628565920188,1.7535935865477854,-5.120014527533803,-5.526537207403028,0.7225967302157426,-1.88240350038156,2.449230242697056,1.1520225803685866,0.7365273629272678,0.6680161975465153,-0.4369512142034397,-0.2399526326825431,-0.1908515502061801,-0.16833996784503635,-0.15903923580149446,1.9045748479264093,3.4230097885437685,0.0,8.489655400949474,4.035643845598346,-1.0034168014745632,-0.93191023336669,0.5666301290010254,1.7390980190424972,1.319756162838022,-1.2930454163789715,-1.238062384566115,-2.050764500046069,2.666960707445034,-6.933898724507673,-3.6452617925031703,-1.2789496388963313,-0.8298945703233744,-2.293697177662134,-1.5095876178693768,-0.9725651631381209,-0.8830586716305484,-0.8514166533694145,-0.8392733113556725,2.069891296337516,3.2122951537123914,0.0,2.539477046371938,1.8024370595662051,-1.0642356811577307,-1.5740292573361507,-0.8684853337043634,-0.7190234963169624,0.6854590608762656,1.9241249029148804,2.0219103149017195,-0.2290759077425369,-2.1768522159628407,-4.477661392059882,0.6277918627174285,0.20200980923655387,1.5895814937931294,-0.4132522915699665,-0.2820837903069717,-0.269441558152064,-0.30015371457470874,-0.3201934099541492,-0.3295995329741982,1.4374443789786184,-13.855748019417204,1.1,-7.895165428211162,-4.701969635705543,-0.4800307033170649,1.4734012279725313,1.8013091498519258,1.1313592888295187,0.21399789933532748,0.20063708853177226,0.8947931061852428,0.7380207332584543,0.40101815435761656,3.9815038223207257,-0.4068500633554084,-0.4157694276290278,-1.2715382631362662,0.050252748638902056,0.830908037748193,0.6723825867721452,0.6612229190109025,0.6599104998292241,0.6598970799218953,1.1848273284870137,10.626254257248547,1.1,-8.258025091412538,-1.2883363671846209,2.366106932455965,1.6977756660807353,-0.9045496299953544,-1.3584343235928713,0.3407630861994747,0.7252281278341949,0.9402003939061552,0.3650990893858882,1.0003452870188814,2.5190848102231294,0.8762044599998203,0.6548514913906609,-0.9067814520914071,0.1166256212762099,0.2448434235240801,0.41071763477150935,0.4508346151687069,0.4672910238783657,0.473900093462815,2.092018905938174,8.301660164608817,0.1,62.2706899540026,83.88036701093424,-6.7839266104143885,-23.15425803689391,13.631812429051225,24.866372611574306,26.981144955977587,-3.3993600144244485,-24.61812558683755,-24.01267076802456,-10.608327161924587,10.995156709727414,-19.67277582131989,-22.984895648387408,-24.023544670025025,-13.672235738218152,-16.343867789782937,-16.237966141356598,-16.21648843542116,-16.219251303756813,-16.222749616657303,0.1484818450018012,-0.3299854860931034,0.6,-1014.3286365172403,-124.03769106568741,-5.065119511776429,36.1518998393294,18.659532590909805,45.18173714025996,60.45116287506301,26.30281091360025,9.493890780321118,0.3122507993255539,14.351570738707455,-1.8060115505828909,20.761531056573123,21.85564446219548,13.934941182561221,5.953903373609665,8.7153698035651,9.60193415172902,9.921862634983196,10.071555239114698,10.133874740398687,0.16766354317087395,0.3027672552679204,0.1,-1141.2434402143115,95.16777773126486,93.11193719798422,9.43035077713995,4.14491729530674,-45.76107798630103,-73.22048236680872,-50.99375637059478,-28.889359112467304,-17.60178025872121,-15.996093831297527,-3.953234919118973,-24.310008313603298,-30.91323751582509,-25.752682059228984,-14.942167385224474,-16.183360743383364,-17.071979389281314,-17.280943787375513,-17.37543854253514,-17.414444930049008,2
2022-06-08 16:41:30.475446500,0.008091544391682977,0.16928849368179727,1.2050622592981128,-0.07043776295909808,0.1868361811953584,-0.0002637507485668667,0,0,0,0,1,60.008,36.01895746252753,-39.21236216211989,12.623946599463348,0.14866964106214048,0.12162027269987807,0.1855363599090145,-0.14188250828030266,0.6765678019269784,-0.133608636364774,-0.06095803732583361,-0.036580276852589286,-0.0006901048946859492,-0.050828336415512015,0.03942665443848036,0.01841533687986442,0.001078992107076492,0.015738164411141124,307.85028541667424,-8.705129360013785,-20.90621691932917,-19.634738625822823,1507.1639350399591,0.454661751036672,0.20772368180260772,0.04568320849687515,0.09426352566295566,-0.004725093038262366,-0.003906949177081783,0.031478147573579564,0.3699632587329128,0.33048524344238056,0.26443504379249994,0.1884388316265748,0.25546023720387223,0.2728843069444209,142.23992555441006,8.796422873438424,5.941596540855782,9.568431857789527,1688.789647936688,0.29169339337534084,0.21608132318828185,0.1453255753778113,0.15749734417914749,0.0343004887751365,0.023829011922902463,0.0785999254750784,0,0,0,0,1,0,0,0,0,0,0,0,1,1,1.8234949453735168,1.011545637607616,1.4,1.3742980395164095,-2.9399406731792253,0.9561380975325718,-2.0207634010950364,0.7624392887621749,-4.144744360917588,2.7992838018282318,-1.7771977211281789,-1.1647045670557814,0.7845523256844684,-3.8490309817678097,-10.627177055479443,-1.8633788570799965,-1.0421492420912826,6.121841374273294,-5.771276779737638,-0.0325678338394102,-0.3125824571566037,-0.3396000436276789,-0.3559996981099054,-0.3636016027630754,2.1266532011537653,1.0580301473904503,0.9,-10.461050826826687,6.738950022633383,-3.887565563245208,1.7912841610499712,-0.31275222822498616,2.1048586762685035,-1.549692507034305,4.524300977112162,-6.5996287590096285,7.920471871773591,-1.293382378989145,-5.3168979208996845,-0.233263769233812,-4.246528204526381,1.6703308651354407,-0.9055206125261396,-1.5553187663820145,-1.1961644140056105,-1.0507011496631158,-0.9859583786475946,-0.9595749041626792,1.6762323136479187,5.4485463094509505,0.0,10.713104984516416,-3.920182263044933,1.1391624411817638,0.1905641469003068,-0.9465541708383548,-0.9996912329591388,1.0812470905766371,4.260535046614236,1.7363117171066325,1.3095299890283694,-0.20634030725677155,-1.9460316849326575,-4.280986302981997,-0.9189436301951612,-2.580980169371621,-3.3239006927822574,-1.2531690520742782,-1.0650568476691462,-1.009848753853706,-0.9661220118140272,-0.9444692511757712,1.882657818160839,0.2528695242174402,0.0,4.503825368646698,-3.190909821989124,-1.058875513949403,-1.4232689444950777,0.1951038492122183,-0.15273821226635606,-5.84825025271587,2.2807901158889727,3.0531038321891266,-0.5121773570979082,0.12976078431759006,-1.7704603286689051,3.43945176728563,-0.005169998576294382,-1.2163111408199736,0.005211859799031604,0.11651468256994575,0.004741017782788598,-0.041970316534135854,-0.0602853972842814,-0.06733093656707476,1.2675169503095567,-3.0127613461971747,0.1,-9.973033530743187,5.4286081998962565,1.658758671841226,-2.72835680959849,1.0552874154062413,0.5678866592549651,1.7451620174331937,-1.1967989032504402,-0.1277089925748679,0.4614527643566976,1.5109190161746782,1.6534675545528206,-1.3348956283563749,1.2852484956848478,-0.5404087855723232,-0.7975943511770744,-0.10454597484438256,0.02464502725394957,0.08951207467680003,0.11713007674334693,0.1281776713488428,1.4875030077056244,0.6199696884219404,0.1,-9.85926236268359,6.355809194956085,-1.490459727674635,1.4142960589358948,-3.0004758557733,2.47351125846385,-0.007361497050202281,-0.5706189792877507,0.08749270972280643,2.091984006852672,2.544639451554973,-0.8971408389730724,-2.391690336649813,-0.9451738991561388,-0.7678573457570685,-1.1360489703792551,-0.3852770349214445,-0.13470511152288078,-0.09037407620533512,-0.07124564636572911,-0.06312618166626624,0.5979713848135028,-1.1778340252975872,0.0,473.40900173304186,153.77391277288646,-50.35266183574442,-43.15001605087603,31.698087972070716,-17.487763520880115,-36.16708917173868,1.4456432099755308,-30.93499864292409,-6.489481871278564,-19.505684707224148,-0.2346256705937435,-34.21197756802519,-16.755196903659122,-19.55499206627057,-16.9475912996283,-16.50412261473039,-16.256252528232558,-16.309073268354712,-16.369034595977983,-16.400872494645338,0.0335255974531801,-0.09158734895193253,0.2,-1202.1923662966378,-10.146461858656297,37.87638072917048,-33.185418298714666,14.583400599947865,15.510354688172256,-27.13140638918015,31.161213997313773,-8.062989884125491,13.443982608845058,-2.4972385373003263,-2.2878959687224274,8.113209324498493,-4.586018913040046,15.84131635173544,3.75026185632111,5.43081922765217,6.03445927372281,6.209982440870472,6.265876983055633,6.284322693602058,0.6690471322698267,0.4411552691216849,0.1,-612.7759095155193,184.97694227537428,-136.75927524984263,48.534781867827256,-23.676502658499473,-32.31800201908359,23.97749847062659,-81.39844553044466,-31.941273844900135,-11.117692384358024,-19.2485270325505,-16.652174721514562,-29.79755939584549,-5.507899131203921,-24.006132221938515,-13.451722144023789,-15.459748553255078,-16.17658878818245,-16.675533789115676,-16.947640945277957,-17.068328896204935,2
2022-06-08 16:41:33.225446500,3.6290783775157816,2.746195563755266,-2.9790243854531497,-0.4257922025745274,-1.359725319640788,-0.6273905749209613,0,0,0,0,1,65.49175,-41.47426035559953,18.187185349536733,-4.66844981026615,0.0002463666051271549,-0.05338722059577266,0.0028284432991229733,0.3157817485309219,-0.05640189517821737,0.15352373242249892,0.21961951330329926,-0.1657291149368673,0.01612580711889802,-0.056454600355167826,0.02430269014763782,0.011227061086936694,-0.0005762771637001238,0.033646602587245625,305.1736786458408,-8.339060605051754,-20.964492666796783,-19.772096915812234,1436.6712618202594,0.4419730595552243,0.2163164754410248,0.04874044416410122,0.10042254594762193,-0.006506340631454845,-0.0022960968801826248,0.02974704303840078,0.4647021533912095,0.4058353095462421,0.3334483234764739,0.2252572496893078,0.3558672098939208,0.35257813310693203,144.364354587829,9.599619690798844,6.510770594982105,10.090312592373467,1676.048304098963,0.2903913590788597,0.2170666226622392,0.14504261371862354,0.16178629557836946,0.04065388955946201,0.031873189891772465,0.08023089264498723,0,0,0,0,1,0,0,0,0,0,0,0,1,1,2.288077542027944,3.5669644034107857,0.0,9.510787850603633,9.159991656668401,4.714802596019878,3.222905244156114,3.913963392894826,5.404525658489513,-0.8871967802478344,0.5930566724619423,-2.6924794526048337,-8.189691347504967,-11.979301514572768,-7.116670443987251,-4.615433296740958,-4.221899126434623,-1.3624600676366114,-7.691072986847667,-0.639506220047022,-0.3863004294408021,-0.2757867522459183,-0.2296385801830979,-0.2116809598301748,2.2035360316261343,1.760346680651326,0.7,-12.08538730613659,-1.6371464649111385,3.1171668553702485,-0.7093697786759355,1.6385601914398291,1.4885262474568812,4.011477676849297,10.982087900120966,1.647496336020163,-1.5487399365000294,10.201714626067467,-1.5475224168258006,-4.9631948746669075,-0.4425610577650869,-6.650180510257139,-7.055563286005322,-5.2466856779842175,-3.5784409608754535,-2.890693483001152,-2.5580334837142265,-2.4159740319044527,2.02497196238991,-6.8382677166425685,1.4,2.8881742198890015,-11.737396542078786,-7.166313555536286,-2.756000251442481,-3.3583769509212,1.216324539325749,-1.917372813381672,3.49214563699666,-2.6995603679764377,-1.0568510222890457,1.8865258565462508,4.763092645930416,-2.1487347538926125,0.8251798291861309,5.471375236124897,1.8654490957732708,3.0437937625690012,1.4442873222320023,1.0364809306098506,0.8511624448673859,0.7738431469330497,2.230486691903941,-2.153278741015187,0.6,1.5845989708329618,-3.742602213206744,3.8655943063332456,0.8625490579301927,-2.54513519187185,-5.01707540069815,4.70327156725538,0.5224485867361911,0.13469380849496548,-2.889273996930553,-2.175495370852215,-1.1820192046766136,-0.07524435773355398,-0.3820810115514709,-1.0919335496008735,1.7874952784303866,1.4356484112727959,0.9031906320487076,0.7477385037821088,0.6742652886942746,0.6431944488668879,1.9697169379756927,-4.396342565253352,0.9,-10.478915593093987,1.3605130375660233,-10.29888770656942,-9.276589391008553,2.1087905484323697,5.148259212484391,1.3482048320568367,-0.9387024444831774,2.7557811672480828,7.121618843447462,6.494177401292975,2.522891783905397,0.4614663599410813,-1.3096109835253262,2.06379056067184,-1.666266612080491,-0.8005468202895029,-0.13947112106887893,0.006926846340893911,0.06556810027615706,0.08838309607812359,2.1711271111414785,0.5379719390349398,0.1,-0.6928168101803004,6.7862594030536,1.6400467706403166,0.4292508202829744,0.5685773477940335,2.824392095398343,-2.899690416556066,-8.208288157210676,-3.905354040163567,-1.6047089887676091,-0.9787176245162891,-6.565947487856488,-5.875459837101926,0.027471888439716263,3.064530094775513,0.6996363845899723,2.348121134217142,1.9262629581744783,1.6932223431257307,1.5777652458896352,1.5281213650121248,1.0176712562064782,1.27972195927395,0.0,530.4585438726399,-418.7775549926189,-46.95251107408058,-22.81938113379834,14.48512992465706,-123.31360393993552,-59.436427867973975,40.215413109224144,45.233762007994,22.705034347506018,15.872694615456409,39.2156847466846,44.75588498235612,43.68055083974201,26.379036490688,10.623910890417493,17.758328004792332,19.128941786933105,19.485614943323284,19.636033845765848,19.694687813111273,0.2980126699450381,0.31197941356527026,0.1,-1240.9489529878654,284.8301280063398,76.77775872726369,24.64253516056766,44.80653118920984,-13.472660192545616,39.89381744225156,44.98417669587099,-24.477352345068088,-32.765955648555945,-25.913348820158202,-24.25861798199268,-30.386121745667143,-18.917974044572265,-37.42370226768287,-33.41209862296407,-25.155100102736373,-21.309661383950036,-19.878157895422564,-19.204104240783717,-18.91962530503076,1.0739026676558965,0.20506338536964916,0.3,-532.4198343608515,-482.720356513125,87.97795359540514,162.5000727910313,75.45667620929501,38.419557308371274,-33.64840111459006,-16.40322634160584,64.80474380562924,12.683434028839436,-20.796936864029856,-26.744616975106435,2.136396935903341,-21.908815214917933,-18.718882102343045,-16.862125297068516,-14.77492475239283,-14.870608639117998,-15.140055470747583,-15.26285514343266,-15.314533055404686,4
2022-06-08 16:41:35.975446500,1.4283394260213629,-2.343935572160448,-0.6169981550429071,0.4681156705705905,-0.4619924286268554,1.305849898963752,0,0,0,0,1,0.0,-13.911053134965803,45.541942492632025,10.53446166675425,0.0010913511637920376,-0.2757567982463012,-0.1506163400617232,0.06199380098215554,-0.06100209291152513,-0.13730815126770368,0.12565021336648485,0.029109060293905507,0.021226256463778258,-0.07060566958353709,0.029620319576745626,0.010216006700956895,-0.0041297867699913,0.042701289744561576,298.7034604166741,-8.91581780189458,-20.328055310626226,-19.18302082016627,1362.9678350216486,0.4241373671030396,0.21420127392853308,0.058912934568110566,0.10259693316887464,-0.006444871075301635,-0.0006392237631008387,0.027899628180172737,0.5115056296389932,0.5055103392255621,0.3694785314047405,0.2428854036631673,0.3661862930951811,0.4103644526982488,151.39509531622818,10.586981205376658,8.103992902067047,10.96317810754733,1657.5655521310728,0.293804892787742,0.21894415134726805,0.15113786379116398,0.1607106275278099,0.04635077386423996,0.03570451465400927,0.08221837891871454,0,0,0,0,1,0,0,0,0,0,0,0,1,1,2.395043837104207,-1.0190606543247391,1.3,9.300601210205896,-3.8983572124176096,-9.932156374650749,3.241244804246035,1.9008300177033743,-3.280706116033802,4.200973151246181,9.85749233787947,-1.7869515688787097,6.376055088085902,6.7439061334673385,-4.349174979495512,3.2425732239082485,12.96729901692444,-5.36324244072084,-11.662359080616524,-3.3511699993541875,-2.0316821368539397,-1.6163526607697356,-1.4203420134455358,-1.3384838818791958,1.6625332613978359,0.5313048251021814,1.4,-13.694688350887535,-4.231331807836448,0.035602499633388685,-5.238073099866841,0.2698490920874851,0.4439250632656874,-0.9900567114560096,4.377039977193465,0.050094825470718085,-1.8630642850096564,-0.7097061645549014,-6.28628998573019,-18.293537123213678,4.383736513625022,14.650186243390985,-2.1150493385317555,-2.047683206189573,-1.2331523916943692,-1.1339121261135805,-1.095468758229074,-1.0812399439661942,2.3009674062699847,0.8707639803314493,1.1,4.380517808646984,7.440080052963244,4.104298910033635,-4.311207109228982,1.6812149150866809,2.0377473703069757,-2.446755256585356,0.5734381738198251,-0.6701742573257987,-0.6305440902527886,-7.20804459098295,10.335877644938037,7.128819268283714,-2.5263440399109456,-4.379463438702796,3.604635918281661,2.98792880696927,1.7822221455637983,1.5416110303420596,1.4372545008315676,1.3949547783561171,2.2064395546924294,2.8600702061318524,0.5,0.4309930502311832,5.920856255235488,-3.718593540586548,6.0131722544232495,-1.3588874245428286,6.486205214462582,-1.8047214081468272,-1.4014505157057555,-4.314206800792386,-0.44839724734783015,-6.126916751041111,-4.101771252607971,-2.36519983809604,1.155802880958496,-1.5757599661566697,1.6853502324489962,0.8568535265467864,0.487735712670149,0.3680796148857876,0.30973872366114297,0.2849764146953132,2.1003835087588465,-0.5090571913521137,0.8,-11.407166326229195,-10.441239651883512,8.239172735343582,-10.10551168293852,5.340153042344503,-0.4343164110807334,-2.319988019835661,-0.02377383486799145,9.015896406828046,-3.6035834427815967,-2.0389786524647024,2.2912007539729102,1.1088798192446958,4.285841841001311,3.3827532890185,-2.8089227549348847,-0.9462665517727258,-0.4312676152147653,-0.33309776057690643,-0.2917306543077424,-0.27560376287199057,2.296685905658834,1.5358257443060988,0.0,7.4002866751062,-4.489386975983116,7.3195504288412545,4.215517415259819,0.36005477130177965,-12.109612501323127,3.3195732454029003,-6.68578538559085,-0.9107873757147158,-0.5410175783540043,-4.6922815849031645,-9.547821112104916,6.31738708170907,1.7076611164173132,-7.015127122943065,-4.978495121940461,-0.2944629503771762,-0.767552311037083,-0.7915795792237807,-0.7888109517861801,-0.7852524034567852,1.2911232143989428,0.9034913977598898,0.5,129.6129749576289,-357.9226622816908,104.5254870251747,78.71987333620342,0.9919982561936252,129.88571746539301,86.49375262658283,-4.136959583123932,71.02899230589298,10.71569872694235,10.205110688866963,18.328572364477296,38.73345275168431,-24.056068214614854,22.487223501501546,-10.345749287855604,3.1660041999441724,4.928804530528911,5.821675283119861,6.286804222031642,6.491535624740182,0.63856426057772,0.6641991580609999,0.1,-925.4801529681633,218.9394668051136,-45.64210052109071,140.35688129936932,146.15380931259057,37.889601546909255,-37.255838519479546,13.732765860068616,-66.85163875072415,-19.06886389905811,-12.697594784761732,-67.98613669370582,-82.09492365249851,-25.13786200069852,-23.53312288524029,-57.96401595213589,-47.16699713785107,-43.61936876012235,-42.669931651834005,-42.217693170546156,-42.02686152020901,1.9622551989035844,0.6525364419713869,0.1,-98.52737167243549,95.78701612274227,-169.96699014817185,-163.5000573061885,19.713337907298246,-91.56958707128716,-41.024081247137524,11.726410574728176,61.2001771261195,-80.74589196681805,-0.2781138027288925,-24.614354083882755,10.549828124836662,-16.230009125062075,-14.055754834055724,-23.836171894946308,-16.44864973260086,-17.56254416426146,-17.647692875659402,-17.677851077632766,-17.688205396051174,4
2022-06-08 16:41:38.725446500,-0.6667649055901193,-0.12334088687252287,0.8502160731296127,-0.3814772847409065,-0.42558485530161,-1.4851906924114182,0,0,0,0,1,0.0,-39.37362621426603,21.317462255386282,-1.7558815256904632,0.01204688398906081,-0.09524115313632374,-0.043393842700295435,0.3085342268979908,-0.06987139132978065,0.1853439657106767,-0.05035308297113563,-0.11226317866212976,0.021950997848556298,-0.07912239930151425,0.03546288205433352,0.00925974486614036,-0.0012284055397194205,0.03203855742180381,292.2174250000073,-9.333168619699377,-19.07134396752185,-18.72915334606296,1287.7175953887504,0.4026377961676108,0.21216890652654471,0.0656951159784103,0.1013951904019156,-0.004675365036786713,-0.0002018519092370547,0.02690317253912054,0.5771687987688098,0.5225795270160547,0.38882997451312906,0.2539433531859409,0.3691753967237449,0.44605536353055103,157.86593887130326,11.137900344369292,11.517760973048349,11.475749871234909,1640.8226035288355,0.30258553103247365,0.22130112653176745,0.15201908509492185,0.16186403428282714,0.051616310430306886,0.03832041591190274,0.08302553540720739,0,0,0,0,1,0,0,0,0,0,0,0,1,1,2.1905029632816206,-3.304063358183796,1.4,10.822955062900801,-9.841285127530622,9.17008276379762,-3.430326963410094,3.007095204039504,1.7773177539505982,-6.875101452580937,10.00011980845836,-1.8799021642838956,-7.115641783289503,-4.803098469467263,-15.429390278110347,1.1362628006573037,-9.901961248819939,20.096764483068984,-4.351718340350802,1.6439925095368582,1.6524781320710198,1.5652575386917795,1.5040018475820736,1.4742662606725991,1.7657977496479504,-0.953169424091859,1.2,-13.53975739522898,4.042568660936539,-1.7847984660974543,-0.8671499976576658,0.9657643916188752,0.9133155783621514,1.9868059562016065,-1.8188595443337991,-3.3758345389761133,4.403042939890283,0.3732768776852917,5.924627156618483,7.299417326605259,-10.044069252593443,2.4419998293466048,-2.0582876697086765,-0.08370672841498061,-0.061424326744412776,0.030612412632737618,0.07020229963366853,0.0862183990860298,1.8750958714858543,-3.599209749596417,1.1,0.4200170556425365,7.224206245010813,-0.4322871788218943,-0.9359211537293599,3.681669320664125,-5.16757814333904,4.8287002156978325,-4.671116206096488,-0.8981122525151798,-0.7985509957756434,0.16344011461261346,11.32428351795414,3.0387123856407112,1.520570796231134,-11.517332454278007,1.4653829186210119,-2.1457735035816787,-1.2832166888551113,-1.1051545487825247,-1.0192243179769425,-0.9826069343303864,2.1213860400990643,0.15199802689565411,1.2,-4.454650881588831,0.23304571752831135,2.9484902214476514,1.0138030611459556,-4.44801615244941,-4.101046122613057,1.6732432188905946,1.9128893621645,-6.935638890996607,-2.504278383830359,4.924357881631787,-1.2464100060271424,6.3917052407430575,0.3300463079132808,-1.048368356696568,0.3070017913189962,-0.6097163623352274,-0.3592199273998772,-0.3193023039938243,-0.3009876784133818,-0.2935664253475808,2.124491537671469,-0.07845266848801287,0.4,-1.1843986871398753,6.26883132073305,-9.563357297423345,-1.9479240018445536,7.692834781431536,-4.229148019853419,-0.8955335887502247,-2.7778764838519088,6.982399499514622,-1.3952145566902077,-6.3191372749112364,1.4095235289154473,2.9936778838365066,-1.7705147846751328,2.848303109957788,-2.205139710064515,0.6053355774105834,0.199179834955719,0.1524069914031284,0.13272995657055164,0.12468319545387965,2.116041220306772,3.1937475762439824,1.2,7.875678023901808,-6.566271703169838,-7.125460166101641,8.186899053993251,-5.469839530827347,1.5606672250084956,-4.08718281353434,-0.1840616868950503,-1.8708424906562218,-5.4366909810980095,3.39668279047082,-5.470450449490949,15.084191567560367,1.936572543739461,3.22228819611865,-3.7356016600462367,0.709921490298655,0.3252190527970931,0.2907390136622425,0.2745890555351411,0.26718207307891273,1.36547041126219,1.4728158955491095,0.1,-407.09720284278495,417.61194864356276,-169.385274726411,70.28072862317629,3.4966155043684917,75.73242968769176,44.271493899121225,9.750962783013335,66.50686683226768,23.18731413982632,45.417144036225785,19.730780526496872,-7.861395739045942,73.16779122675247,56.4228261719421,28.039414259151126,40.12337458262443,39.67227792773636,39.617595175167615,39.59541655671148,39.585524390470475,2.425803197101899,0.7504980986334611,0.4,-135.42377231110214,-77.68093336135269,-72.66001022901025,-102.40170459023315,99.37414385905842,-133.76693762939036,-29.036103954481764,27.244337806357283,-52.65143141431923,-49.5528094523593,-35.487722245857576,-79.9016623179686,-42.2019867846374,-48.718066361044244,15.846202368494813,-36.343308114576175,-23.603338396019325,-24.746765378763648,-25.07403519785501,-25.234641131203585,-25.303248549934267,1.4126197222516494,0.7450304938295367,0.1,-13.210730314591943,162.5630523455268,104.94207219927344,-223.5046067496906,50.00353809741526,46.58125307715335,24.29733191106381,0.4282600860201509,-13.902521299409914,72.56101370879034,1.528029383057908,17.44728937523685,12.378124366781046,18.958465367700885,16.207777450088862,0.5098156932806983,8.50873463474704,7.690168553023432,7.5787644608244245,7.532007460431433,7.510616162522094,4
2022-06-08 16:41:41.475446500,0.021877557762507528,-1.7101742774474389,-0.9749339376765904,0.3013034049445685,-0.052701242887193335,0.017472335905903913,0,0,0,0,1,0.0,-32.23807707940578,21.330362239880667,22.038335068412472,0.006563932023676974,-0.14281884442349002,-0.2279536598263167,0.29306526780909803,0.07421003698067019,0.013356490096238351,0.05793372102840987,-0.001621374032095032,0.021517471289302467,-0.0830991634273321,0.043609433746231344,0.01922398842055349,-0.004908146175193014,0.030629149473180826,285.7313895833406,-9.932033580115274,-18.350378348718774,-18.08320709222964,1215.81682397022,0.3845765276191849,0.2091385663967681,0.0757336078650906,0.10312053572396028,-0.0045153799653256926,0.0008734600297779794,0.02578226750674384,0.5865168965079196,0.5678355368071009,0.4098349848517761,0.2674158043964329,0.37097142581831904,0.4503908551719874,163.82466683246403,11.954242030880804,12.353609784528869,12.400106894284491,1626.7733731137268,0.3059830423561091,0.22517397081805707,0.15706231707076562,0.16117656384555035,0.05228455797891258,0.03924641793427932,0.0837917014376476,0,0,0,0,1,0,0,0,0,0,0,0,1,1,2.1570585309333814,-0.20072494362435966,1.3,11.318130168003574,6.572742329674679,-6.453946558755468,-6.6197026697707475,-0.1484343920423763,-0.843176229970192,7.3791063464914854,5.636814606423007,-3.0268377601120497,0.4702030826261698,-4.1530673805825975,-15.637060521224498,12.916829547164594,14.31728937235683,-0.08720940612592876,-7.668851812705796,-0.8545686363828615,-0.8329525557890982,-0.7041809859153534,-0.637992668093787,-0.6095921133801125,1.836978606427009,-0.6178580712238879,1.2,-15.412182336364598,0.13521727965569952,-1.636174565038656,-0.23611482076082024,-0.6844950297621069,-1.2089744588663496,-1.5855009891216978,-5.951764262032968,-0.6861850607183262,-1.5085728937987566,0.8722795661482108,13.778250303391745,17.335588170141534,14.38405555488672,-15.539623070427306,-4.852105594881161,-1.4528292716157587,-1.511493899656602,-1.3611631858221886,-1.2777145116428574,-1.24076688004288,2.2225761454823307,1.291341415531031,1.4,3.0520731470530116,-2.732738724441713,1.458181968071676,4.916914409809772,3.463931872648817,2.6618742266592545,-4.174607659152393,-7.067778930144049,-2.3436649927992597,-0.5430434073417739,4.686137589662092,7.543881324067263,-9.507243559326252,1.5953147960719782,12.096543691303904,7.230052679725027,0.39324647427860093,1.2858036686849943,1.3187022650937066,1.2992543957314115,1.2853088240180257,2.145342772715531,1.2095917864203658,0.0,3.3934667506596887,2.7214777338121383,0.6684715543695937,-3.0040564009627384,-2.2353690936602906,0.4400801311256943,-2.382123692323717,1.1641096082256983,-7.006849203951825,-0.06641027392846688,-5.26955024282261,-5.3636515407695615,0.9493647519183732,-1.9450170356587655,3.3637001188138718,0.23944013558986715,-0.9929857068084892,-0.8154721313591776,-0.7846843953861253,-0.7758410041027292,-0.7727952020737863,2.3864203286554293,1.007163898746833,0.3,-5.950886596372992,-2.7548463230765825,5.563186831864795,8.955248102283626,8.684963430257834,2.9011926555594307,0.9297366799505842,-5.294585868200158,-1.0793850506744884,4.951584040357573,6.797541829187878,2.686230152728577,4.4473075794299834,3.0916275738073953,-1.133341663745404,-0.2132897294308821,2.3118564460454856,1.7083211132433207,1.5958242604106316,1.548907584904819,1.5298479287057911,2.1371639460651006,0.990810524152548,1.4,3.856367363649402,1.9370454351394084,4.3018408472740735,0.8642454097422552,-12.274600492312832,4.720024421701638,-1.5927072598679295,7.9740673314966815,2.435588660891053,7.808662126635197,-5.663010129287606,-5.112442898662715,3.0709993846104564,0.9166387218192624,10.649405868016311,-1.8314239564408823,0.5209495600572273,0.9558464638211712,0.9997470566413792,1.0084000377294329,1.0094806866549657,0.3417210242221008,-0.2867869143682327,0.2,-1205.4643953467396,142.1929974650062,285.96578066877436,9.686974430681003,22.026155951598266,-96.689330009923,-37.60034999377068,4.522557351699703,-6.89380003624396,47.39368628850369,28.560860446175422,1.2469072388464504,-2.243531699852227,-5.177879547124478,1.5041988567091344,4.939373174947722,14.5501126119845,14.147804113391185,14.166326526677372,14.185615868558823,14.195035360051902,1.3757275031624068,1.3844838262789592,0.0,410.5225843489328,-423.3962738432689,74.93601915813231,-169.0030873875015,80.46096787591804,31.27905565817043,-25.541065038061053,-9.130542419515507,-51.51601142712858,-32.64245624356541,-51.91894510160815,-83.30917571343275,24.18278096443773,-6.057594242229655,-65.90359912948729,-50.73274370737605,-31.75496257458683,-33.252229254037715,-33.03147262182499,-32.855146610748356,-32.76772313164291,1.4790302623553355,0.7153428914354479,0.4,-13.36893053165246,-208.86889690388202,-96.27537143741341,-42.85739083722005,26.254455353092872,10.52407221359623,-26.116413518632218,-33.05328232310781,-70.21374894485828,-26.98651334703636,-23.453240768802495,4.025221672555646,-37.41304326514958,-29.224002805368038,-13.814893591878786,-25.381480325989,-22.02280643939399,-21.59990067051195,-21.63692647722434,-21.693530921143914,-21.726948349208325,1
2022-06-08 16:41:44.225446500,-0.02991326051312958,1.0189510990473023,0.7960407193472484,-0.0006895859644081874,0.15562478321668294,0.2350590480053481,0,0,0,0,1,0.0,-30.22840413066273,25.534550945021092,19.95936132696411,0.0999591561615994,-0.1641427995883687,-0.21741997499758373,0.26354007274384383,0.04942543756453082,-0.0013555697399199964,0.02193813390821155,-0.014697490232707531,0.02194629860932449,-0.06788594631998744,0.055594873990031685,0.01939545639960265,-0.002484538896143625,0.033437805232273264,279.2453541666739,-10.362582868132904,-17.288050279001595,-17.25613291952449,1135.9732303678713,0.3627523296241749,0.20487908642990876,0.08421902415228599,0.10534809106115003,-0.004288884200576286,0.001613779350878073,0.02516624145167758,0.5875299989941725,0.5895760389173631,0.4221402948542253,0.2680973692444029,0.3717559860042365,0.4511022714991984,169.3253534086351,12.352212222475073,13.956744358488722,13.616653131125426,1598.6109366866465,0.31011865909746783,0.2312917167004556,0.15712298988946388,0.15971483342678802,0.05239337336475016,0.039442244947507636,0.08402396602000918,0,0,0,0,1,0,0,0,0,0,0,0,1,1,1.9465213711701723,1.3189970186786006,1.2,-0.4029755108164497,-0.4256080605031898,1.1243252941762496,0.5110080203745211,-0.4287022170390731,3.3620159012995714,-0.4260115954073736,-2.322773385709124,-8.117862783380193,-0.9120122660632304,5.946240031853479,-10.57879562361484,11.826942930698285,-7.911354495617836,-9.418497051294658,-4.491670078766131,-0.25688098920272795,-0.35873760023864204,-0.3610257548442773,-0.3609868950746701,-0.3612271732632818,2.4038298267167533,0.1268786268413971,1.4,-3.1415154533155945,4.665356630694262,4.794500083341443,-2.6033602091652654,-5.181162202324911,-3.5219192131520094,-2.6825983370296744,-5.537996189883619,5.3968654449334155,-4.754537437088305,-12.475038943774393,6.019044294433503,-8.649362842144567,-13.95586351425334,10.255899007136406,4.05434592745996,3.649002841862168,2.622062922106624,2.0455018227353765,1.7593578259956852,1.63617437582593,1.9281280619690264,-0.5032177115205747,0.0,13.741299672655265,1.261320985288911,2.5277146036849407,2.4788690032443843,-4.296030447697726,-2.822760496332693,2.8246343281041097,0.6124000525477176,3.945304349283512,3.308353480409496,-4.808640508936175,6.1068892939369706,0.3533803633592244,-3.2547581866361233,2.8692876233723354,0.7538024060496882,-2.9617059392974614,-2.099010236120609,-1.7644648973833066,-1.6068694468075626,-1.5403764457759388,2.4175363982698994,1.1991501592172862,0.0,3.779931174275102,-4.174211492983508,-0.7482794533676518,0.7344224427924742,-1.6138840143356703,-0.634238326628662,2.479041439652587,2.739948713027187,-3.720018567238768,-3.307419765081326,-1.3553491282289714,-3.4267444476188147,-2.264267328218593,2.2673798924942297,-0.5109735710748982,-0.4678644501719002,-0.9263214728797702,-0.7464806835501827,-0.6705947724129977,-0.6351459403717842,-0.6204710162004101,2.3497524764493685,1.0486366437317427,0.1,-1.1398030972796969,1.1270970175370434,-1.8546425100145223,0.7623424664364499,0.6152102029154602,-1.8530163524346248,-0.9442398038728448,-3.2152720837577,-2.388713839795903,-1.0245510695022264,-0.6934478356885757,-2.79859901912704,-3.2723722910446,-1.8819150460335328,-3.484202111840093,-0.8130440659348083,-0.1585207480990765,-0.29372547229081075,-0.3896178583176567,-0.4326121149508144,-0.4501433018538386,2.3365648623362683,1.2172465343520231,0.1,0.7687265386811597,6.381389339186377,-1.0606306908731935,-4.5046724913943095,-10.541730910578417,-3.9262569845272126,1.2057059774091765,2.908009380444899,0.7972995408649923,-7.373936865625106,1.4637738965158715,-3.0642183779839214,-7.6427946453511275,3.053759610428993,-2.728678664537254,-5.062472999253863,-3.5419050286413456,-2.4935459374142246,-2.2001538069201776,-2.068595820894262,-2.014492036637272,0.10506307608930716,0.09193007599709448,0.1,-1374.7736038521466,69.88912217616948,-125.41663778439484,-28.434373321859198,15.115682802388562,52.04508214225538,27.100807247778622,-27.058336131481113,-49.65136540304901,-2.585620782733152,7.135904566145129,-14.156692318088744,18.573615274561078,-8.719927778004656,-22.227743820763838,-10.182865774393953,-6.156909344880162,-6.1368807462061525,-6.131194596733277,-6.105295247815012,-6.089097854315575,0.4898547166623883,-0.5504887364767196,0.0,799.5071724746025,-19.897085219246712,-268.52197569418905,-98.80768900957506,19.91585586478159,40.093738568433494,29.536032944724628,-14.274897900690837,-37.116196964421675,-16.71191313667341,9.137216676621463,-51.533861908016135,32.104205848228105,-18.10705251846719,-18.703393952000805,-7.88264555573789,-0.18575895116969046,-3.0562314397089327,-4.3841316968273665,-5.051849004605193,-5.343421349069554,0.42792618686737344,-0.5387005165199104,0.0,452.0497906041665,110.28140265697569,-56.329389129145156,26.517918157718764,-4.493846080063882,-19.55757735009034,22.513398729783773,-1.302083594473312,-8.539330658718267,-30.619757017357745,-9.840865730091933,1.30070550548408,-30.43449554712473,0.4578879578145774,-14.234289302353954,-12.113750119915519,-12.2524044707419,-10.526681873460916,-9.980666742440448,-9.720938642759354,-9.609711964401427,1
2022-06-08 16:41:46.975446500,-0.2901515693285198,0.7490211030946106,0.598224753842599,-0.1549111844916709,0.16393048061864454,0.3336775661679713,0,0,0,0,1,0.0,-30.264422578470768,25.812230044803144,19.23551663585091,0.085779775150367,-0.1641740112214907,-0.2126414568712414,0.26402698454046825,0.04310887829334902,0.0011058135208591767,0.017034273859296883,-0.023161586443964627,0.018194449567135076,-0.048131329070173035,0.07155488087010631,0.017420241507987197,0.001453727187006109,0.04005207191913608,272.7593187500072,-10.781513912770977,-16.21377956328509,-16.421118370993778,1048.1860008062597,0.33946981706323864,0.20132876611833014,0.0933680052958852,0.10816193098641882,-0.004304367839330862,0.002226399971780673,0.024573881000191908,0.5882957273469923,0.6059911314194093,0.4328539114369002,0.26863155058187377,0.3726731417255833,0.45270002075920396,174.4113419141428,12.705160971784151,15.350361164844232,14.693242738964061,1552.5669896128197,0.3106493103813936,0.2364698839726556,0.1556743986302678,0.157544370721272,0.05239237300528063,0.03950930619087028,0.08424164209176381,0,0,0,0,1,0,0,0,0,0,0,0,1,1,1.9500325801031324,0.5764372911666413,1.3,-2.9661097232081834,-3.513085776587394,-2.561635154121753,-1.2729532057339892,-3.5306208721958505,-0.6472816031053,-0.5275870314309885,-0.6094663952314976,-2.983522409081357,-4.829289025433625,-11.613352632359758,-11.217958590212538,-8.16464820537973,5.157844316119126,3.287111310072489,1.3202730751716183,1.398316338889701,1.0375480832536672,0.7698933888713427,0.6265240001888979,0.5632689813809976,2.1170004002852263,0.298531606270023,0.0,12.192948143492975,0.1749095501468132,-5.458150085146554,6.309388139234318,-1.7817818310034097,2.364697967918417,-0.10362196560115657,-2.1289410529868755,5.972108311798005,-0.09478465973748328,3.512138127941605,8.915358413612083,-5.969076131512566,8.531486254112451,-5.251798605634283,-2.222421165655159,-0.30362340184018866,-0.5204226460674055,-0.5167341933628311,-0.5007357637614241,-0.4906454441198284,1.2580649502732044,0.3149567376647728,0.0,20.653019672225724,1.4127181300125349,-1.9992728194114708,4.5469571201939045,-3.571946231920568,4.571679951912729,-2.0308998010807064,1.3332851542431654,2.9914075575451364,-0.9658937045043944,6.49099290010416,3.8954353925617897,2.559243533184035,2.7967755082592904,-4.675581901500016,0.6464773199806271,-0.5596132086832037,-0.5052812553376359,-0.3770875938523732,-0.3075949439973233,-0.27711547887808363,2.411982983008268,2.2024373993429704,0.0,4.07841846113117,-2.649563009673713,-0.8940290245701502,2.5688809495907603,-0.5542817165891423,0.6250509159121491,-1.0789163176037793,2.150860243498228,-0.8336108123263097,0.5569394126563508,2.5488080625955485,-2.567423542949551,-2.3350697332543597,-2.455469168987308,-2.04420791562502,-0.5712894699108021,-0.7239553898163829,-0.6376705164743062,-0.5840342859815203,-0.5545316535816234,-0.5412540277845934,2.005033117885153,2.676632396135109,0.0,1.7507543927588292,1.599879476598656,1.200908314577355,-0.3719202089720751,-0.1695771446538553,0.3943020347070432,-1.748759954403075,0.20133019635614072,-0.09547969447382884,-0.3249003528397881,-0.6164958598673533,-0.8358806272688588,-2.361170019074395,-0.9308355123426876,-0.32448271053357564,0.43903002579420936,-0.1635348796459,-0.03369337926410768,-0.055426361767362375,-0.07001849791526757,-0.07655411651962601,2.0338477917123625,1.6313264211749727,0.9,1.1805113146545023,-0.8733371494846935,0.5295446260133659,1.4174225749833504,-1.9389803173363516,0.3282096889059701,0.4231877798749306,0.11193352889996774,1.4660333708609667,3.4634950186949,1.6765653848916242,-2.9213628814914023,-8.03706707976802,-5.291311603184777,-3.0531917976845317,-2.3177743951052183,-1.9820465616636112,-1.6430526810932966,-1.5054902716101957,-1.4427951830895829,-1.4164660267716376,0.017329944047923374,0.006350240587450337,0.2,-1370.8466744885266,-9.938897307720154,50.87383165531651,4.724142474199965,-10.17779211049168,8.890587678381847,-3.228795804257388,0.07947852360820917,-5.731630604366843,-16.203964653063498,-15.732659135366134,-16.728691431260483,-3.0954049413361986,2.9748337065237465,6.224547147967307,4.4970103553826135,3.2124901669407464,2.5368681744303743,2.0587086145185367,1.8001839103752315,1.6856224573974146,0.17965546084152434,0.06343157341453333,0.0,902.8259664745652,88.95994730176828,104.30642864074305,-50.585926496141674,10.450605194336577,7.793488337957285,1.6222643580486675,-2.2283208246350132,-1.979474376074009,-11.3853798130106,-39.12276938252522,-30.774200981788944,2.830612124309525,16.912705578900972,17.628554910107425,7.784738666917285,9.40661445609501,8.133224063545551,7.306644974198978,6.871788255445541,6.681313781848228,0.25024007935627945,-0.16302121324262014,0.0,572.247917762823,-109.07203072351601,42.908242600949386,26.837501643084025,-10.683328086476171,26.8915429069876,-14.468713829205962,-0.2392981817782633,-4.221415317586288,14.423487691063054,11.250019063388375,4.015675478837224,0.9748260283423472,-19.3638769582086,-9.352578000151807,-6.435660801521102,-8.704322852021816,-7.2961318200977185,-6.851454242907102,-6.643217437760872,-6.5552638521251385,1
2022-06-08 16:41:49.725446500,-0.5447311352369935,0.444499331917452,0.377726393984106,-0.30782013224702964,0.16462420275237358,0.4248354915512392,0,0,0,0,1,0.0,-30.31291540012187,26.10761649574729,18.510614121559783,0.07160039413913462,-0.1642978127907953,-0.20790400098685802,0.2644190440551052,0.03672444598973788,0.004268174385160085,0.01255456124891903,-0.031793175379704136,0.008474923952095535,-0.035123266623270234,0.08246102349467208,0.011948454962537249,0.005293333443291903,0.048779662486201095,266.2737625000072,-11.198750742447123,-15.128518315038265,-15.594993683623764,953.2141367874106,0.31490375167580104,0.1985343277836046,0.10315273458660552,0.11139706729333758,-0.004258803256748146,0.0027511332885554684,0.023832311441726383,0.5921183065163838,0.6130991764535404,0.4369504711613517,0.2714321166816556,0.3735012196467253,0.4555311789744621,179.11800624886672,13.03630829274193,16.57411354706435,15.612949749639132,1485.3703013311567,0.3070902646873299,0.2405640608721121,0.15264095629149266,0.1546212304597842,0.052398193496752406,0.03952186151470483,0.08455689296396735,0,0,0,0,1,0,0,0,0,0,0,0,1,1,1.672606833633311,0.7831178459739768,1.0,-6.333122286089733,-1.8785916929396864,-0.06945243123806888,-0.03524677752313937,-1.2379290959414075,-1.4245347318447832,-0.5652791557151693,-0.5755813528354462,-1.4021445306448912,-0.9851748410814364,0.4636498013095448,0.1888286121574504,-2.0802883555491327,-3.126791961157024,-1.7710441705558293,-1.07919490590999,-0.9471912357004868,-0.6142457295077081,-0.5289125340970041,-0.490918723045507,-0.4751857089821931,1.6896612246449734,-3.069438196068897,0.0,21.242985136366602,-9.39605572964083,3.3628298932428162,4.133055803923803,-2.2091487771301326,-3.6975394186346633,-1.8172969373872696,-1.8534272433883288,-0.010117661619647444,5.913215843401495,8.226472748037223,2.2192369313574916,-5.6036349306474875,-8.266575334068861,-6.017213420477403,-0.8862567339341605,0.5479926953165741,-0.051214580421192764,-0.18179318366532785,-0.23250278313080294,-0.25171469865599466,0.9157882048621752,0.1439207577123042,0.0,21.795607264142294,-4.489191055189078,2.3307452374471698,0.9938557914141316,-3.7866978582374435,-3.2727681577408783,0.5669408624425583,2.092138240588193,2.2616424647725246,2.957451382162689,1.5828369884622884,-2.277081106501736,-4.160738249594306,-2.3030429183678227,0.2463380678678964,1.8515844276672224,1.1165197412382206,0.5989811224396436,0.458466446514211,0.3971640182689575,0.3722008065059511,2.148435346082071,0.26933921474994715,0.1,0.7789910237149229,2.434255324028131,1.7528839066944464,-0.09438358492256993,-0.7895708160894945,0.7171807250507958,2.0126615751424515,1.4056086039102296,0.3343074739467013,-0.08383148024910662,-0.7348776372888998,-1.6223240714863283,-1.3438656838389396,-0.053455724127013146,0.604594846250778,0.4086592809113542,0.20989487236508106,0.16414292152809834,0.15899099752349832,0.15893381414670585,0.15946195430136187,1.3170066265783178,-4.096628957548576,0.0,3.3529958492365326,-2.640349660218081,-0.8060077824090297,-0.19821368022170985,-0.4147695313429559,-0.030597102639270683,0.7450601128296892,0.8006211119331108,0.3020214021321575,0.2109014579351254,0.4600069666842744,0.2702108653483607,-0.2821482989874407,-0.40035036718035,0.04355488332851379,0.15585761248565178,-0.3507211981195665,-0.2601940080960583,-0.2271427438301241,-0.2134244989025236,-0.20787662145335997,1.1502467119484594,1.9655896392629493,0.0,8.53223494881019,-1.2801615659099057,-0.1570149145219819,-0.3956671371609686,-1.4704179203688523,-1.7625868599421377,-1.1386637563416837,-0.6933324662977671,-0.7526873096489891,-0.7064722449479778,-0.3756573427750104,-0.29315244538740537,-0.7722445986133593,-1.461810325294021,-1.733650445291902,-1.1575569877891059,-0.966383928437366,-0.9792310274626072,-0.9419191907762028,-0.9192513273267204,-0.9087834799695796,0.02428936755746797,0.098250227758224,0.7,-1296.6525157709418,-48.214235279736755,-30.947845971789803,-20.136773894508465,-17.290299527788207,-13.865641656472066,-6.875771270107357,-1.6709337997723992,-2.2063278303561087,-6.107591947390156,-8.795096496588817,-8.342974517589745,-6.351243007140049,-5.469869106775253,-6.051619807872263,-6.2344232187440065,-6.189335148726291,-6.118567561992048,-6.086207488408295,-6.0734697857006905,-6.068432562709942,0.1441233371305113,-0.3988848329359479,0.0,914.0813996011495,-115.8025170917544,-73.29875750787045,-30.346676748816446,-4.462679774248301,1.0899392777157717,-5.78528726142936,-13.201772089946644,-14.484470652578256,-12.107554451291593,-10.499891344480515,-9.164972550655863,-7.094002536809134,-7.124956305002566,-9.933616377834703,-10.760652759113253,-8.788087588226697,-8.620406956844139,-8.65288529744614,-8.696067574701013,-8.720349672348835,0.09927711549973356,-0.3582862598148343,0.0,755.0751908480124,-49.96114544329508,-37.93433945406908,-36.15117329433585,-36.46825312191089,-24.19250654211733,-5.496349236157557,1.3607281085173923,-6.288972761972558,-14.381296590139033,-13.567734952551913,-7.474607107319643,-2.509389560713604,-0.6468788753220949,-1.5638841583723888,-5.087306982856667,-7.632777206418747,-7.3009916264995445,-7.1970823633845376,-7.158267307972469,-7.143682020969792,1
2022-06-08 16:41:52.475446500,-0.8037390005552346,0.14459225371460618,0.15574059300939452,-0.4605407057754339,0.1614456048797202,0.5166274490915288,0,0,0,0,1,0.0,-30.380437949959532,26.402836185957238,17.766119650755712,0.05742101312790222,-0.1643482717256605,-0.20304888821615685,0.26501052095646843,0.030129670665427908,0.0072704382593509875,0.007937116608505069,-0.04065879458595258,-0.007207668504216987,-0.028800913205285224,0.08828416678134005,0.002980098768748462,0.009032164820391578,0.059630601667665324,259.79299791667387,-11.614757897863354,-14.037012500683579,-14.789565604446835,877.7494603985467,0.29371368849662066,0.19394556493327386,0.11115250830664852,0.1130222125229668,-0.004162217228834648,0.0030897927483189104,0.022792214220869283,0.6012546750918469,0.6149856870949373,0.4376068838148071,0.2781520884174096,0.374245895142159,0.4598871813231895,183.47513584927952,13.347488524357633,17.663385644221968,16.405831685473462,1440.704438194363,0.3065563876072145,0.2458494752841483,0.15118132754123,0.15305073522043258,0.052413287479461404,0.039516476036320136,0.08501274274523551,0,0,0,0,1,0,0,0,0,0,0,0,1,1,0.23890046559922545,-3.5722041588736784,1.3,-13.357546874908214,0.617004212913782,0.6172544899581913,0.6176830277344075,0.6183077737556872,0.6191555306240493,0.6202635734397692,0.6216813360523019,0.6234708984161539,0.6257020939471196,0.6284284292058077,0.6315952341533909,0.6346861614783317,0.6351406687558172,0.6181907314984012,0.4468742675500949,0.18787152446730004,0.27663162310097594,0.3093916792115496,0.3234164641964769,0.3292040292800226,0.07259186223190485,-0.3536148124678522,0.0,26.47659766229173,-0.6457706344754457,-0.6459874206998166,-0.6463564573932232,-0.6468893642026825,-0.6476021806844228,-0.6485142131984105,-0.6496443283375761,-0.6510004142263247,-0.6525502349005485,-0.6541384851088838,-0.6552315918098226,-0.6540152472628449,-0.6433422582729198,-0.5830700443319877,-0.1027490672165714,0.4488088982571812,0.1080244626653568,-0.013130589657053549,-0.05993283494584256,-0.07722103911348208,0.05631831285062264,-0.4396853683757993,0.0,21.81927504381029,-0.4650541807812836,-0.4649620600856061,-0.4647996384729043,-0.464551840356199,-0.4641934821201474,-0.4636835110138688,-0.462954146150679,-0.4618895388618223,-0.4602810597260586,-0.4577251914891409,-0.4533620212491634,-0.44509054057509373,-0.4265980391644906,-0.3712394981239798,-0.11863458420682138,-0.0309201286005768,-0.17969103041312784,-0.20833745436164114,-0.21324335161341332,-0.21357610764158372,0.00925684938404376,0.0721988230553103,2.0,-7.849734138004542,-0.058798370585973814,-0.058832550521628724,-0.058891044739114225,-0.05897624580192939,-0.05909170006596276,-0.05924227627921819,-0.05943428343113055,-0.059675284399002985,-0.05997282464100856,-0.06032960453916202,-0.060726735523773716,-0.061063797582449286,-0.06092188807907746,-0.058453300287078735,-0.0432637242287901,-0.015329733613311441,-0.001584155857501185,0.01018937573495582,0.01742882009170324,0.020789824481432198,0.017582623176961985,-0.17678936019630048,0.0,6.877360196267644,-0.03311929312609318,-0.03286972890010253,-0.03243783616373597,-0.03179748000448912,-0.030907105510623763,-0.02970325412311403,-0.02808933512814582,-0.02591569665806848,-0.022942600270506708,-0.0187669425487432,-0.012664856739457995,-0.0032170687514620627,0.012686637079707186,0.042154225764902326,0.06303417667447336,-0.12918078090342636,-0.13325533076735047,-0.12019933359695067,-0.1128329877155786,-0.10956691468422326,0.03553809410185485,-0.34232730274787665,0.0,14.191305679934022,-0.21516787947560467,-0.21529815900774585,-0.21552114274631864,-0.2158460100122077,-0.21628640706495209,-0.2168611679293091,-0.21759494000281232,-0.21851788673688605,-0.2196618526290962,-0.2210445382127888,-0.222612228776136,-0.22402370839606808,-0.22369031796584748,-0.2127994036421449,-0.12131121241524012,-0.044783716704077665,-0.11288089119696156,-0.13616409488908296,-0.14581102551970213,-0.14963023909556314,1.0761737324828238e-05,0.00217690877605284,1.6,-1241.521262413008,-0.2638282969899848,-0.2637684553131123,-0.263661803302071,-0.2634965111572001,-0.2632526063446932,-0.2628971381584506,-0.2623750559767686,-0.2615913340275497,-0.2603738364244457,-0.2583899494143651,-0.254939270826938,-0.24836014360414535,-0.23392859892047824,-0.1931472233059317,-0.014557305157580913,0.09116255517681536,-0.004623341919085533,-0.032314446746227084,-0.04318017916492778,-0.047421674879563724,0.0003285768361830383,-0.019678834370955425,0.0,1059.4471615417917,-1.2514844823939058,-1.2516087975060657,-1.2518215605124396,-1.2521315640471045,-1.2525520281421478,-1.253101597157901,-1.2538057306730792,-1.2546985275593556,-1.2558249658243559,-1.257243597160592,-1.259031329188076,-1.2613040282396817,-1.2643059990133312,-1.266955750066426,-1.1633139984225416,-0.6041980422281519,-0.5812472938510851,-0.6026183534424092,-0.6171517147871093,-0.6241246857860618,0.0002776069564722638,0.017752578546254474,0.0,783.355120005137,0.8168405836580632,0.8172353579651741,0.8179181638627,0.8189296433590129,0.820334256005097,0.8222300841637065,0.8247656714262739,0.8281695421978696,0.8328040222810102,0.8392684744360714,0.8486082041088672,0.8627457610912757,0.8851317008678485,0.9157030598050184,0.7744999013548544,0.2228506425701653,0.389826517125556,0.4914602958913328,0.5408364220466169,0.5615997751434394,1
2022-06-08 16:41:55.225446500,-1.071953406265256,-0.15202188831712365,-0.06750059809225477,-0.6129583735113442,0.15735638279148378,0.6084905084955315,0,0,0,0,1,0.0,-30.452261433082512,26.708354969902015,16.97719708504286,0.043241632116669836,-0.1643629999630672,-0.1978651939562414,0.26564355959865626,0.02315385878891556,0.010165767817744184,0.002960588424723719,-0.04963585019407663,-0.02887386258451084,-0.029161710455900512,0.08907052716003103,-0.009484136250836049,0.012672560088305905,0.07260628320564026,253.32018750000725,-12.03395260982699,-12.937454408622155,-14.000057671150303,813.5003430117274,0.27445563750540075,0.18833452442043555,0.1181600131286674,0.11365322773933433,-0.004002272296828058,0.0032768376107497623,0.021502234959660475,0.6175585191547152,0.6151054045352048,0.4375818937637366,0.29004057826517565,0.3749129322010956,0.4660010353369767,187.50808286314216,13.640219253678325,18.639965222923752,17.092283712269563,1399.3862061490693,0.3061262763382801,0.2510257463007789,0.14979695012513228,0.15179985908532495,0.052442094667628746,0.03949890357591716,0.08560630095364066,0,0,0,0,1,0,0,0,0,0,0,0,1,1,0.07176754803543389,-0.7130516511826583,1.5,-24.171180577049995,0.4894805544621721,0.4895424358044087,0.4896498112468815,0.4898096756490058,0.4900332649223684,0.49033797969155496,0.4907507947159762,0.4913144870499948,0.4920996195337753,0.4932292821760594,0.494935045715119,0.4976991178462626,0.5026700238005438,0.5129494717170333,0.527343837113097,0.4730220384629422,0.4676135184911703,0.4705607540418968,0.4723551532429763,0.4731475700388814,0.18464300870962694,0.4457992483928401,0.0,15.678576489200244,0.5292073447476451,0.5289178646033458,0.5284162837922435,0.5276711915116101,0.5266324219356161,0.5252229058590476,0.5233244387352329,0.5207521767862393,0.5172067887397185,0.5121790084092297,0.5047444251368487,0.4930849104328592,0.4733337176204108,0.4384526531741888,0.4469021806927508,0.7235643292776303,0.682725172076921,0.648499909490847,0.632421727093768,0.6258824290902036,0.14885769075529864,0.40975377814377534,0.0,13.686907679428373,0.410459279834098,0.4103351698231388,0.4101202623145539,0.4098013425193352,0.4093573686839749,0.4087561538233905,0.4079486254776588,0.4068586760046039,0.40536447862002895,0.4032622565146226,0.4001919144519794,0.39547862693074376,0.3878418654762432,0.37617337245859545,0.3982945878869394,0.5191346517022408,0.4858257911721578,0.4668888029712544,0.4585365066497562,0.455219806663255,0.0739807797679871,-0.7376772100455727,1.7,-13.764750031277005,0.28406559017746996,0.2840610012982729,0.2840530243907529,0.2840411150584623,0.28402439434217985,0.28400149203000796,0.28397026738830944,0.2839272966279449,0.283866884968044,0.2837790355301342,0.28364492912770384,0.2834258837285819,0.28303380424230296,0.2822594742762222,0.28142265633394137,0.28517884304601204,0.28526962008853274,0.2850627046114427,0.2849708890843669,0.2849349345282514,0.002587448364780532,0.05850708408862345,0.0,6.752680430549887,0.015586650118018632,0.015623744153912322,0.0156882560119187,0.015784649265455974,0.01592016131766666,0.01610614846552888,0.016360527311884476,0.01671237472154527,0.017211137755453017,0.017946658943124527,0.019097716189359987,0.021068035535382945,0.024950353415318496,0.034545604573158,0.06073460434440614,0.02716511059659285,0.009894507810210895,0.008314506229736604,0.008307957083909509,0.008408489170912754,0.018602200390029813,-0.240289272610802,0.0,18.033339143465234,-0.17368504281763286,-0.17374544490113042,-0.17385013169364605,-0.1740057093068157,-0.1742227410348789,-0.17451748290606328,-0.1749149254661757,-0.17545426989876312,-0.17619926564223987,-0.17725900928369864,-0.17883323320188926,-0.1813202255813625,-0.1855906452176157,-0.1934079850292693,-0.19434178072638705,-0.1367045563040885,-0.14307821106824206,-0.14964569069267453,-0.15279472363635582,-0.1540840542832914,4.570321247811136e-06,-0.0017775913487557914,1.5,-1242.934401385871,0.025744088304975318,0.02593437683380273,0.026266800944071637,0.0267669855035706,0.02747710014934057,0.02846465508032736,0.029838933343405927,0.03178305925558789,0.034620953622489736,0.03897036251618147,0.046136814489013744,0.05930365267879624,0.08802153378531585,0.1711969543079057,0.48821274006601095,0.3257523796881259,0.08565814463901232,0.0382534510713981,0.02492423428693513,0.020762952757637617,0.00010249913643501557,-0.011899453722696492,0.0,1072.840006342304,-0.6249490231921726,-0.6248414602596171,-0.6246540561559044,-0.6243732446168053,-0.6239768754589791,-0.6234298567895635,-0.6226761190504462,-0.6216231703484674,-0.6201104090425282,-0.6178381376876843,-0.6141890807625394,-0.607705044444895,-0.5941946699167531,-0.5577516525075126,-0.4390453471927458,-0.5436843964973441,-0.6270293196757919,-0.6386899716179677,-0.6407882214116611,-0.6411804306267594,0.0009505656124613617,0.038295755944492485,0.0,753.4754162789818,1.3843289242541772,1.384272765112783,1.3841763126084885,1.3840350392166911,1.3838421025311902,1.3835878405980466,1.3832592227160525,1.3828396803583516,1.3823109060597683,1.3816625335867128,1.3809334225380423,1.3803943744614935,1.3815112162394207,1.3939463609980116,1.5015018744003858,1.56683117039276,1.4695288513477769,1.4387717291330269,1.4273190894424914,1.4230948916736716,1
2022-06-08 16:41:57.975446500,-1.35745333249804,-0.4479495022476209,-0.3024006791336906,-0.7650040504923818,0.15231183597406386,0.6947498485603225,0,0,0,0,1,0.0,-30.32475107933875,27.16778131596222,16.083625688600673,0.02906225110543746,-0.1652980967905617,-0.19172756205670013,0.2640514247099136,0.015527246773222687,0.01306008047032667,-0.0030258214193690826,-0.05857150020832955,-0.05655720801965292,-0.03620513314743385,0.08467860927483373,-0.025445213918729875,0.016214807930670753,0.08769772569167461,246.8573437500073,-12.45475459947382,-11.830666642085163,-13.230012525124435,741.8872725896666,0.2539282436706575,0.18359005159235298,0.12584860681231733,0.11466506857442064,-0.003770660635669844,0.003384820922264552,0.02004288961361549,0.6423555631232237,0.6166335603792138,0.43946929457005296,0.30781059531742994,0.3755068743866593,0.4740394620475036,191.2385291187473,13.915200987219743,19.520282762542948,17.688084297632695,1348.3966956804898,0.3035013927478083,0.25571630700307196,0.14775866376474656,0.1505031466985987,0.05248838794714485,0.03948017250425186,0.08634031133889049,0,0,0,0,1,0,0,0,0,0,0,0,1,1,0.03786856357713128,-0.4226832458626148,1.6,-34.87712673697,0.4696772485932765,0.469649773653142,0.4696029775720483,0.4695353635304347,0.4694449088840789,0.46932931080784795,0.4691867284674931,0.4690178792880828,0.4688319541615803,0.4686640960823147,0.4686319428208922,0.4691469549297772,0.4719010298254056,0.486344925958136,0.5833247659800458,0.6181578441205409,0.5340124620317579,0.5093044285899204,0.5003582747370565,0.4970991819158895,1.4741786349501982,0.7825216519825565,0.0,3.704357567720904,0.5280902464701669,0.5280439166618132,0.5279636221017179,0.5278443000844828,0.5276778550123631,0.5274518274068689,0.5271470596710792,0.526733489505936,0.5261621965198343,0.5253493627489804,0.5241412266995511,0.5222301674903946,0.5189405715900268,0.5129004814906124,0.5124063113609746,0.5578104948660302,0.5524474543286635,0.5470947441442302,0.5445354206406946,0.5434906444515383,0.7853949478435736,0.6802255507256028,0.0,4.666804496131174,0.39831333476650976,0.398207416311006,0.3980239578257703,0.3977515861226679,0.3973721643418112,0.3968578874484833,0.3961662300876648,0.3952309434635614,0.39394529384081256,0.3921289997269831,0.3894584294082939,0.3853095111989751,0.3784157736546879,0.3669955210001635,0.3786096609433944,0.483228106999371,0.4604417490861771,0.4454331277283449,0.4386282436654889,0.43590060047140383,0.03816811874363807,-0.4157275102117856,0.1,-20.02186864143529,0.2848183146051353,0.28481747420917225,0.2848159899043432,0.2848137188494586,0.28481042003962354,0.2848056950395961,0.28479887344125643,0.2847887805885555,0.2847732318615275,0.2847478234544706,0.2847026638255116,0.2846119556813595,0.28439215999487444,0.28366880899861113,0.2803531317202902,0.280928606650099,0.283579764375546,0.28420995533834004,0.2844135933705195,0.28448336603167823,0.0009140631653914227,0.039419436399131695,0.0,6.5734436880400136,0.009789373166759874,0.009778127373160415,0.009758681476022768,0.00972988780241868,0.009689931197566335,0.009636061876818869,0.009564143807642143,0.009467882061148151,0.009337468158616052,0.009157150640269618,0.008900929065170649,0.008526398421935227,0.007983543930059456,0.0075000848384279015,0.012699685297415495,0.024152436035232344,0.01841528818450966,0.015938712961544768,0.01491265364673669,0.01451551033476655,0.013728591617288876,-0.1970783959235263,0.0,21.83089935996624,-0.17669684581171685,-0.17675202087644593,-0.1768476864264008,-0.17698994730231887,-0.1771885841661338,-0.17745869056654473,-0.17782355961867935,-0.1783199243311101,-0.1790079637808667,-0.17999176222267865,-0.18146493874758066,-0.1838237485299461,-0.1879783747720156,-0.19608226884229374,-0.20160749379953916,-0.14796072143394945,-0.1502264079544911,-0.15550263763226113,-0.1581719129172243,-0.1592817426637394,4.142370328708329e-05,-0.0003624066387642127,1.5,-1244.6055829358306,0.057776575555521965,0.05963509024243763,0.06285939705956878,0.06765863427763462,0.07436871200778228,0.08350986160563423,0.09588884233242824,0.11278629620219505,0.13631931697615585,0.1701971451142299,0.2214570919297998,0.30499137749644234,0.4574004789964725,0.7845453568797858,1.3249593525409151,-0.3668711191977074,-0.6184962131059208,-0.5384396039810291,-0.4829531414195039,-0.4577181669892863,0.00011384517503603889,-0.012644223619964024,0.0,1085.6691844039926,-0.561787900288266,-0.5605538066668316,-0.5584146419945029,-0.5552349023406151,-0.5507977176454801,-0.5447688772909984,-0.5366335131401812,-0.5255813795889921,-0.5102881483331032,-0.4884683873848452,-0.4558756597056508,-0.4037960823228488,-0.3119041851856217,-0.1286184456630295,0.05440549369158987,-1.0869188196599495,-1.1106607641821995,-1.0177900630414705,-0.9665554918223992,-0.944530317796808,0.0010316080891398863,0.04124792498633779,0.0,722.9119104989113,1.268119058666457,1.2679303448966976,1.2676090930658646,1.267145288524702,1.2665254119488836,1.2657340490257312,1.2647586516642662,1.2636027343344018,1.2623223640632837,1.2611314828618134,1.26073331083197,1.263520177135698,1.2789969789925395,1.358676129689087,1.8901098560661893,2.125284216065644,1.6718888654005593,1.5305246302122804,1.4765244729988518,1.4562455029108152,1
2022-06-08 16:42:00.725446500,-1.6389078915087212,-0.7235255402321749,-0.5614204488832348,-0.9177868315849232,0.14241882230050604,0.7643226760219738,0,0,0,0,1,0.0,-18.581972640237073,39.192171274674884,1.0743240637345246,0.014882870094205069,-0.22018064091251616,-0.06905239345771765,0.11303278945143072,-0.0900450467778872,0.0005152126195923381,-0.02454269655701202,-0.06911614493877162,-0.09016773773863024,-0.049900373658315816,0.07516065701207947,-0.04490377755567517,0.019658644223401543,0.10488477989966752,240.3945000000073,-12.851813487257905,-10.697333692776962,-12.510411278822382,719.117953119903,0.24175562776446924,0.17437627578455933,0.12879935756198996,0.11168990664161656,-0.003532551618697739,0.003165019560515388,0.0181363051973256,0.6763717323978866,0.6224785217673351,0.4456513735946244,0.3316245035964526,0.37603047274592993,0.4840912277003657,194.68271059136387,14.155246577316568,20.37057656317918,18.1690796866698,1345.0391497258286,0.308604160907242,0.26101125085441385,0.14856700719064045,0.15109809114057882,0.0525442699338944,0.03951115524777822,0.08724387988095457,0,0,0,0,1,0,0,0,0,0,0,0,1,1,0.024041263313335972,-0.29576412910109884,1.5,-45.598667896266974,0.4344304908763021,0.4347775315803508,0.4353817383809608,0.4362860515807645,0.4375603179743286,0.4393145967977947,0.4417234340928289,0.4450718706387071,0.44984818540548493,0.4569471645611221,0.4681678753434764,0.4876300803038525,0.5267475961418269,0.6274156438151461,0.9438134202452636,0.6693668845417304,0.4407397761055736,0.4027057840717021,0.3935474054981147,0.3910956120404752,0.511655536096566,4.4438853252051045,1.5,-8.259421206068783,0.5374147553519024,0.5376161846794018,0.5379656816584051,0.5384859848870123,0.5392136270226633,0.5402052072033834,0.5415485305610788,0.5433830211755903,0.5459391873575259,0.5496207046348005,0.5551921673520546,0.5642645708939448,0.5807551787936323,0.6156659334193221,0.6686633998194035,0.4835433589711171,0.4621756606950314,0.4723975555230411,0.4788452680076392,0.481705919182663,0.8703021233005209,2.3745725992803597,1.6,-4.368286151558008,0.371203528885151,0.37118839750125293,0.3711636365462017,0.3711302670350264,0.371090557813293,0.3710493806809304,0.3710170953273175,0.3710159723321163,0.3710954430403354,0.3713715653800765,0.3721417559260172,0.374277054197284,0.3809221760692893,0.40801421418291206,0.5659360626503629,0.6048517166052375,0.4703059615120873,0.4310773194984421,0.4167470962137695,0.4115084858353867,0.023488050578500112,-0.28980685277698104,1.8,-26.279107774321503,0.2854456913955379,0.28543383193568905,0.2854132108723157,0.2853824088372874,0.2853391259315425,0.2852797565258738,0.2851986183372712,0.28508650172421524,0.28492776902844463,0.28469405630390743,0.28432902707604524,0.2837057057759825,0.2824811348557357,0.27946670741893154,0.2713415970458927,0.28213790296107755,0.28746928192461896,0.28790987513916044,0.2878842305569249,0.2878410472935447,0.0010048571240758666,0.035547245188232275,0.0,6.395669736072232,0.005462759239098003,0.005427302712166736,0.005365896843893325,0.005274748080020042,0.005147810365570493,0.0049758224832965325,0.004744636755494303,0.00443224857183505,0.004003286660999861,0.003398204358281559,0.002510660654530705,0.0011374653866033785,-0.0011251754403394376,-0.004776700988412763,-8.759237751704285e-06,0.03497102850546105,0.026639015002868416,0.021445773555335973,0.019112866835443457,0.018180692757929544,0.010376325558943416,-0.15441309132591896,0.0,25.618384660589584,-0.18978922360765926,-0.18985631641340905,-0.18997208925516865,-0.19014294544303206,-0.19037889581578504,-0.1906948484948967,-0.1911126791728095,-0.19166449510474412,-0.19239760543704046,-0.1933811303446552,-0.1947091484615462,-0.1964614803475425,-0.19832797485346546,-0.19597037953989946,-0.13666750152865026,-0.06582144090904019,-0.12360233703285828,-0.14468930148253767,-0.15300154969920074,-0.15615183191718532,0.009906189683185462,0.08007502144833305,0.1,-1235.0859810284053,11.158958272301602,10.800385650859923,10.212276005910198,9.408681623688326,8.408855848445072,7.236857545127264,5.921082443289657,4.493764209888339,2.9905237260502773,1.4501263112404033,-0.08519291918671712,-1.5680189519598713,-2.9423906599603065,-4.1872722332925285,-6.9861608055999875,-13.659646037283347,-12.556268683178287,-11.686688749518039,-11.222333799257386,-11.017931638986424,0.01183866267878322,-0.10275051779449018,0.0,1110.092667042284,10.96194105111563,10.566168929720787,9.916885102614827,9.029342363684293,7.924397833158054,6.628032016690234,5.1707535213186375,3.5869079704102877,1.91391640730528,0.19147851544552094,-1.5392170435580113,-3.2363566470655165,-4.860747912916505,-6.4269776896263755,-9.12014164895561,-13.013750599706142,-11.95521631889956,-11.291814369821546,-10.944476084505734,-10.792426231738212,0.042576363798721664,0.21165248414143106,0.0,677.1818957381893,-13.824021447131601,-13.2569874414461,-12.326429226897552,-11.053705425130126,-9.467941842876536,-7.605256520956536,-5.507755486969657,-3.222269257928648,-0.7987448330160163,1.7119387350707098,4.261395461298633,6.810586841040635,9.349425823307993,11.986253333683806,15.21203936606691,14.022284277960596,12.676650129486127,12.273065187535794,12.091869377514696,12.017108307425607,4
2022-06-08 16:42:03.475446500,-0.763605968251058,-0.6950183038019879,-0.4708258929299783,-1.078930909275719,0.11952072087500265,0.8270136734691469,0,0,0,0,1,0.0,-25.614885631605873,35.64826498310662,-3.651587680135778,0.0007034890829726906,-0.1839097517967104,-0.03638299256375796,0.17149927492069664,-0.12191449759322295,0.02910727987334178,0.0235742842190738,-0.09667982677129824,-0.12841280130614316,-0.06992429546650285,0.061021984918027364,-0.06786699572436053,0.022985775837446282,0.12415706585150847,233.93165625000728,-13.043198114164722,-9.320533321603998,-12.206442330681098,687.1174963367378,0.2271126405525557,0.16942819845134738,0.12968697783581715,0.1064766616243624,-0.003453444932565509,0.002676307835959282,0.015839294643221355,0.7198964305468666,0.6348963378053059,0.4581041295896933,0.3612244857757976,0.3764869309154125,0.4962082728183016,197.85557735405732,14.218631853673664,21.61185349502511,18.203030109719453,1344.6994246478907,0.3143218243512338,0.262823100920804,0.14858782167021506,0.15516059626915946,0.052589917009597364,0.03973445069164044,0.08855264475629747,0,0,0,0,1,0,0,0,0,0,0,0,1,1,0.0840772459053879,-0.012175736402332287,1.5,-55.67306503711682,1.0463935867836582,1.0473145058445166,1.0489081277090675,1.0512707818183085,1.0545558269398136,1.0589979790589634,1.0649558769517062,1.0729888717391296,1.0840034747755762,1.0995559557470616,1.1225518673906445,1.1591423669683731,1.2250890958343554,1.3690588452506411,1.4240024377268092,-0.9813795947430316,-1.5399667165233082,-1.6315318082270949,-1.6565989503985046,-1.6634421775700765,0.14796551862121396,-0.9270425259905211,1.4,-20.042134270503304,0.7276832852617514,0.7277605038143817,0.7278959260832321,0.7281008487584053,0.7283938789354518,0.7288047714193064,0.7293814307786972,0.7302030773542056,0.7314061831020746,0.7332385091872424,0.7361781228181852,0.7411984682633453,0.7501459293230136,0.7604537416398824,0.5735807587104711,-0.15060545871680586,-0.049411672092837984,0.02177233184459976,0.054631669833046036,0.06795137784419276,0.2556523904674461,-1.1922368397865943,1.5,-13.239339333069106,0.5083740471939335,0.5091913667253907,0.5106066305274166,0.5127069957762647,0.5156315934451909,0.5195941594696533,0.5249228767503045,0.5321327881228417,0.5420650711678248,0.5561774135350824,0.5772212213327772,0.6110959746389142,0.6732874635005341,0.8192795013563602,1.2040191598961978,0.3341969389579629,-0.1882158738153871,-0.3367592813171447,-0.39822295171190136,-0.42238414587174733,0.016021587645617386,-0.22510581096657298,1.6,-32.54016104569513,0.28224548640096625,0.2821815414898001,0.2820707948557564,0.28190639928877204,0.2816774387721184,0.28136718368892244,0.2809500531998568,0.2803861895036501,0.2796113024157534,0.2785163993125952,0.27690383805442104,0.2743817909694671,0.2700833981423543,0.2620554856157972,0.2575919481748906,0.3128461235906166,0.3113461242238036,0.3063428373177559,0.30368433389474425,0.3025455182781721,0.004379683113595478,0.05602545436128768,0.0,6.209726598237507,-0.00702473916045121,-0.007058856689297176,-0.007117374883214954,-0.007202905402077908,-0.007319360166473555,-0.007472187660395312,-0.007668579687655218,-0.007917347673671915,-0.008227442560482023,-0.008601524274931716,-0.00901084776219116,-0.00929048755846018,-0.00861162420636852,-0.001746168184777408,0.05642860596061256,0.09559296756127772,0.043960123926611056,0.026842290310221117,0.020188930133352948,0.017674586496404042,0.010205800731982606,-0.12439619852859472,0.0,29.386156487199226,-0.22249834618711214,-0.2222811745419344,-0.2219025796618697,-0.22133478300417275,-0.2205323950678264,-0.21942345003324706,-0.21789289021564406,-0.21575087757855527,-0.21266793278260546,-0.208030023133618,-0.20057482761511392,-0.18732212498345516,-0.15964090446329282,-0.08352588942333206,0.19172557538066384,0.033199499431467605,-0.17729078458282432,-0.2196914052905733,-0.2318253288256045,-0.23561308563930755,0.04907638086969513,0.05243583660160524,0.1,-1127.3914793677654,54.29554631477986,-30.387035524048,-18.764770892369413,8.247995717418648,-12.804150616754058,-19.17468087681118,-0.9799175371885056,-8.830370821992588,-18.63180964650865,-2.395572551877777,-4.686023958282007,-25.04127765245069,-5.479234589407263,33.35941862553182,22.1284835415903,-4.492483225858017,-5.384512984781246,-5.978634745019466,-6.291789548743178,-6.426972857120362,0.04044478860751105,-0.08774614867253185,0.0,1247.2835731367552,61.702882478686455,-33.13933701509777,-20.901851423196884,10.211494327482383,-12.15600629626671,-20.08319149128276,0.4816248017900762,-6.102304302136606,-18.223864023918733,-3.6614609959129463,-4.201921113439937,-23.24063013145704,-9.102667116061436,20.36862945425748,10.736942360932657,-5.5803360720914315,-6.109980173563763,-6.508855354527287,-6.7170844048725264,-6.80674845925191,0.4134579883361605,0.3791994728239899,0.0,439.4509860408447,-105.66450453491757,47.29684239384275,34.234896477483986,-17.686118358036907,12.084308910637775,29.30758216818048,0.4508748508758416,4.585620989637217,24.252545117839876,8.947470537607229,1.4341983585405949,18.03640503242852,13.503633493284285,1.8562505924273258,13.43041988119294,11.114836470271774,10.531310365871672,10.486518502666383,10.475209248191105,10.47248361395674,4
2022-06-08 16:42:06.225446500,-2.816087744404945,-0.20679768212134209,-0.27620672624085074,0.2620890318940948,-0.140973687471278,-0.7446967074849816,0,0,0,0,1,0.0,-25.8550530569252,35.174813679719875,-4.679646228141576,0.0004459736402989797,-0.1799131231384646,-0.0254010423620512,0.1822680686715084,-0.13667965586247938,0.04583623403864491,-0.11028433580107684,-0.040080195740590366,-0.13335618181409084,-0.08452570605323123,0.06411699893736104,-0.0889854227892164,0.02595517545610842,0.13793506132508745,227.4688125000073,-13.237112818450555,-7.9438204638218535,-11.896987106884326,636.6740998498234,0.2092445884716407,0.16630802826252733,0.13195868350979822,0.10285917301171242,-0.002839184215592645,0.0031840949749684217,0.013752326279735284,0.7769272069756474,0.6416204540385786,0.4772375828776862,0.3894341824068047,0.3771336627667221,0.514234285210074,200.7699929775909,14.289140035244964,22.697447092095466,18.233857404911227,1327.6429690877035,0.3163718501083492,0.2643769461483884,0.14796588853612452,0.15840517107287105,0.053119109803788415,0.04113505821048659,0.08974561662392172,0,0,0,0,1,0,0,0,0,0,0,0,1,1,0.9786272862240318,-0.27725183450782004,1.5,-46.87569722396715,9.97682669432841,-4.349479268444192,-3.4813624074658147,1.388989506318289,-1.9024961584661575,-3.890362326903817,-0.03424105948326872,-0.5442121071086818,-4.457509419761452,-2.3629104939918744,-1.2397336078093897,-9.051764993042823,-10.956306689197863,3.016681535179601,12.322209059276707,5.101334617536493,3.4130417721905806,2.645759313077208,2.2673299517314915,2.106683748871703,0.22137157501843865,-0.06695096102133483,0.1,-26.008861372052394,3.9780457562016154,0.10396292056941857,0.09536172226551544,1.3374048331666395,0.5606677842130208,-0.058645142587119066,0.8929835659728721,0.8856666344691624,-0.3067612273064393,0.04050800606327065,1.3543782703775389,1.0938187153241523,0.3763490894956255,0.8584528158876283,-0.12980548248868873,-1.4985345289066172,-0.7349149905156863,-0.4260151526023401,-0.2855090563816853,-0.2280274028685309,1.7221588961072307,-0.20094741733027344,0.1,-11.424811978542,5.835434274188341,-1.5310281311308402,-0.8272380899047427,1.9018133945272624,0.11726269794236632,-1.0626686405940804,0.8546940468612172,0.2179031552415367,-2.246517334356359,-0.4193000806071681,1.8632641963352576,-2.4492244479663063,-7.002636194488957,-2.7291364705888808,4.0814256763538665,2.0035471963210294,1.2873595513955114,1.0544806241007425,0.9445467730476604,0.8984760912761388,0.16220872433244524,0.2138074802944746,0.1,-36.23694354070375,2.7750693138143765,2.575412398210565,2.259518250301256,1.8511319285783496,1.3805317505270014,0.881894282465062,0.3903433286132676,-0.06104565969745135,-0.4440093382805709,-0.7373702151181846,-0.9285975760525588,-1.0144648420253015,-1.0005234762188968,-0.8971251337031869,-0.6679846777365992,-0.4037462351349064,-0.3954222734603916,-0.3904665827684272,-0.3870242794979512,-0.3853452065619892,0.2308182550443434,0.3906017916906793,0.0,5.899280498563094,-0.1487098983136379,-0.16203680583255187,-0.18169586689655334,-0.20412964057285032,-0.2248722871267146,-0.2390012643700028,-0.24163343305879856,-0.2284095786045147,-0.1959030599787158,-0.14187245986590466,-0.06522761160215923,0.03461987068608066,0.16032568161314806,0.3289733840106487,0.6153167446683523,0.42740544657053603,0.23314999925433985,0.17256990164674169,0.14580033997543113,0.13487577490552138,0.4728012372884203,0.3896838168460483,0.0,29.497190238311486,-3.802984183468145,-3.4840120023296026,-2.9796533048214826,-2.32825297399409,-1.5786362134659329,-0.7857809332026184,-0.005950534765002624,0.7082934240015556,1.3128005445356103,1.7759725104518111,2.082338572178568,2.236468170070068,2.271776540278724,2.2853722355723547,2.3286523431270942,0.2743894466299908,-0.3540142521955286,-0.4807390125738964,-0.5237150095135555,-0.5387236402110738,0.06522099925138412,0.04695043019301117,1.5,-1021.1948408551746,-42.69087278740302,19.33047846337034,-24.55033180679749,12.630395944341956,-16.39732947293112,-3.377419804840315,-2.8200391040004154,-12.611641195262315,1.4182201466782267,-19.62226531165018,-1.746858681981475,-20.22052759823124,-36.025750890287156,-32.30457093793399,43.75069729953644,7.937884516304509,5.8718033106381915,4.23138512490679,3.3957804817964883,3.036566986989772,0.030533347540446207,-0.07501990343063003,0.0,1379.9469348955813,-46.621656078926236,22.16862157114969,-30.46808221253613,11.991669508825195,-18.41685702693934,-3.1773577623532816,-4.607888958347587,-12.575017221032786,1.3252868818231962,-17.522307264593383,-2.400886727313612,-19.24764393136539,-22.06136407491452,-24.4607894805464,24.26214760760073,2.8883103323252683,1.2047833622610398,0.08459557451416089,-0.4804284493222255,-0.7224395848337181,0.9149470599645536,0.501523058837527,0.0,212.08638261755073,69.42000225399377,-34.69129512555305,48.05302294174556,-20.571797048222212,27.453251375140127,-1.5828841986156963,10.642079029705544,16.502111015852112,-1.4667302622306333,19.993121341034588,-2.8725259090873414,15.395973545645075,7.59087031780752,13.596342279932239,17.287485185420454,10.811957267151213,11.012630490053224,10.901477587823749,10.83683252583466,10.807640730658095,4
2022-06-08 16:42:08.975446500,1.343362573228756,-0.9406109305862888,0.7022359536267351,0.039720583870330034,0.03973959731916951,-1.3536266955391614,0,0,0,0,1,0.0,-16.43648238103434,41.38345648599732,-3.486576764031565,0.0009448670680846012,-0.2333177635685322,-0.024332858703574944,0.03895781178928776,-0.095543773270547,0.1337342868719625,0.013080428433885098,-0.02337322082189141,-0.13456109113965453,-0.10364604954555884,0.06775279133014493,-0.08868140384002939,0.0263543570672811,0.13871936092674658,221.00596875000733,-13.420672117119393,-6.5633033727407994,-11.601817981214433,574.0034153655173,0.18924408054353667,0.16458174630432434,0.13522957751486314,0.09995352933695244,-0.002616386260219177,0.003620954744334335,0.012848558645145057,0.8610622001575203,0.6839955712549423,0.4839554144488353,0.3895893764505232,0.3783076125114613,0.5515319541219204,203.4370653876629,14.343461548068928,23.65195202946981,18.25290426728165,1283.94741462578,0.31237361808142594,0.2658686453279132,0.14592798695861084,0.1620478878521471,0.0552917825521816,0.04497929136228201,0.0900636442912814,0,0,0,0,1,0,0,0,0,0,0,0,1,1,1.0933319924131446,0.4661872104055172,0.2,-33.396440360229995,-1.6871418681239727,6.35249739014458,-1.7680483904379443,3.885573885283855,-0.6625075765396775,3.101020251956232,1.8481781846825196,0.01570029186392574,1.9780176648584025,-1.3793496764397617,2.3939687699656758,-5.694090213031229,-2.9683685558606547,-34.80828212918422,5.9220850639901625,2.8816985916201565,2.538093647836807,2.316758272277811,2.2242994789793142,2.1879031716474677,0.7919141153437201,-0.1140340077570937,1.3,-30.932973520100198,-0.01507326321484781,0.33443605071880045,-1.6144172170306008,0.2193240254287208,-1.0857846471774957,-0.6458817199218223,-1.382037365170949,-0.7148051330168481,1.057342008328368,-0.4672022701316537,1.0297446276628848,3.7349912536776175,9.096294787468766,8.49020618307076,0.0055100240389845965,-3.8430320984524786,-2.7486507279534305,-2.427766815272832,-2.2886022031112323,-2.2320471983711423,1.6587987187589741,0.8292627199811589,1.3,-6.931343690724299,-0.3081685273882466,2.117668846277799,-1.9246691350940757,2.5793117489140025,-0.9019961016004469,0.5624448997344706,0.27037870456180657,-0.8778539721932421,1.786185487583581,-1.7460016137426049,2.6959196920577027,-2.9002376187366954,6.952637967862074,-10.612716107135636,1.1356303226809592,-0.6388084214425365,-0.4750596988909215,-0.4189372958611348,-0.3896216193773601,-0.37655521489280736,0.43028316904514813,0.2760615771798162,0.1,-27.972066409424205,7.440016874725399,-3.612380436767661,-0.5037211968859312,1.7788198768710035,-1.587101021220608,-0.7402163049997199,0.6962020584808337,-1.3096492398807318,-0.8469102297331776,0.4921850738857556,-0.9631187882446344,-0.8929120142898557,0.4696367231010439,-0.44662034035538656,-0.8347776707040684,-0.3997974485289184,-0.4091286248629881,-0.4048409040934557,-0.4027231266477467,-0.40184601126715697,1.0561959644441357,0.2508510068940286,0.0,4.403011945710947,-0.7275274078929317,0.409021789906705,0.4452677975764681,-0.05188090751733465,0.1455011352432095,0.3395407746071724,-0.11506162582964888,-0.1989548808691087,0.16036307684924178,0.3011206989118636,0.5964485208866823,0.28228801318542057,-1.3089649129358358,-1.4213373150342123,0.7317297670945796,0.414332195319027,0.2610621761586134,0.2263079165852549,0.2114272046183728,0.20550682599468156,1.3843678321228083,0.718188073839131,0.0,22.355653359631916,-5.706542974819449,3.1212857275616503,-0.7591575212144419,-1.236471948442288,1.6293688396239596,-1.2029890625326791,-1.1387470060261438,1.4430351406449289,-1.6384275926835934,-1.665237598452008,1.5673671148011885,-4.469430794207477,-8.924905139672363,1.5068587779367275,9.709063633460289,3.622954282231606,2.47023021482296,2.074206321893881,1.88500544518216,1.8052148170812077,0.13540014603174566,0.1304232612880431,1.5,-910.2340048525298,-54.537201502177076,-31.422229454176406,-8.984533210527019,11.604091351372533,12.769186552615588,2.782368147887013,-7.157803170729827,-11.272003657200141,-9.1000719168448,-0.6834660788026987,8.757776039881684,10.291391763413113,14.626315691007836,-121.08573909774219,18.485026850562388,-0.42359175075201705,-1.682267126977191,-2.0634941958674027,-2.1975907760508333,-2.243579274603086,0.04470528837524618,-0.1161083180698504,0.0,1509.4773569460974,-68.17726008394959,-37.42338200415611,-8.783990776872457,10.620790467848424,12.284406793758125,0.7825511659954998,-10.990494395028946,-13.325355665195394,-9.457971882730988,-0.9670783819896442,5.293383582645635,7.431609259836072,1.2369736545980246,-83.00101331454748,8.052157647522158,-2.1816193790634912,-3.289939781979548,-3.5887366500870077,-3.69318881727402,-3.7292355298572177,1.3307837231872526,0.6978350898825401,0.1,-14.126574886705013,116.06930335963379,67.96710647092392,18.717698918750905,-15.243573347801945,-12.857442044385175,7.380819470974562,21.204284907502203,24.090853108319482,15.41543656399018,4.1428546900185,-1.6469018370414874,8.243055429764944,9.936871744171572,11.838120298416074,16.227972011828626,9.554493723881052,10.370079496122406,10.456365179719997,10.47868705215612,10.485374244803113,4
2022-06-08 16:42:11.725446500,-6.136692461559657,2.3344616770781137,-0.09348526010477187,-0.13646914495533724,-0.059548600977480076,0.3438820329794982,0,0,0,0,1,0.0,-27.184990898252053,33.99269235832848,-4.860704330148257,9.722840293888085e-06,-0.16636386079774826,-0.029227342816442736,0.2365629568916064,-0.1576851143423259,-0.05572152101983715,-0.2223070395267734,-0.07253925346986502,-0.2438518063677623,-0.06672695834412798,0.06683590026418243,-0.0907114485134678,0.025509428376722168,0.14598593984516628,214.54312500000734,-13.735925910004767,-5.269739993958225,-11.318367714368005,498.5916205023912,0.1678132130340618,0.16402235769028906,0.14200968651160986,0.09733633575473072,-0.0036748245188883547,-8.817540007057997e-05,0.01124984990753052,1.222944789430845,0.7901504923894267,0.4853624922345539,0.3896081546829205,0.3785114853851463,0.5601285295601389,205.86640806618846,14.472367944261622,24.3389277087531,18.2621992337786,1207.6773960647636,0.30334241131299394,0.265825067360626,0.14213481883956952,0.16477989305184393,0.05642928854924058,0.05587314965970427,0.09083621911920237,0,0,0,0,1,0,0,0,0,0,0,0,1,1,1.262585706870825,-0.7179569428752247,0.4,-68.96174110317929,-44.16427934348213,-15.260904490123467,11.144040840244653,15.692913786390102,6.517949169226438,-5.500765542520586,-3.9814568041183,3.178412736386908,10.882977093452547,5.051641537303947,-4.679331275906428,-2.548559914131566,15.091688137047106,-5.339253445611828,2.035233292156386,3.207922131627273,2.683038892815089,2.6183545650612126,2.5945890179713054,2.5857939231375107,1.8821516783092984,1.5740765174236648,0.1,-5.768284923275419,17.385047990615508,4.116307504767976,-6.136583141743567,-6.937498860419821,-1.8919478891800696,3.3144286758912713,0.0476445407708275,-4.330574711578049,-7.215584290220928,-0.3044119909094454,4.4796552504424545,1.8348656812461148,-17.84959394143054,4.672169266979436,3.3316386932908477,-2.330404450284825,-1.7324496362506991,-1.6974637711257388,-1.6931307287840087,-1.6931691908725954,1.9762107586999589,0.22495819365229847,1.4,-2.21127348766724,-5.532046138324163,-2.6447382128297194,-1.084306331570149,2.1372328882179605,0.951762832239398,0.2861987654804033,-1.3163698231910936,-2.2652622217141603,-0.5469398148610821,2.405513940853514,1.8400259933441303,-1.3609283794641054,-7.2053330520637635,5.08153190435103,1.6033588024333578,-0.5715229971343976,-0.2211732820020017,-0.19001597063178632,-0.18222104484464166,-0.18007251911348754,0.6196844819176632,0.2966178760140473,0.2,-19.147307219484038,-4.9485095522526175,3.1147604275617815,-2.8919098519762834,1.5312448714844151,-0.7576463240909475,-1.1668965891679264,0.5168910163251129,-1.4759860299895244,0.7317099710362966,-0.7444314917694919,-0.9623717933473204,0.26927979827009285,-1.066170894281345,0.4689706183564815,-0.8775893419505958,-0.4379525028162693,-0.4334555427439336,-0.4294972608250923,-0.4274848241432583,-0.4266464596001169,1.5877696285140788,0.5397597579834532,0.0,2.360055875287462,0.1360590228015892,-0.4181757141232908,0.4924025208611869,-0.015916835815798003,0.2536337723410503,-0.024144936057995448,0.07248238200950037,0.0992973821438028,0.3119161427654542,-0.11021741137241804,0.4622001554118045,-0.8701292011374235,1.6247222159373804,-1.1869163280796948,0.6378657966865332,0.09188691485113233,0.11809764213851193,0.11687643506485065,0.11613313671795612,0.11579698580612698,1.5994908320788488,0.2431542153249005,0.0,17.313424304289835,6.6898706526179055,-2.178895992097247,1.8632948363525448,-1.0379421664305923,-1.4373044990003598,2.192677259482489,-0.6829718778753429,1.7325992854220482,-0.2708532999701312,-2.5668361639622748,2.4575262230471755,-1.787981905394436,9.492999619401623,-15.903913171282758,8.149209551744113,0.6040496156094801,0.5564389946446595,0.4877863637395965,0.4536800542306991,0.43949096905119184,0.05121299505910317,-0.23417763566960986,1.4,-900.5238717390422,-33.0419769403201,-10.370167303958711,7.305244130085001,16.185306203825473,5.5116510224850686,-3.042601689236747,-4.099481210562948,5.136156428664123,12.725831923890727,6.268779087922598,-8.87188902581256,-10.111187977502114,-12.221538166364965,36.72287746200894,25.680334509882645,18.02298192434049,12.906756250596773,11.441241107124414,10.756497362643032,10.469390923502788,0.009554555373204172,0.0827630030975729,0.0,1547.2486644559315,-23.20764897444403,-7.964566255792447,6.913363516574577,11.096214743028655,3.3820107254613565,-1.9290316805862489,-4.053489315010026,4.0299308225134425,8.648863178055342,3.3856155815679685,-6.775677893954551,-5.434403310301693,-2.168949172362048,24.27705998904232,15.90921811281266,12.304431470154743,8.952876388902164,7.964321664104808,7.502259814577697,7.308457916473285,0.048237131565945286,-0.03611170616168299,0.3,-166.33993090174886,-4.324268174575323,-4.0793667289666935,7.1398748302696875,-1.0655550502444715,2.378931582417568,0.3903432625482299,-1.7105767714292437,-0.12014509447459698,1.8947945200296683,1.4793796262585106,-1.2265007885621708,0.6085009930030834,5.892688428723855,-4.415684632635758,2.4819336080763423,-0.8995867230784906,-0.3823784368055696,-0.1560394686387241,-0.05371519210408815,-0.011809856074257441,4
2022-06-08 16:42:14.475446500,-5.946008536848332,2.3854922457122054,-0.12572677319266293,-0.12494500526719995,-0.07570754796901105,0.2654689179907341,0,0,0,0,1,0.0,-27.498398732686766,33.82353167213791,-4.799955721317018,2.158277611932366e-05,-0.16538473303001547,-0.029712623366580614,0.23731970845736225,-0.1560253787370223,-0.04768584876711658,-0.2159059476808421,-0.07387887488437371,-0.385890570270573,-0.010400599554427776,0.06423907179740139,-0.09375170323580803,0.02401082927090643,0.15426555684024787,208.08028125000732,-14.092186851078695,-4.006743410484646,-11.037026430734556,443.23518725571364,0.150101696628083,0.16142970760553074,0.14768724886204845,0.09307034236704018,-0.005040717514030656,-0.005179819371535197,0.009271792375876298,1.5129572345901583,0.876219058614604,0.4860253311117732,0.3894063062026925,0.3787414580526038,0.5607042066611462,208.06634823972013,14.618336209952366,24.89356062116593,18.265193702455985,1160.9739762511813,0.2981682069898966,0.26661748465472296,0.14021127946725895,0.16841792732286767,0.057004624128433726,0.06513300829150757,0.09172659433028096,0,0,0,0,1,0,0,0,0,0,0,0,1,1,0.7558863611277741,-6.030206341519174,1.4,-122.99642646009298,-1.728432110353916,13.646661210397935,-4.854954802113996,12.231602399292061,-5.421052001938347,12.532576255842285,-4.0271883451956185,10.790359319141896,-4.857119654878821,11.042968552335184,-4.994398057520384,13.884447620715694,-12.92058523527391,42.89192847115557,1.636316736294425,4.903970547491672,4.569278485972626,4.5307258689771785,4.5043715547386505,4.491254147046296,1.7047180833623858,17.3374864032587,0.0,30.27187383597768,2.3599121277032973,-6.305092721144358,3.0399528206351403,-6.118333931184085,3.273521054552661,-6.701160216644087,2.872582214610045,-5.329799296913349,3.433004830592518,-7.179351886011344,3.3470426276424488,-10.9424822630915,13.492358459699886,-17.228596738519087,2.6601168507697004,-1.0764574589921487,-1.4021268440482857,-1.488180962581993,-1.5231350147092946,-1.5365582737949928,1.324826791862852,1.0288236129618409,1.4,1.3736747156711282,-0.17607561554366946,0.870178396038342,0.2396139050048035,1.847136599438133,1.2175441843044017,1.2079821975103149,1.1362448841044692,1.3179590408375341,1.1013292021104428,0.9238621192632466,1.4052721159079615,1.440787648369779,4.8331148425029555,8.330152540826122,0.2386134748643209,-0.3533785813178847,0.041039167465906856,0.18427216555796616,0.2483919044178924,0.2747517508527204,1.3680946484614458,0.3976152604563742,0.6,-9.119183422381749,-6.4054682684954605,-4.0214005567129485,-2.4003997720192167,0.485355242113229,0.9134293589718292,0.9486274282097952,-0.25800646146785505,-0.7872142878524004,-1.832731696649765,-0.8920993413172233,-0.7524186447317569,0.4926249670956268,0.17013752275868688,-0.22046724538580065,-0.961036011791296,-0.5771870647771344,-0.5367537244690599,-0.5242919902350608,-0.5186559094360489,-0.5163628296066838,1.7534238025407145,0.939618893478334,1.4,0.05664914087707526,0.7110433871618074,0.6747663959527304,-0.07351646033647333,-0.026594762094574384,-0.12816029981354365,0.07654089640413353,0.3112643502690801,0.4699575731509952,-0.19812328424312495,0.21505057522912335,0.4367848320237478,-0.2857349283638567,-1.3505505716236297,1.6874595603349685,0.7089138786228718,0.01574686852520241,0.12161226770434105,0.1332975849322241,0.1362873685917694,0.13714706501155846,1.739640286901479,0.4108559582866064,0.0,11.712517006257215,4.503696507915343,2.557823449309164,3.1384254379911787,-0.14256231711268724,0.4032132608998279,-2.1380416942449565,-0.8376177942687557,-0.6333393320506363,1.1791248156174754,2.67199630435312,1.7817021756537912,3.10894771924119,-9.873013587177123,-2.0406091074579877,8.594666208905204,0.2510994863579358,0.6030933468857372,0.5753264356293171,0.5525243324745177,0.5417026448637611,0.0611936894691772,-0.3177239442516469,1.4,-978.383647199756,-6.4130895768877565,15.900688561982292,-1.9443241805635552,18.31702738035216,-1.3730792450533684,15.754713146403331,-1.0081423291994156,15.845021224584404,-0.7858151964575448,14.53600041277106,0.14746439211630502,15.705486390044214,11.6644645519291,82.97618398454516,-2.1189253859627613,6.462552243168191,5.74904419909636,5.8644931023898295,5.959185850772791,6.00455308142848,0.01510180070820936,0.09876941273357814,0.0,1490.9934290634747,-2.073921079958467,12.204899395675712,-1.7822205860275062,12.143662062557313,-1.4106767326828873,10.28813735427255,-2.022499679751121,10.806034498401372,-0.9344914351227588,9.987637000549249,-0.5363598943294791,11.55921664938544,4.964304778649581,56.186509493557786,-2.037740155039657,4.313044482743141,3.9719806179802326,4.067364337156526,4.1332910257102755,4.163704317001752,0.04419426477798175,-0.08342558990973234,1.4,-178.09830481717955,3.695728373080009,5.620727126805104,-2.854928187321523,-3.066752999871351,-1.1465194947371928,0.10464172497082558,-0.8959855979455851,1.14041782989638,-1.6251952256487483,-0.9134883420129888,-1.5958450619168325,-1.3843203194651412,-3.942400836525712,7.934191232987652,3.3159402903575486,1.4800323108259494,1.0841164102636105,0.9972829542651778,0.9539221108117572,0.9348256341989308,4
2022-06-08 16:42:17.225446500,-5.551183573703612,2.2731192377425837,-0.16472019436156768,-0.11224344342378337,-0.08854299636744715,0.18906540465091,0,0,0,0,1,0.0,-27.48898969144949,33.884324555655986,-4.725505244482815,3.344271194475924e-05,-0.16628893531960354,-0.029951440242087287,0.2329337304474297,-0.15337342094917733,-0.03808599364570851,-0.200870821044762,-0.0734416668049891,-0.5176625839619232,0.04279035486982806,0.06080022857429899,-0.09647628171256888,0.022169005567199068,0.16004934925199862,201.61743750000736,-14.445048139615198,-2.7406372628811497,-10.755593235203744,360.64457925595667,0.12765033449777682,0.1615664957194284,0.15568442171631114,0.09090177336790924,-0.006104403139022218,-0.009798557464973554,0.007431049015385971,1.7114760340268302,0.9433172189381772,0.4870045004867338,0.3891564020105943,0.3790507951167488,0.5604176812737455,210.0440941153985,14.752241016944813,25.377226268020554,18.265066627193814,1049.2835330101939,0.2830452327835392,0.2662310282146449,0.1344830673225106,0.1707326992788096,0.057309044959396274,0.0718334366345172,0.09255941781700702,0,0,0,0,1,0,0,0,0,0,0,0,1,1,0.4991876536003013,-0.9455420714035064,0.1,-182.62547962471118,47.98786586279979,0.447912514102498,-9.785607943678,8.978420698702607,13.064527348957169,-0.4996698619813564,-1.7494370855941808,10.330110063214784,9.74944393225033,-2.742004850930876,-0.022350266883981892,19.098785838956033,24.685919521989945,6.441539065654785,-10.058441139594033,-3.273895465169385,-1.0888114651064091,-0.26874689793564605,0.13051228403383552,0.2995641946831185,0.9376925083686696,8.454666602126132,0.0,62.63742554666938,-24.73351315158851,-0.3573192014901103,4.922565333074633,-4.914454821019561,-7.174563524835907,0.2317812347056289,1.3494550033403752,-5.352824753436755,-5.637923358614493,1.8844889805202298,2.060393103258304,-9.229527060213265,-16.332489841284428,-8.579476864201663,4.092522490687238,1.4327996543453905,-0.13914748644023067,-0.5770743176064586,-0.7723415725349454,-0.8521175422388034,2.3226330923467384,2.140530441183423,1.2,-2.06665125035569,1.1514856782023646,-0.2606578191825065,-0.15051174224895447,0.5724620655914531,0.392844460768208,0.09022891214249087,0.6849295492038986,0.9764972388700396,0.03926120459235738,-0.3164751368712637,1.2332951097637563,2.309580900527658,0.4576944443032917,-2.246674524643361,-2.223500565881817,-1.3109153177198851,-0.9692905699778804,-0.7813594018374399,-0.6888437594986799,-0.6496097819277691,0.5712773803035911,-0.27230529440119805,0.1,-3.7024467863436787,1.0968810715140906,-0.22551473016067455,-0.43559706241962814,0.1902329899090075,0.3630789360819341,0.003979477884453021,-0.01861291668441381,0.31209281004858297,0.2504924425810616,-0.1837788958899792,-0.25673713898629064,0.07483482848294526,0.14386276183917762,-0.13418425853446378,-0.1556658829606031,0.05038798219141874,0.06699097110770047,0.06993363791950792,0.07029327644517562,0.07023766308835186,2.0589963866203718,1.1867136335446993,1.3,-1.72743743664864,0.5055299891501336,0.11836942515561738,0.077519112548534,0.2996813411544699,0.3885063118454866,0.32197529959056503,0.3788118973535696,0.5547090266757765,0.5818033444836198,0.4839299440927376,0.5999057320057877,0.9719229185142516,1.15277009370062,0.7940456266344079,0.011736382850303859,-0.26094374534178577,-0.1119609636337456,-0.05460189366298435,-0.02778503917350341,-0.016551164741797415,1.5691672032880764,1.050527309423935,1.4,10.629159886320167,-2.95657155238944,1.1670669280160433,1.4583504856643894,-0.13269152454086042,0.3816467918641848,1.5425436471603122,0.6483814222659959,-0.17340967205348762,1.2058133754581049,1.6645374647526625,-0.6147150668249473,-0.37663493278515947,5.8931628110950856,11.23691914707272,6.570934530174192,0.7287895546576242,0.9351589726835066,0.9576922135784264,0.9579453078612612,0.9563358744389254,0.04000563544844152,-0.007717708078952795,0.1,-1050.933088758752,51.20343573134613,-0.0651037767895275,-10.294757523679964,10.221290618221047,14.060536531852293,-0.10704498713219834,0.20071293066068566,13.39438471117123,11.256008930394179,-1.4601249213566592,5.1599330957243135,25.972698049403657,24.19995356633214,-5.461700661021418,-25.500488052886357,-10.283461401189644,-5.991944881229774,-4.3457520345652085,-3.5342576431601564,-3.1885099143811786,0.01229618704694098,0.006854785263242731,0.0,1438.7956734696368,35.809119624464955,-0.31514842096967755,-7.4856861564344115,6.938061583541852,9.513573638699073,-0.4892967778038866,-0.03716373755057134,9.491456887836263,7.8422580156368005,-1.4769265241893166,3.25400091162377,18.660219557269343,18.19918667821707,-2.627723953583459,-17.33188879549502,-6.946041885812825,-3.9576476761877153,-2.827072816605422,-2.2733365721069525,-2.038064366887633,0.021206212933968144,-0.059963935960682974,0.1,-189.8235156333306,5.675150002081356,-1.3533177046615992,-3.2677037221234286,-0.622011411242724,0.8280534496481433,0.060890764500900474,0.3126084275309271,1.6952535136410507,1.5048213090462683,0.3644237256909193,1.3974098234166803,3.9018365314055834,3.8953478373572987,0.909510907902236,-1.0727784170837908,-0.5578596975750543,-0.4239356155485981,-0.31658700416504404,-0.25519428567546143,-0.22771469833408964,4
2022-06-08 16:42:19.975446500,-5.10855237849588,2.1361072319490115,-0.2023741344568774,-0.0986770066223406,-0.1028120998149092,0.08862861339276533,0,0,0,0,1,0.0,-27.39654550209769,34.0030485612071,-4.64584850731991,4.530264777019481e-05,-0.16772221094147266,-0.030098038087127032,0.2269333244778543,-0.1501903381583874,-0.026148162557809888,-0.1847463029135229,-0.07284611836030774,-0.6392086237047835,0.09300371746037712,0.05645598401744309,-0.09888452540253724,0.019975569684963126,0.1632608393150624,195.14763625000737,-14.796495609458216,-1.4704668925667583,-10.472991343624953,293.8542379156922,0.10788880387201476,0.1601237075129543,0.16210492225749595,0.08761758006815565,-0.006877472082623145,-0.014113671763773237,0.005523167391792646,1.853288479052142,0.9965807908581016,0.4883482878525043,0.3888761703854664,0.3794509119888795,0.559916120733103,211.8030043220977,14.874476181182814,25.792518527004873,18.26142761841834,959.279271888918,0.2709972492284011,0.266553178656981,0.1301882633032322,0.17348288218674726,0.05742877146705564,0.07680811001002807,0.09333450392761433,0,0,0,0,1,0,0,0,0,0,0,0,1,1,0.0052167393981527215,0.05215365918569582,2.0,-242.31387025468175,-0.950312504577422,-0.9527349014672488,-0.956927861016588,-0.963146676944966,-0.9717980975413648,-0.9835052619887091,-0.9992213641626008,-1.0204346636256263,-1.0495588574684396,-1.0907362835209993,-1.1516781059151353,-1.2485783672821578,-1.4225296657452868,-1.8119069726558568,-2.7253434355291137,-0.588659160360355,0.4099299762046451,0.5921172367684759,0.6360862954781705,0.6456470685885408,0.016912184040564427,0.1511429284468142,0.0,97.40439716698978,0.5960791989064179,0.5978783706839971,0.6009949234746088,0.6056227221037043,0.6120716094395231,0.6208183351005863,0.6325963899477922,0.6485596268678941,0.6705976093101279,0.7019941746467171,0.7489643819501457,0.824859777990818,0.9647926169625828,1.2979669721219147,2.3784559200034066,1.5896194695130683,0.6070673506984647,0.34121899460413063,0.24237843455641886,0.206342930433444,0.38328036734863297,56.68890299299486,1.6,-5.512272224655385,0.18363500031734806,0.1838457948032796,0.184211380895903,0.1847552610722778,0.18551512662141068,0.1865492233815732,0.18794760480491027,0.1898526309833088,0.1924983074776178,0.1962913757325655,0.2019950493188053,0.2112030036434058,0.2278396117175332,0.26540875288618704,0.4137606229113366,0.5752769226019312,0.5049657216695107,0.4700711373099874,0.4509515502987407,0.4422179721207742,0.00648192381542877,-0.0900292409149854,1.6,-5.059789466754684,-0.007735992825566419,-0.007722533357996275,-0.007699275295306451,-0.0076648750854183545,-0.007617218795342606,-0.007553129041647621,-0.007467881374967428,-0.007354406009169062,-0.007201962526038275,-0.006993964649699397,-0.0067047095784049104,-0.006296353642517225,-0.005723613927578045,-0.0047795094216836476,0.0073877636293071544,0.060970167629796214,0.05948462653332054,0.054894481066336376,0.051956214090239684,0.05055827891206638,0.022094450151875517,0.07300724482126073,1.4,-3.0845094232836976,0.01747580569150681,0.017530132216214026,0.01762403400495316,0.017762988518291608,0.017955648584501074,0.01821510208002905,0.01856099771565248,0.01902317404606288,0.019648001732153364,0.020509679028339608,0.021729777824387828,0.02350104204026789,0.02599373395609557,0.027241146228099783,-0.01586643445351534,-0.10638347443967183,-0.05879414600271012,-0.0360786209298905,-0.02592784542380737,-0.02185500224452257,0.3761423206482474,-4.095764823026747,0.0,11.67663520615748,-0.08273108896418102,-0.08234613364002663,-0.08168008301947571,-0.08069290092544201,-0.07932101465458219,-0.07746754095924413,-0.0749854691657399,-0.0716481239357894,-0.06709525488344936,-0.06072984287146883,-0.051512226343967404,-0.03756655110795582,-0.01603522535030205,0.002274055602210889,-0.4333296430607765,-1.887309897823949,-1.5377097617588695,-1.303772457507705,-1.1842268874576514,-1.1326443066989704,0.00037645358160502034,-0.0018098355192831968,1.9,-1130.094201521865,-0.3801281629103244,-0.3840095269407868,-0.3907320661853646,-0.400712475746488,-0.4146162834600915,-0.4334665061793572,-0.4588348510861735,-0.4931887849061986,-0.5405572327645949,-0.607910940600231,-0.7083475564960082,-0.869626787744032,-1.1624651569158146,-1.8208723787373344,-3.287973025028016,0.3937617838557976,1.8583158999127145,2.049957715261961,2.0693245890956007,2.0632779029576422,0.00014182242483497557,-0.0011743480568425534,0.0,1385.3268391096985,-0.3903891455306905,-0.3931997549009054,-0.3980667639385871,-0.4052901501062252,-0.4153486630315513,-0.42897745531450937,-0.447304475643854,-0.4720975900943145,-0.5062375796906977,-0.554696730668617,-0.6267920197487484,-0.7422141736043102,-0.9510282590889184,-1.4193625522101383,-2.47878280115809,0.07762519078818997,1.137094858873038,1.2863787847618369,1.3068778698305046,1.305467577020382,0.00015148134973308648,0.0031488566187161306,1.7,-196.4594930960448,-0.12255404821238615,-0.12276642947565007,-0.12313361842883808,-0.12367721673117238,-0.1244314388920369,-0.1254482566791868,-0.12680622951250875,-0.1286260095765881,-0.13109880021258746,-0.13454199786109822,-0.13951776581737896,-0.1471177133373356,-0.15976141144479605,-0.18326684278938374,-0.18665862298206812,0.09946438168704486,0.13984473015919718,0.1372826058392227,0.13269397813330253,0.12994930054120024,4
2022-06-08 16:42:22.725446500,-4.661944083344004,2.001912386084024,-0.2387651157938857,-0.08483648198496109,-0.11788968776588606,-0.02161876217058505,0,0,0,0,1,0.0,-27.295664983671216,34.127350824104106,-4.564977629061391,5.71625835956304e-05,-0.16922361978503894,-0.030227803108917563,0.22067736043496292,-0.14686746596086414,-0.013389219755675485,-0.16883170420442398,-0.07232134775003016,-0.7506284702258341,0.14021862291525972,0.05138040552831174,-0.10097347135395636,0.017431866490625957,0.16390750879934565,188.66954222222958,-15.144441166657481,-0.19830276315647172,-10.190101642097119,238.2997268879473,0.09003809564873187,0.15757386656805367,0.16735105701424485,0.0835729396023237,-0.0073654159743331326,-0.01811609657114787,0.003567027921289811,1.9551320038446418,1.0390415803042814,0.4900719217765195,0.38858369069856397,0.3799496181944817,0.5597646174170771,213.34725471272407,14.985939243407946,26.14367911745781,18.254547901415656,866.3629239342887,0.2591364709104436,0.26664361336037995,0.12583245636879664,0.17583665464272266,0.05744311615816624,0.0805004241224334,0.09404623607255612,0,0,0,0,1,0,0,0,0,0,0,0,1,1,0.00477659953657889,0.08969785542750558,0.1,-224.13641931633342,-0.9120684324888232,-0.9121230500097148,-0.9122212966665266,-0.9123757049240488,-0.9126078902029988,-0.9129545429167064,-0.9134792135772879,-0.9142966364273396,-0.9156265844497264,-0.91792465858326,-0.9222410042770326,-0.9313812770018296,-0.9546667651124192,-1.0355120454969675,-1.4394714120320449,-1.4444578078187194,-1.1109974334475137,-1.0222784105569611,-0.9914002684223604,-0.9803984482041208,0.003964784880967675,0.0845344398253913,0.0,91.76619822205863,0.2840084748503457,0.2837615050817952,0.283335857627641,0.2827088975842749,0.2818454828696231,0.2806938181736687,0.279179041706382,0.2771937407346119,0.27458529643429985,0.2711451893859098,0.2666340667140994,0.2610401812091152,0.2564040376988208,0.27263381737806514,0.5275920545425588,0.7946303247978221,0.5530927956971916,0.4666155411021857,0.43247852726921177,0.4195185267629416,0.01907336685453851,-0.2585550477724735,1.6,-7.108099499995255,0.06353926475737381,0.06346874650440826,0.06334657407599809,0.06316512271658192,0.06291222402457097,0.06256920408301525,0.06210746568087016,0.061482384717316735,0.060621910438743765,0.05940395320821387,0.05760808693297785,0.05480355799203196,0.05007785069367696,0.041717654536007176,0.04213612939284364,0.10528258221713938,0.0980110649921192,0.09094814862476992,0.08754490581305785,0.08613991905002437,0.008712894617955772,0.11553903223416348,1.7,-4.511563116676573,-0.027542627734025826,-0.027555408806060774,-0.02757759775596341,-0.02761066052360045,-0.02765695746630636,-0.027720156457077542,-0.02780597038285024,-0.02792351788634248,-0.028087977926311417,-0.02832617907431717,-0.028689615460527576,-0.029289102649128467,-0.030405077919368136,-0.032911100875290825,-0.03817334771379437,-0.027185260716704282,-0.024063212786356925,-0.02415720687539663,-0.02436303054855342,-0.02447123885441508,0.01536559998216942,-0.19458644292097085,1.5,-3.695893140161105,0.03127725702818218,0.031315858476061435,0.03138279443949088,0.03148234828623408,0.03162138574303558,0.031810509357899946,0.0320660974708869,0.03241401415552213,0.03289671685029166,0.03358786290319285,0.03462515785745879,0.03629301858556458,0.039257892534455316,0.04520255708823948,0.05095210387519385,0.013954469044055009,0.013764462242558326,0.0169536374834562,0.01865437382187448,0.019374314812043388,0.2022641103388769,0.4079830275335914,0.0,7.441729355993397,0.2553754955474765,0.25583408840583355,0.2566297832597253,0.2578143465514612,0.2594709539325095,0.2617284829468621,0.2647869087718374,0.2689638772183036,0.2747848535600679,0.28317097278688763,0.2958700282122964,0.3165767423889153,0.35433498654363194,0.4349708756847484,0.5635222456838822,0.14259923282778486,0.08658044615461513,0.10808943157945804,0.12228137181951428,0.12865143339546115,7.118500491800309e-05,0.009941301163681441,0.1,-1126.176483135884,-0.3269758721178846,-0.3271488111271452,-0.32745449990287057,-0.32792275558655604,-0.3286038904911805,-0.3295810651536541,-0.3309941024377778,-0.33308761082868443,-0.3363152816832091,-0.34158786415278186,-0.35093912493601565,-0.3696355449827138,-0.4146260419031229,-0.5620185896827614,-1.2486782297291334,-1.174619213713811,-0.6172209407920342,-0.4767354844994856,-0.4293947417634918,-0.4128296890423755,3.741214938993957e-05,-0.00726942370069823,0.0,1390.290389123235,-0.3282959988734717,-0.3283998032903241,-0.3285839137237474,-0.3288673704000473,-0.32928247499270924,-0.3298829766274025,-0.3307599417238407,-0.3320740185089974,-0.3341258043242519,-0.3375242237913696,-0.34364168052994515,-0.35606571098838913,-0.3864562951667807,-0.4877664758987805,-0.9698389320356284,-0.9348823942955562,-0.5416021862016791,-0.4409470529519943,-0.4067194028197818,-0.3946801370442152,0.00022553653162800966,0.017907668822428394,2.0,-193.1865924691514,-0.16061790580741686,-0.16066767638385215,-0.16075425372917707,-0.1608836603238668,-0.1610656647713551,-0.16131560118797414,-0.16165767033795309,-0.16213115477642148,-0.1628028469224363,-0.16379402102890506,-0.16534565906161047,-0.1680008753162454,-0.1732285033639549,-0.1861828924142088,-0.22288315637262013,-0.18115221500794565,-0.1559892439997581,-0.15282026489302947,-0.15234283963861595,-0.15229490490764175,4
2022-06-08 16:42:25.475446500,-4.217905264580992,1.8709496812611597,-0.2747699825991515,-0.0709625515289344,-0.13315703346532107,-0.13361949217324684,0,0,0,0,1,0.0,-27.19866124337091,34.24882868430249,-4.484081124922229,6.902251942106598e-05,-0.17070594757663332,-0.03035896932407598,0.2144610212384377,-0.14353588427529282,-0.0005117620186199152,-0.1530929683168268,-0.07183770218007303,-0.8518971758224223,0.1844231848292922,0.04547157955664975,-0.10274511062895414,0.014539006890384419,0.1619964850109928,182.20128708334067,-15.490037409310625,1.0735976284687012,-9.904343109458367,183.33208479723962,0.07227161130930235,0.15496437946566896,0.17241100592043634,0.07958551210435351,-0.007560268047612424,-0.021760995170632583,0.0016225240188853273,2.026988228114037,1.0727541099099824,0.4922188001687004,0.3882950152183367,0.380553402234041,0.5604849297775419,214.68922266063282,15.086885214915608,26.434889081394086,18.243424256214823,767.8094973383487,0.2464463948584987,0.2669468846616295,0.12149858517706945,0.17817165705453988,0.057427304142250675,0.08320976676759598,0.09470560162874696,0,0,0,0,1,0,0,0,0,0,0,0,1,1,0.004097000864105221,0.08167553084322945,1.4,-205.91415757724042,-0.8297202870546201,-0.8295653535403034,-0.8292973561098265,-0.8289003163509818,-0.8283489184635329,-0.8276047131367896,-0.8266096573208709,-0.8252749529010028,-0.8234611808633892,-0.8209417550415674,-0.8173346970578907,-0.8119873632147705,-0.8039653244508473,-0.7951741017593568,-0.854969396396819,-1.0115557254139338,-0.9425433870052672,-0.9110966304059716,-0.8978711350002371,-0.8927197311698827,0.0020912822613608057,0.058800818673354814,0.0,86.39085147906363,0.23548661097974666,0.23532252321280026,0.23503818576194924,0.23461574933160725,0.2340266920064096,0.23322716166405666,0.2321498248155627,0.2306892189458538,0.2286741652206352,0.2258124361483751,0.2215708450241145,0.2148921498286671,0.20349583822931885,0.18305892283548308,0.18621821963367635,0.3470119534437952,0.32407298899034,0.3041225676305701,0.2947219909701033,0.2909023799667045,0.011975953370172978,-0.18376812315223176,1.7,-8.582757804072134,0.06472230192075701,0.06470633981293072,0.06467860793805003,0.0646372377014186,0.06457921056784277,0.06449981423217832,0.0643916633463234,0.06424287260327441,0.06403344288624155,0.06372751957908435,0.06325497739986005,0.06246111773973222,0.06094167243592971,0.0573822022988652,0.04921072727831627,0.06412578240993799,0.06895367019255505,0.06889856959446,0.06863689327952142,0.06849771240124725,0.010102092609920557,0.12633695473162046,0.1,-3.9423012070966936,-0.026301185805220503,-0.02630192479181476,-0.026303224184242916,-0.026305198930382023,-0.026308041252255887,-0.02631206536103289,-0.026317792930872524,-0.026326124322037372,-0.026338706525466937,-0.02635880092602097,-0.026393595388324767,-0.026461463866290072,-0.026620660346535874,-0.027126352820393537,-0.029350597795425187,-0.02882115969896637,-0.02705752670750175,-0.026648931134942055,-0.02651902981820826,-0.02647500294521024,0.01103872744891719,-0.1749866528580048,1.5,-4.322465220484683,0.029885215608195792,0.029892325970728776,0.029904695810642867,0.0299231879746254,0.029949203387694363,0.029984944410718195,0.030033894542152467,0.0301017264167735,0.030198130689807617,0.03034082386869225,0.030565365144065826,0.030953062037353887,0.03172817196861559,0.033695735119501316,0.03942653130277353,0.0329542641137444,0.029049691017532325,0.028611205171718126,0.02857014847320068,0.02857664455752404,0.7466885246863224,0.6707630958043311,0.0,2.83887871414363,0.2253819886595924,0.2254385692649443,0.2255372457557348,0.22568533102019345,0.2258947972781241,0.2261846785925014,0.2265855183830639,0.227147955210424,0.22796042567544444,0.22918905040514026,0.2311786495850649,0.23475212741014584,0.2423139817775891,0.2633154336596925,0.3378398289119452,0.2888611167340438,0.2336688823333865,0.2237376617132583,0.2211843756541455,0.2204444366175369,1.6190355918867227e-05,0.004700446318627921,1.4,-1122.1714831687052,-0.1876198430321665,-0.1873767605658827,-0.18695644081762453,-0.1863340969456715,-0.1854705310695266,-0.18430637266616395,-0.1827523422402564,-0.18067260276233554,-0.1778555918987621,-0.17396177025766946,-0.16843119148704844,-0.16035217040928273,-0.14865627930434044,-0.13829933292872454,-0.25087209746174466,-0.4983150954729218,-0.3743104107707893,-0.3207652562185572,-0.2985655739038737,-0.2899693827597343,1.2842130050144466e-05,-0.004163902337464336,0.0,1395.2903869184972,-0.2305500208352385,-0.2303751285789701,-0.2300726832162212,-0.22962478709079906,-0.22900311994867195,-0.2281647495254617,-0.22704503591597106,-0.2255454577244933,-0.22351217332954576,-0.2206972755016423,-0.21668898714364104,-0.21080599546055367,-0.20218993268118626,-0.19396464248929848,-0.2707554210300174,-0.44841020364198414,-0.3627047816815505,-0.3251181154239937,-0.30946938706907545,-0.3033994221100249,0.00020313019206071216,0.017029227414298655,1.1,-189.8675295601568,-0.15255538790572487,-0.15255196778235106,-0.1525461328364095,-0.1525376789683186,-0.15252632162146895,-0.1525117141958674,-0.15249351548008686,-0.1524715968280761,-0.15244665428179882,-0.15242207001595265,-0.15241005401450547,-0.1524549377533897,-0.15274321597546026,-0.1543338737537523,-0.16529518352447425,-0.16953860566013645,-0.15998520061352384,-0.15715604907036074,-0.1561282088678766,-0.1557531630482385,4
2022-06-08 16:42:28.225446500,-3.775208801407523,1.7409956470829608,-0.3107348911252236,-0.0570994803448347,-0.14842771086027867,-0.24544770462332435,0,0,0,0,1,0.0,-27.10389406901775,34.36872642549947,-4.403280288385687,8.088245524650155e-05,-0.17217495435318456,-0.030492140955536068,0.2082822584179402,-0.14021307377701847,0.012340304459674292,-0.1374042048384232,-0.07136385522057237,-0.9429699566100972,0.22565805736156386,0.0387119432611819,-0.1041988203550559,0.01129700995223415,0.15752962626750974,175.7328562500074,-15.832757394987118,2.3530796641107012,-9.618308169292083,152.79068605052268,0.05866748756897666,0.14991851127344125,0.17508782301259193,0.07382107345459073,-0.00747220752261961,-0.025141225764653802,-0.0004206403062617445,2.075657537997901,1.0992299638348548,0.4948148246555131,0.38802604488924497,0.3812677509039609,0.5625556528596758,215.82859556733482,15.17784251856465,26.661143843868995,18.228949933875736,719.1152371892225,0.24054060211974135,0.2675478122878808,0.11957299670410992,0.1804985521814012,0.057448522639392235,0.0851140482328198,0.09529609025555162,0,0,0,0,1,0,0,0,0,0,0,0,1,1,0.004529281432536236,0.08465170939355388,1.5,-187.76387814188976,-0.8194529621605575,-0.8193904916009309,-0.8192821329256129,-0.8191208937422019,-0.8188955518151708,-0.8185887461561734,-0.8181735947419444,-0.8176075150141111,-0.8168203232674198,-0.8156896162845619,-0.8139849289202372,-0.8112255046823318,-0.8062670533781602,-0.7961093947243612,-0.7845068558078001,-0.8447883775215068,-0.8466964734221358,-0.8419114523691054,-0.8392973034403122,-0.8381851640238325,0.002118620238376768,0.05739945154046154,0.0,81.0646491888036,0.2361218699897183,0.23608001142588894,0.2360072985510389,0.2358988500955519,0.2357467847760795,0.23553880726130935,0.2352556643854013,0.2348664049765068,0.2343190156991428,0.2335203910069881,0.2322887688563737,0.2302240724041471,0.2262839451741245,0.2170998096785892,0.1964184498291992,0.2357171846113251,0.24777631089110466,0.247436973023796,0.2466713387151003,0.2462756449402328,0.009456453815271763,-0.15726841031356198,0.1,-10.056895666719305,0.0664129366291113,0.06641228879609984,0.06641113964639744,0.06640936999182667,0.06640677729595834,0.0664030237360953,0.06639753504504843,0.06638929363439011,0.06637638411699083,0.06635489627167918,0.0663159295148297,0.06623593662818986,0.06603742199186646,0.06536591734164085,0.062173739220060927,0.06254058507427268,0.06512547893336912,0.06575774698546727,0.0659651298162622,0.06603671639461635,0.012725433006355095,0.1406715913775316,1.4,-3.3738449537396438,-0.02586886073366179,-0.02586814353640132,-0.02586690397117908,-0.025865069929956297,-0.02586252765344291,-0.02585910544037132,-0.02585454638073842,-0.02584846239813285,-0.025840255552903188,-0.02582898268943544,-0.02581313712711155,-0.025790447213861062,-0.02575925871471215,-0.02574170699371664,-0.0261460724743508,-0.026883553032866825,-0.026456520368323157,-0.02628220700970612,-0.02621113534714684,-0.02618381201811781,0.007806962107239656,-0.14117857664610636,1.6,-4.948800692100546,0.028737575049331558,0.028737015200239524,0.028736059159372718,0.028734671864248662,0.02873280369324888,0.028730392363492733,0.028727371692318263,0.02872370064518145,0.028719452425005013,0.02871509151996798,0.028712402010983726,0.028718050810640324,0.028760595389895862,0.029004451760067117,0.030718719601324364,0.031414012254894236,0.029912093320912606,0.02946510064855073,0.029302667441931107,0.029243425715279808,1.2395307595453862,1.7928762762795811,1.6,-1.7487692098816978,0.2106988705307724,0.2106827120564556,0.21065485534827152,0.2106138055428018,0.210557239109294,0.2104817261428161,0.21038229968417108,0.21025181709721055,0.21008010700326152,0.20985325887342374,0.2095554200084488,0.2091869976848056,0.2088931709759867,0.21007210470127072,0.2277332186638704,0.2450821629529902,0.2283159818338655,0.22248730003151712,0.2202319630192152,0.219384506912995,8.77558167902595e-06,0.003280539457161518,1.5,-1118.2859508036247,-0.16791200501654654,-0.16780634809323658,-0.167623113472672,-0.16735053578898373,-0.16696974723453195,-0.16645159093758366,-0.1657509866799245,-0.16479666568672968,-0.1634714747207795,-0.16157183622665627,-0.15871645141826465,-0.1541164098130956,-0.14592191219868764,-0.1294803486752052,-0.11386522185673442,-0.2161658118747596,-0.21604378261293175,-0.20705901837084184,-0.20233070899353575,-0.2003408836072218,9.08560916305219e-06,-0.0033407234498747463,0.0,1400.206136358611,-0.21717614500556687,-0.2171018323291776,-0.21697294928513602,-0.2167812081418248,-0.21651331500929416,-0.21614871982852435,-0.21565563560201184,-0.2149837796710301,-0.2140504308637716,-0.2127116875541475,-0.21069759854324488,-0.2074482496816472,-0.20164477577970172,-0.1899269523687508,-0.17810918399769093,-0.24998996466860035,-0.2506016866270002,-0.24446794734186386,-0.24120619632710394,-0.2398293127765108,0.00019966879438182176,0.0167770657570115,1.4,-186.55444445018367,-0.1504874422761624,-0.15048217476379122,-0.150473055102065,-0.15045952511817795,-0.15044069656244652,-0.150415211789781,-0.15038100305840185,-0.1503348676171683,-0.1502716871585914,-0.15018291878504275,-0.15005351362327254,-0.14985543416306868,-0.14953639817503728,-0.14906129222898645,-0.15015321164481146,-0.15541140850322854,-0.1538430552519281,-0.15297976013958792,-0.15260120824145804,-0.15245138561590854,4
2022-06-08 16:42:30.975446500,-3.3328092937911302,1.6111517004930933,-0.346717861534724,-0.04324351933439235,-0.16368319779198254,-0.35705677031229993,0,0,0,0,1,0.0,-27.0096567908913,34.488257223843306,-4.322518748703498,9.274239107193716e-05,-0.173640456826178,-0.030625967937889964,0.20211461403661848,-0.13689441850587256,0.025172237917029768,-0.1217195291553596,-0.07089023297291497,-1.0238512205902432,0.2639269456113973,0.03110358038822238,-0.10533446352016272,0.0077047566420854535,0.15050541949048052,169.2700125000074,-16.172273819496326,3.638390801660516,-9.3335021407823,152.0263042199673,0.050163167443474994,0.14192199621766066,0.17489611996545587,0.06588428532588614,-0.007104152904146113,-0.028277918803287137,-0.002588920302277806,2.106208905213263,1.119655391279008,0.4978780985011344,0.3877918079872491,0.3820971217493613,0.5664062248245312,216.7715693394339,15.259273399646444,26.82465296368589,18.21176274025023,719.2597840461087,0.2420184226819879,0.26760818627400784,0.11951848516768752,0.1820381896572933,0.05757051927772421,0.08635255250212692,0.09580305390109116,0,0,0,0,1,0,0,0,0,0,0,0,1,1,0.005457196047777327,0.0925919124472659,1.5,-169.62654897214904,-0.8221225097670022,-0.8221117115564933,-0.8220929179690888,-0.8220648038992522,-0.8220252145920508,-0.8219707554885183,-0.8218960427089881,-0.8217922786209853,-0.8216443686945779,-0.8214245656372858,-0.8210767860569415,-0.8204716032226984,-0.8192473826668474,-0.8160779576716042,-0.8063977877819806,-0.8161669054626737,-0.8229078027165673,-0.8237855361496917,-0.8239199229015974,-0.8239354704278203,0.002487461528127764,0.06206031608667036,0.0,75.74208997720682,0.24037324476894906,0.240371233395452,0.2403676791008449,0.24036223669266746,0.2403543232327561,0.2403429739047378,0.24032656314562084,0.2403022384093987,0.2402646854632409,0.2402031705975425,0.2400935264442987,0.2398725227221994,0.2393344400552237,0.23755025044598144,0.22926494680385545,0.2305322465248758,0.2372034421965528,0.2388075204748934,0.2393280283508811,0.2395065494264489,0.007591556217421787,-0.1374419870233784,1.4,-11.532106152586975,0.06702652447313984,0.0670276552442981,0.0670296105171253,0.06703250564782326,0.06703652307242569,0.06704193913990543,0.06704916946325784,0.0670588464800248,0.0670719553554095,0.06709007744348572,0.06711582071693495,0.06715342899418345,0.06720784796121583,0.0672556590409612,0.06672682590385892,0.06557239729165926,0.0661552113198044,0.06640609719107228,0.06650992586325205,0.06655008843634509,0.017531402310689025,0.16325891096656311,1.5,-2.805748509831993,-0.025796942979917914,-0.025796601477509173,-0.025796009348058258,-0.02579512878052217,-0.025793899190746542,-0.02579222707079945,-0.0257899680843416,-0.02578689454941277,-0.025782633311468142,-0.025776538609395758,-0.025767408174999226,-0.02575277806357033,-0.025726973365926088,-0.025676455737436474,-0.025640267993273902,-0.025972223432794258,-0.025959875415720386,-0.025927641519602383,-0.02591125776210259,-0.02590443567251869,0.006034135177091393,-0.11986700708345788,1.6,-5.574314071009512,0.02841444382888025,0.028413610840171463,0.028412168633279944,0.028410028847125568,0.028407050843908987,0.02840301961250663,0.02839760757018708,0.02839030707623788,0.028380306318441326,0.02836624894129841,0.028345741755998244,0.028314312601930444,0.028263557910084863,0.02818726285675008,0.028353795089921887,0.02918522998993478,0.028942235599021773,0.028806980163535667,0.028747538081498943,0.02872399298803686,0.1661568423929116,-2.0280669078833897,1.6,-6.3250122604165675,0.2074460129231801,0.2074348553355858,0.20741552213448208,0.20738680159517156,0.2073467579451108,0.20729241599815568,0.20721920963838125,0.20711999172651255,0.20698317193423252,0.20678898927426614,0.20650146024570887,0.20604948333969236,0.20528089233674768,0.2039172293247984,0.20429242790857696,0.21527097516558846,0.2135662930949576,0.21216696938324764,0.21151260393040608,0.21124750346526944,8.597076528407937e-06,0.0031731623740344048,1.5,-1114.423892387526,-0.17166112874372175,-0.17164124185926255,-0.17160664668259076,-0.17155493334618654,-0.17148218987992436,-0.17138226787697164,-0.17124544538072686,-0.17105589700772586,-0.17078660083206998,-0.17038818393060495,-0.1697616206536452,-0.1686807005472417,-0.16652238472219594,-0.16105613235453475,-0.14524171546542064,-0.16340483266832706,-0.17413738609272045,-0.17530645999387673,-0.1754000640432345,-0.1753741479067843,8.955491888216156e-06,-0.003267628662592475,0.0,1405.10570247646,-0.21997247223896466,-0.21995882309977333,-0.2199350759032086,-0.2198995708183276,-0.21984961211930454,-0.21978096015733686,-0.21968690537369892,-0.219556514067186,-0.21937109133309465,-0.21909641992348128,-0.21866371938731174,-0.21791540803157616,-0.21641564879541164,-0.21259301045895285,-0.201353796802195,-0.2137870324528848,-0.22147498511863614,-0.22236296263574573,-0.22245664702877302,-0.22244929518756784,0.00020467505052085917,0.01695253912058965,1.5,-183.24325567880143,-0.15031758344364832,-0.15031583500719134,-0.15031280056862786,-0.1503082813459411,-0.15030195756745712,-0.15029333292437566,-0.15028163554638496,-0.15026563562414452,-0.1502432904779445,-0.15021099995121112,-0.15016188386967455,-0.15008126072287276,-0.14993276754321716,-0.14961106620942746,-0.1490834115578652,-0.15075383528770736,-0.15097664668593547,-0.15088769416752126,-0.15082997778063145,-0.15080432431073776,4
2022-06-08 16:42:33.725446500,-2.8904082615133966,1.4812628043656917,-0.3827113011248615,-0.029389370015903683,-0.17893250992308785,-0.4685959126379165,0,0,0,0,1,0.0,-26.915430595778947,34.607783068570406,-4.24176412611468,0.00010460232689737272,-0.17510575838021136,-0.030759874673663094,0.19594801420773314,-0.13357661140032578,0.037998576241814214,-0.10603209735300967,-0.07041584683181155,-1.0946325335089535,0.2992272149044247,0.02268750274924457,-0.10615296920211262,0.0037630691818659173,0.14092556710128898,162.8071687500074,-16.50953897088331,4.925808508932503,-9.047001011284877,151.3385258463806,0.04164209373069409,0.13391790643722745,0.17455726099923125,0.058020786138080364,-0.006443033273833137,-0.03105721194183975,-0.004747723922599231,2.1226657076456257,1.1349999123449326,0.5014188041657688,0.3876062851525667,0.3830448247526292,0.5724051556232755,217.51812059320872,15.331283437870601,26.92939993441397,18.190639719111296,719.3907242686303,0.2432300699015124,0.267427822394145,0.11942948992750213,0.1831374606805337,0.05785466061148128,0.08708931513943126,0.09625051519233586,0,0,0,0,1,0,0,0,0,0,0,0,1,1,0.0067497367731131795,0.10290439741751946,1.6,-151.48848882622468,-0.8240481189420414,-0.8240493591980496,-0.8240514858923191,-0.8240545927286398,-0.8240588192220724,-0.8240643575299131,-0.8240714557294666,-0.824080402486933,-0.8240914433384723,-0.8241044558549975,-0.8241177224911875,-0.8241228446825817,-0.8240790832329332,-0.8237331971801765,-0.8209902977046308,-0.8195396571681068,-0.8219859035503552,-0.8227417786925084,-0.8230209964531485,-0.8231236529211194,0.0029052255233596954,0.06730890545701836,0.0,70.41688661688794,0.2419690381271433,0.2419718938275404,0.2419768311108026,0.24198414010908745,0.2419942793516432,0.2420079427090598,0.2420261722368817,0.2420505504038466,0.2420835348559651,0.24212905178351465,0.24219352130420324,0.2422871873949441,0.2424208663139018,0.24252716799623264,0.2411132056531529,0.23819092989706905,0.23972832496301244,0.2403793859134276,0.2406476141757825,0.24075117607008625,0.006136682834346846,-0.1207628603763406,1.5,-13.00783670364182,0.06711925920387385,0.06711975389762759,0.067120611809383,0.06712188801328911,0.06712367082750527,0.06712609672614422,0.067129376703006,0.06713384429910074,0.06714004774054139,0.06714893954946616,0.0671623034386245,0.06718382878448452,0.06722216118729829,0.06729900749383994,0.06737134209364487,0.06689216066381931,0.06689341150683104,0.06693568260818045,0.06695789567375987,0.06696723936206903,0.02632140619484702,0.19674180508646816,1.5,-2.2377333973281024,-0.025806322212866658,-0.02580625213080734,-0.025806130270804282,-0.0258059482405123,-0.0258056924388054,-0.02580534153688831,-0.025804861907977136,-0.025804199018131867,-0.025803260187859958,-0.025801877088396027,-0.025799714711201405,-0.025796015687504118,-0.02578872516428389,-0.025770676385375585,-0.02572153929741354,-0.025786108493162457,-0.02581842226431348,-0.025821076829977488,-0.0258209026601971,-0.02582063265808107,0.004934077480988415,-0.1058743587048502,1.7,-6.199530344975583,0.028388688598550264,0.02838841448039553,0.028387938730705775,0.028387230160076937,0.02838623858968858,0.02838488612569695,0.028383051599454617,0.028380541899300223,0.028377036150030094,0.02837196852973725,0.0283642569333849,0.028351589790090392,0.028328231353775712,0.028277494862196745,0.028193133412416967,0.028454880063557064,0.02849118154157995,0.02847759957226956,0.02846867574001677,0.028464698008782895,0.06415380359800105,-0.6449317963964158,1.7,-10.897994348061971,0.2074551645630871,0.2074522441417608,0.20744717151147773,0.20743960695342056,0.2074290021522297,0.20741450211778933,0.2073947688936244,0.20736765339828456,0.20732954801795256,0.2072740041496075,0.20718845669453603,0.20704532312258947,0.2067730436938116,0.20614231947804967,0.2047538581511122,0.20750073402432967,0.20829659922553287,0.20826072752475308,0.2082030850283177,0.20817397443328564,9.06948011623346e-06,0.0032633725716504,1.6,-1110.5612680473607,-0.17482325940790133,-0.17482472833175675,-0.17482723453136373,-0.17483086588207186,-0.17483574497300935,-0.17484202128773066,-0.17484984237735546,-0.1748592650247076,-0.1748699922211827,-0.17488057178537986,-0.17488574672806936,-0.17486638090102954,-0.1747417257141315,-0.17405165522105293,-0.1692804342547909,-0.16743253683248227,-0.17160189023964634,-0.17283551905095962,-0.1732826039631732,-0.17344544181687738,9.136187972549786e-06,-0.003302021801974296,0.0,1410.0058061240697,-0.2222162732421964,-0.22221743738899136,-0.22221942734144307,-0.22222231961552552,-0.2222262240522639,-0.22223128235359013,-0.2222376549676497,-0.22224547170868192,-0.2222546720559606,-0.22226449399297368,-0.2222717299835466,-0.2222639478985542,-0.22218682073656384,-0.2217233458387966,-0.2183950201735101,-0.21696914283528912,-0.21989500354943914,-0.22077201001454586,-0.22109170949637047,-0.2212084886522732,0.00021197951105053132,0.017260153481456382,1.5,-179.9323507751289,-0.1504309400150845,-0.15043071983266287,-0.15043033577661016,-0.15042975928132485,-0.15042894355651093,-0.15042781415935202,-0.1504262515229513,-0.1504240571822626,-0.15042088402054965,-0.15041607879058286,-0.15040828227984449,-0.15039424053442474,-0.15036440501463355,-0.1502810146692628,-0.1499817399774228,-0.15017225052038974,-0.1503948296226194,-0.1504353721399294,-0.15044590067267904,-0.15044897827893733,4
2022-06-08 16:42:36.475446500,-2.4479808697192538,1.3513469391610244,-0.4187072313505961,-0.01553530554751432,-0.19418074855885165,-0.580126992812824,0,0,0,0,1,0.0,-26.821162648601607,34.727338872357905,-4.1610087759776055,0.00011646226272280828,-0.1765712864879661,-0.030893755338802575,0.18978085342720336,-0.1302587721436194,0.05082449478900751,-0.09034324347702856,-0.0699411452406526,-1.1553139391082459,0.33155871007037885,0.013463727851008064,-0.10665433793076444,-0.0005280604565121778,0.1287900154355416,156.3443250000074,-16.84455886677333,6.215325264442392,-8.758813717344752,150.72735092976282,0.033104330479351976,0.12590632216524386,0.17407130956695258,0.05023054123283752,-0.005488830009016809,-0.03347909573276931,-0.006897080000611089,2.128479215490485,1.146081031999499,0.5054453163018311,0.3874829355477673,0.3841131069928821,0.5808511158161123,218.07026666221654,15.394164430836566,26.975786497073393,18.165498897167627,719.5079287945633,0.24417794409800145,0.267005606093666,0.11931200765571795,0.18381503385820436,0.058353366790490586,0.08743589538406209,0.09663998067753142,0,0,0,0,1,0,0,0,0,0,0,0,1,1,0.008534642187962951,0.1155304956259319,1.6,-133.34902148254642,-0.8245626559377719,-0.8245640743754609,-0.8245665307164582,-0.824570176357577,-0.8245752525032284,-0.8245821284345576,-0.8245913678755761,-0.8246038467651449,-0.8246209712190469,-0.8246451036686571,-0.8246804494577507,-0.8247349950182454,-0.8248243626290437,-0.8249656040891726,-0.8247435076955538,-0.8233329383090053,-0.8236953572480745,-0.8239120149233621,-0.8240085371384951,-0.8240469654089353,0.003373675069303677,0.07270561867518427,0.0,65.09033877111577,0.2422182439099041,0.24221952503819025,0.2422217466774912,0.24222505121851426,0.2422296669448229,0.24223594648765445,0.24224443476561675,0.24225599263842845,0.2422720338390567,0.2422950117427325,0.24232951264241365,0.24238499680749134,0.24248352078187874,0.24267965691600435,0.242851373066616,0.2416090912555753,0.2416253715950112,0.2417383113671543,0.2417970304446217,0.2418216510621657,0.005043066656818198,-0.10724930655669147,1.5,-14.483677453034348,0.06710187282726388,0.0671019662678567,0.06710212881399348,0.0671023717833783,0.06710271354701569,0.0671031829759029,0.06710382571609885,0.0671047160594247,0.0671059808365102,0.06710785173197542,0.06711079329164626,0.0671158662937919,0.06712599076607711,0.06715161088162186,0.0672255727545284,0.06714020302902879,0.06709006138807905,0.06708464459112634,0.06708423107551814,0.06708436218566875,0.044438126598980665,0.24795680565449685,1.6,-1.6697188558133615,-0.02581620739231133,-0.0258162099023109,-0.02581621412068613,-0.025816220080109697,-0.0258162277731914,-0.025816237058221045,-0.0258162474435909,-0.025816257576609863,-0.025816263960818563,-0.02581625746800834,-0.025816212728064253,-0.025816050316995975,-0.025815467008092667,-0.02581286200088073,-0.02579696697571904,-0.02579314935019456,-0.02580674209459361,-0.025810570727986062,-0.02581192649700401,-0.025812414518233587,0.004141784847478208,-0.0953065447289996,2.0,-6.824702675446567,0.028406772475504268,0.02840673862110332,0.028406679560749493,0.028406590885116656,0.02840646536817482,0.028406291505776612,0.028406050804950067,0.02840571253834795,0.028405222897292002,0.02840448046847008,0.028403273866875217,0.02840109594034168,0.02839645436305327,0.028383423945928743,0.0283362755911179,0.02836547086837543,0.028400640481570982,0.028407126014760406,0.028408831482345243,0.02840933539062085,0.0345438256947096,-0.3851457793286983,0.1,-15.470697673856325,0.207741284668878,0.2077411222589649,0.2077408360795765,0.20774039975254774,0.20773976896707835,0.20773887087085616,0.2077375836685834,0.20773569547301807,0.20773281520860432,0.20772816073558886,0.20771998911984912,0.20770378920175106,0.2076650521008472,0.20753912356092669,0.20696858771349186,0.20707929036291628,0.20753570355645656,0.20764334691886646,0.20767785061805225,0.2076895980601974,9.304236787934366e-06,0.003315917650747192,1.6,-1106.6963882828522,-0.17572325877929984,-0.17572555446072613,-0.175729528983112,-0.17573542561251546,-0.17574363147257088,-0.17575473826807553,-0.17576964719832944,-0.17578975417191597,-0.17581729006172608,-0.17585597858910873,-0.17591237993763542,-0.17599871843475867,-0.17613779755315306,-0.17634498767982265,-0.17586931726223656,-0.17357646294740192,-0.17426011804133168,-0.1746365977647315,-0.17480169851229732,-0.1748670419770466,9.17215283090064e-06,-0.0033135281791669,0.0,1414.9075220667844,-0.22284309388834345,-0.2228447299841889,-0.2228475627719888,-0.22285176600595946,-0.22285761628877765,-0.2228655366114225,-0.22287617166480803,-0.2228905210088428,-0.22291018427912945,-0.22293783694317426,-0.22297820767096965,-0.2230401606114718,-0.2231404852212897,-0.2232927866280008,-0.2229789799615816,-0.22134704683536202,-0.22181322628920694,-0.22207593783953428,-0.22219167673100595,-0.2222375631941436,0.00021971307176026203,0.017589668777914017,1.6,-176.62139163434387,-0.15048965356444555,-0.15048972014965045,-0.1504898349628565,-0.15049000420511582,-0.15049023752695945,-0.1504905492010753,-0.15049095995515316,-0.15049149972931095,-0.15049221148223602,-0.15049315485883508,-0.15049440090500266,-0.15049596422350842,-0.1504973039211288,-0.1504929392781591,-0.1504228124594471,-0.1503515070847916,-0.1504183982722127,-0.1504418369823397,-0.15045093150963584,-0.15045435300961296,4
2022-06-08 16:42:39.225446500,-2.0055433735295165,1.2214245126847556,-0.4547032226594109,-0.0016811177339255152,-0.20942910617833504,-0.6916610124787623,0,0,0,0,1,0.0,-26.726877081417776,34.846907023830845,-4.080252556351114,0.00012832219854824384,-0.17803692212445954,-0.0310276185113729,0.1836133794300508,-0.1269408465231336,0.06365073523604013,-0.07465407727380775,-0.06946638695380784,-1.205895448177917,0.3609214261089119,0.0034322794795650174,-0.10683856809653357,-0.005168636354795335,0.11409874660929573,149.88148125000743,-17.177334399398607,7.506939722297571,-8.468941708418173,150.19277947011375,0.024549888635605355,0.11788725695766487,0.1734382755174896,0.04251354616401338,-0.00424153991961434,-0.035543569596255466,-0.009036993417745344,2.126718993678196,1.1536080011942902,0.5099605290583009,0.38743442985464255,0.3853031248653589,0.5919645203571807,218.4294818037772,15.448187155406034,26.96382501964096,18.136251875230304,719.6112433494701,0.24486351724069594,0.26633971802064965,0.1191714723737342,0.18408625290009006,0.05911091589826953,0.08749133698814192,0.09697282967515003,0,0,0,0,1,0,0,0,0,0,0,0,1,1,0.011135755943500143,0.13148277924686974,1.7,-115.20907212420474,-0.8245948021594351,-0.8245952434624879,-0.8245960095039724,-0.8245971507372012,-0.8245987483908391,-0.8246009286825045,-0.8246038882103539,-0.8246079408447367,-0.8246136093062773,-0.8246218181740606,-0.8246343432121015,-0.8246550018601959,-0.8246933677565538,-0.8247779792272767,-0.8249297066118282,-0.824509677101517,-0.8244379397789494,-0.8244562686399639,-0.8244694186914523,-0.8244753912712732,0.0039460898171660855,0.07872713202435225,0.0,59.763499503754176,0.2421762063437605,0.2421764544249152,0.2421768859190401,0.24217753076494564,0.2421784375352405,0.2421796825119573,0.24218138619191046,0.2421837444687225,0.2421870912929669,0.2421920355964773,0.2421997954895856,0.24221314384100845,0.242239679520599,0.24230637381631714,0.2424955390701815,0.2422682720399407,0.2421411638068223,0.2421283826990672,0.24212783522458656,0.2421283784119729,0.0042200537133614095,-0.09638991804876927,1.6,-15.959515713191376,0.06708707415467696,0.06708706738833392,0.06708705584758158,0.06708703913427749,0.06708701669599537,0.0670869878666156,0.06708695200851089,0.0670869089420717,0.06708686020436899,0.0670868128603529,0.06708679205169488,0.0670868885669828,0.06708748370149631,0.06709074299154237,0.06711315848935268,0.06712170791504429,0.06710213680813631,0.0670963570131261,0.06709426412635011,0.06709350217900728,0.09248662840153504,0.33507497324656443,1.6,-1.1016974679553606,-0.025819223997366345,-0.02581923106022066,-0.025819243284590385,-0.025819261412339548,-0.02581928662237092,-0.02581932071292478,-0.02581936641506453,-0.025819427942424537,-0.025819511991479485,-0.0258196296472167,-0.02581980017704454,-0.0258200585795995,-0.025820465779438136,-0.0258210235558296,-0.02581912756463931,-0.025812036532349945,-0.025814501236412633,-0.02581575564059698,-0.0258162966507313,-0.02581650940492647,0.003530231500672685,-0.08669997353085962,1.3,-7.4498837812595955,0.028416017022316664,0.02841602771955365,0.028416046167515807,0.028416073367306893,0.028416110878336513,0.028416161010067113,0.028416227123385537,0.028416314088487687,0.028416428931006068,0.02841658150911061,0.02841678391706845,0.028417040440584768,0.02841727104320263,0.028416629039121538,0.028405684258184568,0.02839425609879453,0.02840473394308632,0.028408428054273183,0.028409864566287663,0.02841040553820318,0.02175303530656964,-0.2746702233195497,1.4,-20.043576260269493,0.20785135814189012,0.20785154888781632,0.2078518786224557,0.2078523666330692,0.207853043377092,0.207853954890284,0.2078551701937592,0.20785679385223665,0.207858987681663,0.20786200872295912,0.2078662729663726,0.20787242804531456,0.2078810669534803,0.2078870501564467,0.20778653852292472,0.20759082815849705,0.20769858640000052,0.20774342218136832,0.20776180219181267,0.2077688839730888,9.396537646065068e-06,0.0033365931128485253,1.7,-1102.830683208768,-0.17579717817956464,-0.17579793602668306,-0.17579925128649165,-0.17580121012794336,-0.17580395116910094,-0.17580768955941295,-0.17581275991306455,-0.17581969538509767,-0.17582938157407926,-0.17584337941906014,-0.17586467227255298,-0.17589962716482432,-0.17596401772805592,-0.17610356413895897,-0.17633286840589335,-0.17560888982202982,-0.1755118091828649,-0.1755502317079376,-0.17557520350028,-0.17558630696216326,9.128334636337132e-06,-0.0033069773333816157,0.0,1419.8098164171854,-0.2228909928500684,-0.22289152295238068,-0.22289244300972652,-0.22289381339425066,-0.2228957312483857,-0.22289834739773084,-0.2229018965216838,-0.2229067527656241,-0.2229135380905376,-0.22292334990703466,-0.22293828872068389,-0.2229628472383496,-0.22300819700124208,-0.2231069995433046,-0.22327386671262414,-0.22276800641647296,-0.22269469301228284,-0.22272013029829907,-0.2227371029893881,-0.22274469436104027,0.0002276981378709144,0.01792439007662192,1.6,-173.31038679665303,-0.15050256949955454,-0.15050261446095625,-0.1505026923696171,-0.15050280811247596,-0.1505029694976443,-0.15050318852799371,-0.15050348362944987,-0.1505038836533057,-0.15050443540909075,-0.1505052187596858,-0.15050637927990396,-0.15050820512213692,-0.15051131525636266,-0.15051686033713274,-0.1505156196550228,-0.15047140205852028,-0.15047804481644533,-0.1504836235410565,-0.15048623979495754,-0.1504873007546974,4
2022-06-08 16:42:41.975446500,-1.5631038856337212,1.0915017280430788,-0.4906990084726808,0.012173125584005157,-0.22467760232438586,-0.8031968801050057,0,0,0,0,1,0.0,-26.632586435869023,34.96647864224055,-3.999496057933997,0.00014018213437367945,-0.17950258954575113,-0.031161475683694338,0.1774458096453976,-0.12362288766190865,0.07647713760689065,-0.058964901255249814,-0.06899163010476735,-1.2463770664940002,0.3873153766417624,-0.007406826121002066,-0.1067056495510428,-0.010158672112556671,0.0968517577152428,143.41863750000746,-17.507865554478535,8.800651919612816,-8.177385036608278,149.73481146743353,0.015978768101749603,0.10986071120546674,0.17265815870668835,0.03486980039574989,-0.002701163989938825,-0.0372506342008774,-0.011167464186653714,2.120212637735151,1.1582112328358083,0.5149620439402334,0.3874726282786418,0.3866149557399857,0.6058838263325266,218.596717137314,15.493602363009234,26.89314625396939,18.102805883686763,719.7004884375905,0.2452873900328652,0.2654276434693481,0.1190127782650605,0.18396352485204484,0.0601620705903963,0.0873463506290629,0.097250320516817,0,0,0,0,1,0,0,0,0,0,0,0,1,1,0.015185696811843754,0.15248446052028794,2.0,-97.06905807631901,-0.8245624490232544,-0.8245624938457645,-0.824562572165835,-0.8245626900513248,-0.8245628574939197,-0.8245630905024139,-0.8245634150171917,-0.8245638745589607,-0.8245645462211161,-0.8245655772860858,-0.8245672797068186,-0.8245704164226404,-0.8245772867710999,-0.8245973303612537,-0.8246749118544914,-0.8246375501683785,-0.8245783222785958,-0.8245663667600351,-0.8245629500713725,-0.8245618722041992,0.004680128172769497,0.08578545892385436,0.0,54.43666402915032,0.24213821295003515,0.24213819660107205,0.2421381687500581,0.2421381284972943,0.2421380746229982,0.24213800572827715,0.2421379206668699,0.2421378197735589,0.2421377083472507,0.24213760698312334,0.2421375851188339,0.24213788689741225,0.2421395212401217,0.2421481525079683,0.2422064188394355,0.2422274261366668,0.2421767079669407,0.242161830269394,0.2421564595650253,0.24215450729762375,0.0035876263374020664,-0.08753640758577541,1.6,-17.435343436870333,0.06708284346388528,0.06708283291875339,0.06708281466359511,0.06708278758403541,0.0670827499074862,0.06708269892631546,0.06708263052027298,0.06708253831506689,0.06708241214112687,0.06708223506681976,0.06708197738505728,0.06708158416114103,0.06708095495245026,0.06708004037549302,0.06708242703511191,0.06709297637193595,0.06708966752633821,0.06708789335971865,0.0670871195575291,0.06708681393923516,0.3166367429949681,0.5163573821653799,1.7,-0.5336733786454139,-0.025819536178522784,-0.025819538677848843,-0.02581954301440049,-0.02581954947037156,-0.0258195584992501,-0.025819570803873586,-0.025819587475209568,-0.025819610247070014,-0.02581964198959229,-0.025819687738336008,-0.02581975705529276,-0.02581987014897292,-0.025820076247510315,-0.02582051236941046,-0.02582113777963916,-0.025818738996517474,-0.02581852812691153,-0.025818683915830892,-0.025818776270540543,-0.025818816433789225,0.003045658820058891,-0.07949679837823438,1.4,-8.075072102114136,0.028418030795343663,0.028418037867694142,0.028418050122818176,0.028418068329838838,0.02841809371772397,0.02841812817590733,0.028418174605381038,0.02841823754951828,0.028418324381957155,0.028418447688438875,0.028418630425556837,0.028418918084112763,0.028419408610847074,0.02842028587798345,0.02842011806528205,0.028413165045294037,0.02841418709667615,0.028415058540401914,0.02841546798270797,0.028415634129225795,0.015022738535586666,-0.2133565834752192,1.5,-24.61654695863346,0.20786917080743092,0.20786925859493,0.2078694108184327,0.2078696372145588,0.20786995338826889,0.20787038343380848,0.20787096456115928,0.20787175550651094,0.2078728526222856,0.20787442286254654,0.20787677763663104,0.20788055704170694,0.2078872436324104,0.20790043474686948,0.20791085020860636,0.2078256094331159,0.20782785385607092,0.2078358931718267,0.20784002009313485,0.2078417437958026,9.455557228787016e-06,0.003348241847541136,2.0,-1098.9648531437801,-0.17574638979897372,-0.17574647390134146,-0.17574662075952574,-0.1757468415808887,-0.1757471547850713,-0.17574758980839533,-0.1757481941976735,-0.17574904741701405,-0.1757502895930685,-0.17575218701274056,-0.17575530018727292,-0.17576098988860522,-0.1757733202048577,-0.1758087694735373,-0.17594261381402987,-0.1758715108162967,-0.17577017500124725,-0.17575034838393574,-0.17574483375151928,-0.17574312892752264,9.06691186132354e-06,-0.003295491087516721,0.0,1424.7121955842551,-0.2228542821885071,-0.22285433826874626,-0.22285443623536594,-0.22285458363506905,-0.22285479288613885,-0.2228550838656389,-0.22285548874413053,-0.22285606141698366,-0.2228568971943048,-0.22285817780051784,-0.22286028725341825,-0.22286416219512967,-0.2228726160961294,-0.22289714699817156,-0.22299124450247376,-0.22294424590793935,-0.22287262280103093,-0.22285832475640888,-0.22285427688407464,-0.22285300882855094,0.00023605828133173531,0.018268141158257863,1.7,-169.99936897447589,-0.15050249709388908,-0.15050250849869504,-0.1505025283078396,-0.15050255784715286,-0.15050259925645015,-0.15050265587184164,-0.15050273291313765,-0.15050283876281156,-0.1505029874885082,-0.150503204226907,-0.15050353793334506,-0.15050409599770465,-0.15050515672581222,-0.1505076099128626,-0.15051297830221433,-0.15050224662087608,-0.1504991835928564,-0.15049933564743154,-0.1504995648723817,-0.15049968000827918,4
2022-06-08 16:42:44.725446500,-1.1206631479856315,0.9615788568278284,-0.5266945900191701,0.026027394250131,-0.2399261543121437,-0.9147333622666214,0,0,0,0,1,0.0,-26.538292515799927,35.08605269322893,-3.9187393528116514,0.00015204207019911499,-0.18096827715013186,-0.03129533077512387,0.17127818608903547,-0.12030491474550355,0.08930359435464648,-0.04327570210638172,-0.06851687041215092,-1.276758797674982,0.4107405499771785,-0.01905357795007972,-0.10625555228954828,-0.015498209230064229,0.07704906473659295,136.95579375000747,-17.83615217568227,10.096462000609051,-7.884143525337818,149.35344692172208,0.007390967722379299,0.10182668344439733,0.17173095818224954,0.027299304331424263,-0.0008677071645095405,-0.0386002896297196,-0.013288491440590279,2.111628864954956,1.160462688047562,0.5204424203613164,0.3876085584414811,0.3880476132341178,0.6226668600682116,218.57241332922817,15.530642346022473,26.762991584726464,18.065063999316465,719.7754593250502,0.2454493165257839,0.264266147523193,0.11884028810314982,0.18345661092069826,0.061531130960026124,0.087085945452913,0.09747359895239638,0,0,0,0,1,0,0,0,0,0,0,0,1,1,0.022049469841951372,0.18146777282097,1.3,-78.92906000469144,-0.8245461779513388,-0.8245461499429663,-0.8245461015683544,-0.824546030073062,-0.8245459311280836,-0.8245457982360676,-0.8245456217535431,-0.8245453872843291,-0.8245450730425237,-0.8245446456761854,-0.8245440549285118,-0.8245432365702836,-0.8245422126929387,-0.8245422760702386,-0.8245621493577729,-0.8245913227091929,-0.8245712268629051,-0.8245635066865311,-0.8245604168704248,-0.8245592384367878,0.005648962949255147,0.09424571078418616,0.0,49.10985500276111,0.242126749602388,0.24212671929327104,0.242126666829984,0.2421265890209656,0.24212648079242086,0.2421263344005227,0.2421261380748865,0.2421258736349601,0.24212551214102684,0.24212500557248595,0.2421242701340001,0.24212315246329166,0.24212137989614124,0.24211888951087454,0.24212650036644526,0.2421568856031591,0.24214674774514355,0.2421414814607078,0.2421391999673046,0.2421383012059007,0.003090417237958407,-0.08018053183502166,1.7,-18.91116723969576,0.06708253744601089,0.06708253484247527,0.06708253032265897,0.06708252358810096,0.06708251415809796,0.06708250128529425,0.0670824838047458,0.06708245985481431,0.0670824263311991,0.06708237773376187,0.06708230347409022,0.06708218071120331,0.06708195183435195,0.06708144290893002,0.06708049484135736,0.0670829683587067,0.06708343580297138,0.06708333943093647,0.06708326589588283,0.06708323209490223,3.0341081200417355,1.1248266659050077,0.0,0.034351168255682636,-0.02581939152026038,-0.0258193917488418,-0.025819392148094263,-0.02581939274867473,-0.02581939360100735,-0.025819394785760917,-0.025819396433404952,-0.02581939876233629,-0.025819402158398383,-0.0258194073564322,-0.025819415907226653,-0.025819431587270302,-0.02581946571835017,-0.02581956444749097,-0.02581994115473913,-0.02581974900694944,-0.025819462782074004,-0.025819406020809912,-0.025819390044172733,-0.025819385060381096,0.0026556546393797765,-0.07338747854274323,1.5,-8.700262459960745,0.02841800700806452,0.02841800869493538,0.028418011625264476,0.02841801599585958,0.02841802212450661,0.028418030507026237,0.02841804191991615,0.028418057611689033,0.028418079680942118,0.02841811188536145,0.028418161563833283,0.02841824487962422,0.02841840398448428,0.028418775356930187,0.028419615676776425,0.028418032319809244,0.028417540593384305,0.028417552795647394,0.02841758316118538,0.028417598936386037,0.01103399191648525,-0.17438520266298352,1.5,-29.189538186479577,0.20786646432470854,0.2078664805085051,0.20786650865903056,0.20786655073233276,0.20786660990256545,0.20786669115607287,0.207866802372346,0.20786695636727012,0.2078671750018286,0.20786749816799774,0.2078680057438336,0.20786887979915114,0.2078706202232815,0.20787500706916995,0.20788754281727573,0.20787273350604885,0.2078642782436919,0.20786340104052825,0.2078633503878805,0.2078633805324539,9.514703397355343e-06,0.0033592422000414033,1.2,-1095.099043587897,-0.17571629274124234,-0.17571626046034794,-0.17571620499293772,-0.17571612368999467,-0.17571601253264646,-0.17571586580923082,-0.17571567573281044,-0.17571543219756336,-0.17571512346785312,-0.17571474084338234,-0.17571429972252162,-0.17571393514559475,-0.1757144119352425,-0.17572086466504902,-0.1757784107143081,-0.17581498743306412,-0.1757628846495578,-0.1757462878948921,-0.1757400787943766,-0.1757377820888255,9.005998071160354e-06,-0.0032837214088694586,0.0,1429.6145593340848,-0.2228331170163642,-0.2228330913712284,-0.22283304724993516,-0.22283298244514071,-0.2228328935741644,-0.22283277575132845,-0.22283262213947808,-0.2228324234404795,-0.222832167713122,-0.22283184222594346,-0.22283144485662376,-0.2228310419652928,-0.2228310964377513,-0.22283497397533125,-0.22287390960281075,-0.2229023896308462,-0.2228666623838933,-0.22285498423471492,-0.22285056982220475,-0.22284892892481345,0.00024488389894271583,0.018624468268372118,1.2,-166.6883500229898,-0.15050130230785186,-0.1505013013232901,-0.15050129963227832,-0.1505012971553228,-0.15050129377232935,-0.1505012893135067,-0.15050128354974746,-0.15050127618909934,-0.15050126690724494,-0.15050125551351545,-0.1505012426618304,-0.1505012329960329,-0.15050125170039808,-0.1505014645322369,-0.15050330669397738,-0.15050442967783173,-0.15050276786429828,-0.15050224231065412,-0.15050204630690803,-0.15050197388931694,4
2022-06-08 16:42:47.475446500,-0.6782202686896239,0.8316554977794663,-0.5626897257777068,0.039881728863000905,-0.2551747809889743,-1.0262705062181998,0,0,0,0,1,0.0,-26.44400673370632,35.205622233407134,-3.83798187351812,0.00016390200602455057,-0.1824339337273451,-0.031429197014145205,0.1651106209566295,-0.11698693017862967,0.10213013691122944,-0.02758642945294065,-0.06804211834041249,-1.2970406663109986,0.4311968624334275,-0.03150805644583607,-0.10548825851952784,-0.021187280075343887,0.05469075298865938,130.49295000000748,-18.162194110587574,11.394370121208981,-7.589215732038123,149.04868583297952,-0.0012135157490704516,0.09378516138494868,0.17065667532742995,0.019802064887126915,0.0012588207749061164,-0.03959253314100029,-0.015400072120688347,2.1035193441412896,1.1608902017959284,0.5263894772754857,0.3878523805751834,0.38959906802734895,0.6422970400454887,218.35650642269147,15.559522450526304,26.572190993834713,18.022924331859148,719.835926015163,0.24534820769848376,0.26285122401704764,0.1186578367690451,0.1825728322487912,0.06323165018008348,0.08679095791510523,0.09764370688308954,0,0,0,0,1,0,0,0,0,0,0,0,1,1,0.03520438818600903,0.22406196745572565,1.2,-60.7890718383148,-0.8245398411030154,-0.8245398290115045,-0.8245398082220659,-0.8245397777187113,-0.8245397359521265,-0.8245396807025847,-0.8245396089029029,-0.8245395164744442,-0.8245393984166809,-0.8245392501262103,-0.8245390740558437,-0.8245389113335484,-0.8245390150142211,-0.8245411435830674,-0.8245611324101021,-0.8245746995108763,-0.8245564918122652,-0.8245506232538782,-0.8245484172187656,-0.8245475993452253,0.00696570355572295,0.10456785343564884,0.0,43.78305524437298,0.24212456627847345,0.24212455889364734,0.2421245461426427,0.24212452730599174,0.2421245012547848,0.2421244662988036,0.2421244199382775,0.2421243584610244,0.2421242762952021,0.2421241650303192,0.2421240123602686,0.2421238040442839,0.24212355543499875,0.24212365435786756,0.2421293406588767,0.2421370707028592,0.2421313991785774,0.2421292644193307,0.24212841562397944,0.2421280928188945,0.0026918172392509433,-0.07396714202326402,1.3,-20.38699019045184,0.06708308230182336,0.06708308398889984,0.06708308689863185,0.06708309118941136,0.06708309710811401,0.06708310502068349,0.06708311546038404,0.06708312920156889,0.06708314736518306,0.06708317153469645,0.06708320368833681,0.06708324470393108,0.06708328267311893,0.06708318758460219,0.06708149492724946,0.06707969542868075,0.06708131994949385,0.06708189511395901,0.06708211911138734,0.06708220352405009,0.2593500485185778,-6.3055406179082025,0.0,0.6023756931471771,-0.025819269384837862,-0.025819268912581076,-0.025819268095747742,-0.025819266885737824,-0.025819265205578097,-0.025819262938424875,-0.02581925990802432,-0.02581925584502679,-0.02581925032722748,-0.0258192426702564,-0.025819231725904508,-0.025819215553471938,-0.025819191492040164,-0.025819166386740956,-0.025819359354136588,-0.025819839138300504,-0.025819619034670838,-0.0258195204479498,-0.025819479213694048,-0.02581946319449557,0.0023373160220826485,-0.06814783702466365,1.6,-9.325453015314686,0.028417786802615863,0.028417786431891082,0.028417785792689387,0.02841778485056279,0.028417783551919262,0.028417781817552727,0.028417779532540155,0.02841777653112465,0.028417772576070036,0.028417767339603217,0.028417760436810463,0.028417751816718236,0.028417744598065342,0.028417769824388924,0.02841816529222188,0.028418562727168806,0.028418186100842624,0.02841805448399506,0.028418003465084524,0.028417984278143345,0.008469666888906824,-0.14744617938869056,1.6,-33.76252971987807,0.20786346896269148,0.20786346451600268,0.20786345685261187,0.2078634455658328,0.2078634300249078,0.2078634093018024,0.2078633820593452,0.20786334638980647,0.20786329961343294,0.20786323816760888,0.20786315834456887,0.20786306212560668,0.20786299608817016,0.2078633777850052,0.2078685508521586,0.20787335451972988,0.20786847813991394,0.20786680398525925,0.20786615918906334,0.20786591741849952,9.577291873639876e-06,0.003370756649655593,1.9,-1091.233253467369,-0.17570571262110946,-0.1757058137167462,-0.1757059895991233,-0.17570625254919034,-0.17570662250986402,-0.17570713083942735,-0.17570782715242214,-0.17570879227295322,-0.17571016434197514,-0.17571219606988464,-0.17571539510223033,-0.17572092350060586,-0.1757319913523787,-0.17576014912539506,-0.17584255250309866,-0.1757503920802037,-0.17569415232542696,-0.17568776224553773,-0.17568713274520675,-0.1756872100031952,8.94719672835298e-06,-0.0032722846840450644,0.0,1434.5169098670751,-0.2228252240629729,-0.22282528624378986,-0.2228253944789742,-0.2228255564238566,-0.22282578453213372,-0.22282609843516354,-0.22282652929211366,-0.2228271280695324,-0.2228279823191741,-0.2228292532238001,-0.22283126719636212,-0.22283477939897975,-0.2228419071867016,-0.22286045951068445,-0.22291783958684874,-0.22286172562579765,-0.22282153964246376,-0.2228161208590933,-0.22281522181940794,-0.22281508802576155,0.0002542265624541562,0.018995021140669918,1.4,-163.37733134288518,-0.15050038151248302,-0.1505003761266117,-0.15050036680510814,-0.15050035298289366,-0.1505003337621602,-0.15050030777378964,-0.15050027293920998,-0.15050022605312566,-0.1505001620252564,-0.15050007243880434,-0.15049994268981948,-0.15049974634394658,-0.15049943783842726,-0.1504990202366816,-0.15050050807529836,-0.15050591903438715,-0.1505040044237682,-0.1505030385080537,-0.15050262275552928,-0.15050245936661932,4
2022-06-08 16:42:50.225446500,-0.2357841119288349,0.7017357522874901,-0.5986843654878878,0.05373619109819161,-0.27042357810495066,-1.1378086876107505,0,0,0,0,1,0.0,-26.349797051861863,35.32514194052563,-3.7572229137876665,0.00017576194184998616,-0.18389921742569484,-0.0315631334371149,0.15894390461669827,-0.11366900166804901,0.11495683386554376,-0.011897373469420049,-0.06756750478663366,-1.3072227606818811,0.44868413578020616,-0.0447707430359383,-0.10440403431184336,-0.027225550279065,0.029777026833068605,124.03010625000748,-18.485991745944172,12.694376691750472,-7.292595759321544,148.82052820120575,-0.009834694446191443,0.08573609265461636,0.1694353189480339,0.012378112108053344,0.003678430345858629,-0.04022735419471735,-0.017502197962004508,2.098326738419341,1.1599875302309155,0.5327866082394357,0.3882132873655602,0.3912662958363645,0.6646934855196875,217.94842699338454,15.580442260912914,26.31912569017751,17.976277936490323,719.8816332155722,0.24498211611159404,0.2611780117960776,0.11846873308412352,0.1813172094602665,0.0652668996567444,0.08653871220715986,0.09776159091699677,0,0,0,0,1,0,0,0,0,0,0,0,1,1,0.06600525670453923,0.2927873543997029,1.8,-42.6490871296095,-0.8245369903059814,-0.8245370810164627,-0.8245372386862555,-0.8245374740692104,-0.8245378045691427,-0.8245382574252704,-0.8245388754738149,-0.8245397279585502,-0.8245409320719388,-0.8245426995366614,-0.8245454487999618,-0.8245501169055665,-0.8245592105770219,-0.8245812520731419,-0.8246376860460205,-0.8245535006368143,-0.8245176625542417,-0.824515819231607,-0.8245165924287795,-0.8245171360707706,0.008821997539710948,0.11743164184679013,0.0,38.45625770383242,0.2421246090622313,0.24212464990180704,0.2421247208384707,0.24212482662344306,0.2421249749254484,0.24212517770263364,0.2421254536686215,0.2421258328832079,0.2421263658096765,0.2421271426570561,0.24212833921372576,0.24213034141495934,0.24213415073181865,0.24214297751143646,0.24216243009186345,0.2421240205459973,0.2421128608280113,0.2421133544120283,0.2421141577293084,0.24211456383137625,0.0023670577490711013,-0.06864750892343142,0.1,-21.86281267614078,0.06708408979016234,0.06708408831231337,0.06708408569810898,0.0670840816889755,0.06708407584746534,0.06708406744795581,0.06708405526474714,0.06708403714088408,0.06708400904586087,0.06708396281316797,0.06708387999567733,0.06708371216677478,0.06708330121269912,0.06708193020470576,0.06707551622799612,0.06707641935821629,0.06708159375212562,0.06708284492086225,0.06708325232655338,0.06708339234431007,0.08321381865446985,-0.829045260897888,0.0,1.1704002632502533,-0.025819102328637183,-0.025819102046902173,-0.02581910156562137,-0.025819100866840392,-0.025819099925016853,-0.02581909870776229,-0.02581909717981369,-0.025819095316707674,-0.025819093147426062,-0.02581909088826316,-0.025819089394067324,-0.02581909189763745,-0.025819112339173743,-0.025819231343279025,-0.02582007396505754,-0.025820422210750173,-0.025819683098087003,-0.025819462600307156,-0.025819382390887456,-0.025819353122867542,0.0020740341828637114,-0.06360666543056097,1.6,-9.950643582728553,0.028417555104949917,0.028417554415059443,0.028417553226480763,0.028417551476806132,0.028417549069444936,0.028417545862740368,0.02841754165358606,0.028417536154490493,0.02841752896719449,0.028417519577878855,0.028417507507222363,0.0284174933361058,0.0284174852582976,0.028417552824019976,0.02841840073200108,0.028419149872340118,0.028418355450217675,0.02841808563702672,0.02841798213493898,0.02841794339782825,0.0067197972742786575,-0.12771729285264016,1.6,-38.33552042513046,0.2078613091538104,0.20786130675721812,0.20786130267833916,0.2078612967922684,0.20786128893307287,0.20786127891927372,0.20786126662700036,0.20786125219140805,0.20786123656676286,0.20786122316676114,0.2078612231434651,0.20786127506025096,0.20786153662739412,0.20786288655238272,0.20787188755066446,0.20787500620289656,0.2078671873318565,0.20786490423534065,0.20786408180343807,0.20786378315857912,9.641668120704567e-06,0.003382031822120143,1.6,-1087.3675035271553,-0.17573542266592312,-0.1757359929914628,-0.17573698180711972,-0.17573845213216546,-0.17574050491096216,-0.1757432958773677,-0.17574706527715733,-0.17575219178526424,-0.1757592953632141,-0.17576944729521315,-0.17578463776339248,-0.17580893134443087,-0.17585162755854356,-0.17593445984428158,-0.1759865638222884,-0.17543145691977813,-0.17545903929616102,-0.1755147266507784,-0.1755427273747987,-0.17555434737226785,8.889561344621542e-06,-0.0032607751677272965,0.0,1439.4192346248578,-0.22284318319913154,-0.22284356828780005,-0.22284423605528048,-0.22284522925590974,-0.22284661642339645,-0.2228485033969747,-0.2228510536795838,-0.22285452546227447,-0.2228593425183973,-0.22286623968244607,-0.22287658908713934,-0.22289321597831704,-0.22292268526489067,-0.2229810803448018,-0.2230296513411716,-0.22265598035942705,-0.2226634169611117,-0.22269804169297916,-0.22271592439856747,-0.22272340743481325,0.0002641280868026699,0.01938076227426157,1.1,-160.06631177526418,-0.1504985755254431,-0.15049857286900625,-0.15049856834746755,-0.1504985618216388,-0.15049855310622107,-0.1504985419975391,-0.15049852835356606,-0.15049851231489253,-0.15049849492035605,-0.15049847991149878,-0.15049847954539566,-0.15049853627072007,-0.15049882384759927,-0.15050031109072304,-0.1505102388845092,-0.1505136914979026,-0.15050506588946178,-0.15050254620065484,-0.1505016383432336,-0.15050130864439706,4
2022-06-08 16:42:52.975446500,0.2065949733419578,0.5718399672093221,-0.6346817572452266,0.06759046047679781,-0.2856723382440951,-1.2493442093584142,0,0,0,0,1,0.0,-26.255837059515976,35.44448849369983,-3.676466371880787,0.0001876218776754217,-0.1853631729248624,-0.03169725746251676,0.15278035984104305,-0.11035146532676757,0.1277832373569192,0.0037897546153578773,-0.06709344600707806,-1.3073051932677648,0.4632025505391832,-0.058842861618856476,-0.10300427130588076,-0.033611155196865285,0.0023078204675982287,117.5672625000075,-18.80754633400277,13.996484498993116,-6.9942663725085215,148.66897402640072,-0.01847261596655254,0.07767931998189127,0.16806689350034618,0.0050275381087892534,0.006391273875931747,-0.040504743357609896,-0.01959484932921157,2.0983635090333626,1.1582210344957706,0.5396130673701791,0.3886992399136517,0.3930453964414605,0.6897234382539412,217.34709260504573,15.593586691534286,26.001670091425648,17.92500425912652,719.9123002969421,0.2443481875814867,0.25924065583022515,0.11827575283449845,0.17969256033353986,0.0676309916473504,0.08640293427045734,0.09782811187249812,0,0,0,0,1,0,0,0,0,0,0,0,1,1,0.17254683880071844,0.4223151219966449,1.6,-24.509129305450422,-0.8245610982696001,-0.8245615186145052,-0.8245622472945809,-0.8245633305677837,-0.8245648424838934,-0.8245668971841416,-0.8245696705397388,-0.8245734393125679,-0.8245786556230364,-0.8245860983450991,-0.8245972079389252,-0.8246149049533159,-0.8246457775914611,-0.8247045338438216,-0.824730483547951,-0.8243202935371511,-0.8243510260899118,-0.8243948365242711,-0.824416425658031,-0.8244253272529506,0.011565689893397336,0.1338996011356328,0.0,33.12947181971848,0.24213633340093565,0.2421364992372559,0.24213678661107266,0.2421372135737334,0.2421378089731783,0.2421386171697426,0.242139706291987,0.2421411830791821,0.24214322085248585,0.24214611566345126,0.2421504081139604,0.2421571714650812,0.2421687256507269,0.2421894967016227,0.2421866499607628,0.24202370452660216,0.2420467609665886,0.2420669532285431,0.24207647085084,0.2420803372637845,0.0020987926744743587,-0.0640427404987302,1.7,-23.338635791199092,0.06708445905625116,0.06708442732649811,0.06708437220986774,0.06708429000881555,0.06708417475387196,0.0670840171335223,0.06708380256952895,0.06708350763143467,0.06708309295597825,0.06708248810841433,0.06708155565438045,0.06707999329992165,0.0670770143132492,0.06707008180636898,0.06705456299425537,0.06708437020649483,0.06709337929331871,0.06709308590635432,0.06709249277005835,0.06709218823439772,0.04138202592053746,-0.4436901383370902,0.0,1.7384248630144108,-0.02581890679690907,-0.025818910334582414,-0.025818916487889948,-0.025818925684016447,-0.025818938616082542,-0.025818956372737817,-0.025818980673889047,-0.025819014316135244,-0.025819062068108654,-0.025819132627606833,-0.025819243400409614,-0.025819434028835814,-0.02581981323038832,-0.025820767376895586,-0.02582348160386469,-0.02582024216620633,-0.025818415630024818,-0.025818229657566555,-0.025818220573620453,-0.02581822786711793,0.0018536946079600863,-0.059633012988125775,1.5,-10.575834236986687,0.02841723777524785,0.028417240477960792,0.028417245187307368,0.028417252244943736,0.028417262208638494,0.028417275961805436,0.02841729491525985,0.028417321394304473,0.028417359431258168,0.028417416536507086,0.02841750814143432,0.028417670615784537,0.02841800853379156,0.028418923136098256,0.02842200482742097,0.02841961589995157,0.02841737824740595,0.028417012129021483,0.028416928132487695,0.0284169063908756,0.005470125444238653,-0.11264492020921485,1.5,-42.90851046407143,0.20785982829159175,0.20785986661866665,0.20785993324742336,0.20786003273987408,0.2078601724832585,0.2078603640485341,0.2078606256506952,0.20786098677236,0.2078614973951023,0.20786224801095327,0.2078634179737715,0.2078654104780575,0.2078693103923246,0.20787884535873455,0.207903895186911,0.20786842784277024,0.20785227851781415,0.20785123180461207,0.20785146636618826,0.2078516634145372,9.706878243874023e-06,0.003391690855980109,1.6,-1083.5019137654294,-0.1759253566855392,-0.17592653369305822,-0.1759285676725426,-0.17593157641763926,-0.1759357456164281,-0.1759413552123874,-0.17594882338366347,-0.17595878030364887,-0.17597219343981507,-0.1759905798793291,-0.17601633640655126,-0.17605297424940147,-0.17610243716516294,-0.1761245559309188,-0.17542397645503272,-0.17420948443541914,-0.1749415563835619,-0.17523607904291086,-0.1753556371331122,-0.1754015130594606,8.832566734078903e-06,-0.003248448639723531,0.0,1444.3214510198313,-0.2229695544850472,-0.22297041229515455,-0.2229718952995796,-0.22297409049926387,-0.2229771353513712,-0.22298123777540013,-0.2229867098359364,-0.22299402502387267,-0.22300391774846415,-0.2230175588582597,-0.22303685585270472,-0.22306482597711152,-0.223104506460988,-0.22313461017782288,-0.2226999522404398,-0.22182129651491067,-0.22229139896220573,-0.22248917404117566,-0.22257050447392146,-0.2226018819656721,0.0002746330463222448,0.01978235430532489,1.9,-156.7552917966051,-0.15049637243726366,-0.1504964151678454,-0.15049648948432906,-0.1504966005326196,-0.15049675665898302,-0.1504969709657047,-0.15049726413874254,-0.1504976697851994,-0.15049824514911725,-0.15049909449904675,-0.15050042612810574,-0.1505027133150083,-0.1505072495978892,-0.15051860509435278,-0.15055046983125386,-0.15051126314882834,-0.15048996929510228,-0.15048792736644856,-0.15048788793381718,-0.15048800096222734,4
2022-06-08 16:42:55.725446500,0.6487960959863722,0.4420099062487435,-0.6706971465768137,0.08144238813067119,-0.3009189536072948,-1.360855602303158,0,0,0,0,1,0.0,-26.16211603275044,35.563635461928065,-3.5957377384387006,0.00019948181350085733,-0.1868254883684234,-0.03183141168877798,0.14662121531406427,-0.10703504073962963,0.1406065217332847,0.019470756864041767,-0.06662027044046567,-1.2972873344240383,0.4747549272290032,-0.07372438831177967,-0.1012921202375236,-0.04033962094456808,-0.02771950638866364,111.10441875000751,-19.127656942397994,15.301348191643548,-6.691795453068235,148.59402330856452,-0.02713394841757869,0.06959078199389472,0.16655910428848222,-0.0022426821819725553,0.0093990023408578,-0.04042462811454433,-0.0216735096545227,2.105766698746201,1.1560330476494316,0.5468443932467439,0.3893166296795044,0.3949315365393529,0.7172150760269549,216.55089333006646,15.598768550773384,25.616179583163053,17.86759788746322,719.9276212428728,0.2434366811565841,0.2570088064472907,0.11808425959485608,0.1777076013447177,0.07031030694905284,0.08645306737790054,0.09784614014846367,0,0,0,0,1,0,0,0,0,0,0,0,1,1,1.3155088147751943,0.7573465653491971,1.6,-6.369287786473548,-0.8247015276174539,-0.824702325890228,-0.8247037047666885,-0.8247057430109663,-0.8247085644823167,-0.8247123552382393,-0.8247173917679795,-0.8247240875740453,-0.8247330701659431,-0.8247453047585575,-0.8247622598352866,-0.8247858689393736,-0.8248158665023861,-0.8248172014336692,-0.8242678452050104,-0.8234378232133205,-0.8239963288156652,-0.8242125729903632,-0.8242993323312049,-0.8243324570930319,0.015883993857411773,0.1557264878931601,0.0,27.80273137405582,0.2421934843803717,0.2421937385628734,0.2421941769716689,0.24219482349980725,0.24219571539551346,0.24219690789097714,0.24219848151235898,0.2422005532819389,0.24220329281761355,0.24220694032044496,0.2422117978526507,0.24221800911879354,0.2422238204060413,0.2422098430929628,0.2419567161873009,0.2416857573468171,0.24192893056029766,0.2420151663852401,0.24204876975214865,0.24206143608306024,0.0018745240973672727,-0.06002322299049146,1.6,-24.814467946263214,0.06707576822947248,0.06707564487474292,0.06707543112350668,0.06707511356184215,0.06707467075619156,0.06707406975473518,0.06707325996523407,0.06707216215532852,0.06707064774085691,0.06706849726030673,0.06706531044891995,0.06706029426292576,0.06705174174568207,0.06703645279108572,0.0670394459453123,0.06716072498875159,0.06714284323926167,0.06712762893834118,0.06712048247154745,0.06711758277305098,0.02496507541545425,-0.3028867221469863,0.0,2.3064484396591327,-0.02581973799306414,-0.02581975638184586,-0.02581978827051504,-0.02581983570322649,-0.02581990195729081,-0.025819992095371558,-0.0258201139411421,-0.02582027985519228,-0.02582051013825082,-0.025820840024154385,-0.02582133538976255,-0.025822132158194396,-0.02582354739505917,-0.02582636675154524,-0.025828853759063467,-0.025811024463183216,-0.0258112395418015,-0.025812855683287655,-0.02581369681038356,-0.0258140496013146,0.0016673505649319141,-0.05612497534360123,1.5,-11.201024072136397,0.028417743713142093,0.02841776252804329,0.028417795173627306,0.02841784377437173,0.028417911744360813,0.028418004374968112,0.028418129879777713,0.02841830131244472,0.028418540282510174,0.028418884704677405,0.028419406578912062,0.028420258084292105,0.02842180998520338,0.028425094620020238,0.028429810923726925,0.028411753610397994,0.028410159317716843,0.02841133026679277,0.028412024884456464,0.028412327009122013,0.004545172859908881,-0.10074998469170436,1.5,-47.48148926281171,0.20786962066395895,0.20786980068731165,0.20787011278705725,0.20787057681845056,0.207871224576599,0.20787210509448076,0.20787329397260826,0.20787491028555216,0.20787714878750552,0.20788034554640955,0.2078851236282464,0.20789275137416352,0.2079061123902388,0.20793181156324805,0.2079458319100187,0.20777040543753134,0.20778113896691172,0.20779925588673165,0.207808279789492,0.207812013369625,9.772876227455153e-06,0.00340035199411668,1.5,-1079.636638757433,-0.1764290141043432,-0.17642764117869092,-0.17642523085677908,-0.17642157644652912,-0.17641633344713625,-0.17640894108716054,-0.1763984729300745,-0.17638333887052934,-0.1763606475316486,-0.17632470903605935,-0.1762630624694772,-0.17614405370381192,-0.17586795240211828,-0.1750011862484513,-0.1712520307178096,-0.17227939766791778,-0.17524050447633496,-0.1759118059992808,-0.1761213972523432,-0.17619160820670032,8.776095281583295e-06,-0.0032354456599705704,0.0,1449.2234369315909,-0.2233257637030306,-0.2233251169181472,-0.22332397521755354,-0.22332222985887995,-0.2233196975603562,-0.2233160757089223,-0.22331085588383104,-0.22330314868658266,-0.2232913027277164,-0.22327199424402264,-0.2232377669748331,-0.2231691867004848,-0.2230032780863276,-0.22245695357463546,-0.21994145022704004,-0.22036156635260085,-0.22238253954219545,-0.2228653128089988,-0.22302132529346785,-0.22307470323838352,0.00028579132463153143,0.020199438010267343,1.6,-153.44428409993574,-0.15050649364479618,-0.15050671109572455,-0.1505070881699453,-0.15050764901152647,-0.15050843232281252,-0.15050949787461398,-0.15051093800331294,-0.1505128985242239,-0.15051561877369268,-0.15051951378938,-0.15052535860943062,-0.15053474923769186,-0.15055139502234427,-0.15058438917828942,-0.15061192352211972,-0.15040092848734646,-0.15040503843622632,-0.1504245664094972,-0.1504346562491643,-0.1504388788879919,4
2022-06-08 16:42:58.475446500,1.0908603694216592,0.31219713628417856,-0.7067611526566939,0.09528608574368397,-0.3161564149233088,-1.4722898295063682,0,0,0,0,1,0.0,-26.06658631406883,35.68388564114518,-3.515105781375748,0.0002113417493262929,-0.1882957789787059,-0.031963540945909946,0.14044518780419366,-0.10371906250398767,0.1534192579937888,0.0351466320699893,-0.06614464636863819,-1.2770097390841133,0.4833077026724309,-0.08948176876496497,-0.09926597734126813,-0.04741192138363464,-0.060316144691697174,104.64157500000752,-19.443792535377067,16.60933707737062,-6.382271604681701,107.48018365372592,-0.0429333361892503,0.06555120730192042,0.16862698417870187,-0.0063433985712659565,0.012718285673769682,-0.039822805222850664,-0.023540004238650047,2.122531091102926,1.1538601343463049,0.5544398317484649,0.39007022949244063,0.3969152028383782,0.7469679989613279,215.55766987848338,15.597250914120155,25.15854849055395,17.802036079707246,614.6585267726317,0.22557608534307505,0.2556729626237973,0.11407118723866312,0.1767870097637168,0.07328281318670604,0.08683112348123588,0.0978962353067907,0,0,0,0,1,0,0,0,0,0,0,0,1,1,0.5688341962723414,3.667131828501069,0.0,11.770341332937667,-0.8250535545030693,-0.8250522738992552,-0.8250500317914414,-0.8250466466357524,-0.8250418178618616,-0.825035060433529,-0.8250255814254829,-0.8250120364701697,-0.8249920148158981,-0.8249608456379355,-0.8249084750562132,-0.8248098515184736,-0.8245877737534892,-0.8239158204124875,-0.8211601036227928,-0.8221815833643118,-0.8243242166059018,-0.8247856203438358,-0.8249244508050618,-0.8249698546095336,0.023301260112218714,0.1860683490709499,0.0,22.47605734498508,0.24231668778058826,0.2423159150971479,0.2423145669168041,0.24231254222950585,0.2423096754221861,0.2423057026671358,0.2423001995258357,0.2422924600854406,0.24228124674683826,0.2422642237882099,0.2422365146147739,0.2421863958512417,0.2420792826751033,0.2417773553034404,0.24067668532476086,0.2413409357361258,0.24216416388638465,0.2423176482253709,0.2423584513812164,0.24237061811844404,0.001685051172169259,-0.056493565488596034,1.6,-26.29033413856165,0.06703305017162188,0.06703286618174209,0.06703254891198718,0.0670320811998737,0.06703143632785967,0.06703057476402763,0.06702943905830194,0.06702794613908836,0.06702597659936416,0.06702336406573106,0.06701990837160697,0.06701555819189857,0.06701176931452635,0.06702349483890446,0.06721545225659943,0.06741233010452619,0.06722901425897497,0.0671646519201069,0.06713966069932104,0.06713025560528045,0.016796276756416182,-0.22989122870925002,0.0,2.874466901751304,-0.02582568633110549,-0.025825727438519186,-0.025825798511072997,-0.025825903727090788,-0.02582604969056573,-0.02582624639613107,-0.02582650885613326,-0.02582685987358108,-0.02582733487459031,-0.025827990484303717,-0.025828919386172752,-0.025830269801496504,-0.025832200119387208,-0.025833753532326014,-0.02581352578110151,-0.025771470684046227,-0.025793495981222617,-0.025802839921659403,-0.02580669140703749,-0.02580817875569386,0.0015082843737722845,-0.05300017457517355,1.4,-11.826208639400596,0.028423523207000482,0.028423575429138207,0.028423665811144305,0.028423799831083008,0.02842398619234343,0.02842423816657447,0.028424575901354325,0.028425030462912563,0.028425651180873424,0.02842651960852138,0.028427777201159743,0.028429679866512486,0.028432667928210482,0.02843670452343605,0.02842221031168507,0.02836973929575576,0.02838836030093605,0.028397740918476026,0.028401777442989218,0.028403363410358307,0.003840528820459697,-0.09111423546715366,1.4,-52.05441812603893,0.20792935953199,0.20792971430902615,0.20793032726242625,0.2079312336508794,0.20793248898913008,0.20793417682368665,0.2079364216394941,0.20793941033756536,0.20794342825112988,0.20794891869184995,0.20795656965461,0.2079673412750307,0.20798147204877426,0.20798514160933035,0.20775769460652135,0.20739023124880274,0.20762449284414308,0.20771688608442096,0.2077541677737258,0.20776843685234309,9.845254672869232e-06,0.003424641406203334,1.5,-1075.7709301389916,-0.17649391041921092,-0.176474229765617,-0.17644005111507965,-0.17638909554815996,-0.17631768724785954,-0.1762200997397727,-0.1760873826448588,-0.17590518215686754,-0.17564945221315753,-0.17527732639050694,-0.17470558479133302,-0.1737525009742491,-0.17195051818448448,-0.16782677282571967,-0.15915788389521526,-0.1777276483708654,-0.18251623048218235,-0.1821216084375017,-0.18168057504993484,-0.18146576161619965,8.721455041336244e-06,-0.0032297384751950194,0.0,1454.125637999379,-0.22346334805996548,-0.22345058337364776,-0.22342841044500966,-0.2233953420572874,-0.22334897725484384,-0.2232855710337418,-0.2231992604571147,-0.2230806231050124,-0.2229138306165055,-0.2226705636204116,-0.22229557279508327,-0.22166736041812385,-0.2204698298529628,-0.21768438443222493,-0.21146006915575555,-0.22345294821160167,-0.2270615236567153,-0.2269393119073513,-0.22669925876154015,-0.22657623698872875,0.00029765797584988376,0.02062969025966008,1.6,-150.1333368531759,-0.15057709277327547,-0.15057756999897445,-0.15057839501651848,-0.15057961618530236,-0.15058130989991092,-0.15058359169087246,-0.15058663490456947,-0.15059070244272288,-0.15059620181504751,-0.15060378203217084,-0.15061449845321162,-0.15063001299172374,-0.15065195632287454,-0.1506681945201649,-0.1504236121962692,-0.14993455560597455,-0.15019840247284974,-0.1503090455726399,-0.15035450336157918,-0.15037203432138255,4
2022-06-08 16:43:01.225446500,1.5343632325624634,0.1817047185728765,-0.7428348173939892,0.1091200316596664,-0.3313777324835119,-1.5836576128287427,0,0,0,0,1,0.0,-25.960236903390665,35.81135501753192,-3.434583774250493,0.00022320168515172848,-0.1898205285493742,-0.03208628915021471,0.13414318468585756,-0.10039227507367568,0.16622085124817187,0.05087017051533576,-0.06564793030827203,-1.246495704576924,0.488863261909457,-0.10602892269910176,-0.09687428157595514,-0.05488227144315157,-0.09551279430931776,98.18529050926678,-19.76044151411965,17.920921365859297,-6.0720183712216524,41.32079838697714,-0.06309145019475577,0.0640085111273562,0.17284901647286485,-0.008524766547518318,0.016350978863444592,-0.03875819723486215,-0.02527688870085111,2.150225018759996,1.1520991024741605,0.5623331462830711,0.3909364158161257,0.3989126465268022,0.7787539010875224,214.3703117125649,15.58711944604308,24.62352801146814,17.73178160812435,376.1054071044441,0.1922957094320055,0.25500366016015363,0.10719230847597333,0.1764969301225793,0.07651909181460695,0.08755881928533682,0.09795405108405568,0,0,0,0,1,0,0,0,0,0,0,0,1,1,0.12261338923064985,-1.2907580032162955,0.0,29.910364012540413,-0.8250082481999317,-0.8249933465495545,-0.8249674723368201,-0.8249289090557319,-0.8248748901453546,-0.8248011101983843,-0.8247008493924424,-0.8245633508357667,-0.8243706372200226,-0.8240907620908852,-0.8236619730198502,-0.8229502626117695,-0.8216143090205276,-0.8186014986891935,-0.8126326391642809,-0.8267438975564982,-0.8298725897123238,-0.8294415556225662,-0.8290621337344403,-0.8288833606573267,0.03781453786172732,0.23138557830288195,0.0,17.14915397305184,0.24220905369777546,0.24220268269088585,0.24219162510888714,0.2421751555216014,0.24215210670056475,0.2421206664539992,0.2420780152367041,0.2420196582226116,0.2419381241640577,0.24182023225604396,0.2416407582633605,0.2413457656659441,0.2408011976688043,0.2396155387377171,0.23761980807317398,0.24370030846365046,0.2445732719556748,0.24426538094503156,0.244060649876336,0.2439691482993029,0.0015234940162756065,-0.05335434486335108,1.5,-27.76624837615747,0.06694256256625541,0.0669431623522514,0.06694420859229222,0.06694577920202294,0.06694800182805971,0.06695107959973877,0.06695533886663729,0.06696132151194711,0.0669699756860539,0.06698308662130592,0.06700437107067092,0.06704273343921208,0.06712432759074738,0.06735272238166434,0.0681746710250769,0.06765628337145048,0.06704436072307929,0.06693242994083765,0.06690323689285932,0.06689467166202451,0.012121464078370543,-0.18521768144946,0.0,3.4424743026044964,-0.025842665822281563,-0.025842637453951045,-0.02584258730743233,-0.02584251048316194,-0.02584239870221341,-0.02584223825212389,-0.025842006009883508,-0.025841661360974797,-0.02584112856538789,-0.025840254482195586,-0.025838693932927176,-0.02583554279087032,-0.02582785597172144,-0.025802315264019892,-0.02568341219458116,-0.025701107980937776,-0.02579691036615671,-0.025819990081251742,-0.025827488105051238,-0.02583006152964708,0.0013713681720422324,-0.050195204323030235,0.9,-12.45137899315906,0.028443493570869505,0.02844350977057175,0.02844353686010992,0.028443574800653626,0.02844362308358972,0.02844367995023356,0.028443740646985464,0.02844379336225855,0.02844380917694866,0.028443715049838336,0.02844331241083592,0.02844198934187425,0.028437437576998407,0.028417594158048176,0.02829855117374258,0.028272509160871206,0.028373985615685767,0.028402353001696582,0.028412361070579206,0.02841595664255682,0.003290807652207163,-0.0831526195781989,0.1,-56.627252304146594,0.20808345031148254,0.2080829590746882,0.2080820980136906,0.20808079566656798,0.20807893337182426,0.20807631891129885,0.208072636585809,0.2080673482147748,0.20805948268253616,0.2080471451832897,0.2080262249139837,0.2079863874733553,0.20789545572033696,0.20761558173497696,0.20643841756158632,0.2068200187943583,0.2077422487340881,0.20794592866464767,0.2080083623350809,0.20802903255371769,1.0006818143006597e-05,0.0035311812891809405,1.4,-1071.8996604750655,-0.17098663219752552,-0.1709146470839471,-0.17078993274208187,-0.1706047029979061,-0.17034652698535524,-0.16999631618545408,-0.1695248107913514,-0.16888628824974106,-0.16800677245536375,-0.16676055304138515,-0.16491986731575636,-0.16203851153782978,-0.15717903276512502,-0.14876310514033975,-0.15325709964697865,-0.22426253465304316,-0.21153272435901727,-0.20204425639726864,-0.1976641438384199,-0.19589767104775246,8.689509570384856e-06,-0.003264812098786281,0.0,1459.0314545908946,-0.2199773534220526,-0.2199278592780729,-0.21984209490817366,-0.2197146780945332,-0.21953700879213045,-0.2192958652982924,-0.21897094771472325,-0.21853046424023148,-0.21792282036569333,-0.2170599560038156,-0.2157812602779856,-0.21376850687803994,-0.21033670325407167,-0.2042013400477174,-0.2053969152486772,-0.2540562445163204,-0.2468862693889804,-0.2407833136780617,-0.23791649701847106,-0.23675325729614016,0.0003102942362437149,0.021074936958811397,1.5,-146.8225178716024,-0.15077559441284905,-0.15077522009476674,-0.15077455974230958,-0.15077355114041602,-0.15077208954240007,-0.15077000224090664,-0.1507669995360077,-0.15076257554994488,-0.15075579280156415,-0.15074476825175598,-0.15072528662407514,-0.15068638558592706,-0.1505926276888596,-0.1502851646486425,-0.14887690603750234,-0.14912455324013107,-0.1502542956645514,-0.15052302120156955,-0.15060963058915422,-0.1506392166096493,4
2022-06-08 16:43:03.975446500,1.9858589076343505,0.04798148119582391,-0.7783918549693578,0.12300523523046715,-0.3466324318182137,-1.6956174655879397,0,0,0,0,1,0.0,-25.82642752692425,35.95833767441504,-3.3534425406241937,0.00023506162097716406,-0.19149647081761792,-0.032190459043453024,0.12747340219394754,-0.09701213162811176,0.17909414531982815,0.06686532306040834,-0.06508529574291552,-1.2082134158466369,0.4954854285360797,-0.1287051738268657,-0.09863861520710336,-0.07376501069362885,-0.14132652846903468,92.65884062500751,-20.100931264769226,19.170789070147745,-5.709805890165527,33.9828737497638,-0.07261693102893654,0.05651035754816078,0.17199095028043038,-0.014204530815169559,0.02108064448570611,-0.03799949919302257,-0.027609851138643775,2.1875699382386595,1.143975668450271,0.5603748426834163,0.37434786014521504,0.3577333198062804,0.7996042795804885,213.4807022223424,15.540123765266895,24.081015205442647,17.57759533034559,340.7655998943995,0.18593562045777445,0.25221846070997017,0.10602454057465853,0.17467150896230751,0.0786931751191615,0.08800668928351492,0.09745870364614366,0,0,0,0,1,0,0,0,0,0,0,0,1,1,0.05347647784695664,-0.5511733124421148,0.0,48.05458869728502,-0.8207533384080108,-0.8207016089659358,-0.8206120030948331,-0.8204789539463491,-0.8202935809566698,-0.8200422628604294,-0.8197041529467426,-0.8192467448008407,-0.8186176006786486,-0.8177279900624184,-0.8164182007604772,-0.8143788798810465,-0.8109763128915293,-0.8052732837884464,-0.8103756492617258,-0.8615621091503289,-0.8508490407321738,-0.8436139468966894,-0.8403230528092942,-0.8390028534830023,0.07309732221353055,0.3072545783732189,0.0,11.820462125652297,0.2403104693319236,0.24029094610582524,0.24025714318391575,0.24020698756988945,0.2401371793134709,0.2400426722244835,0.23991577572998274,0.23974456696260135,0.2395099674837308,0.23918007306905786,0.2386985109585133,0.2379596605868217,0.2367637229925354,0.2349510625621171,0.23872145513406595,0.25819706733766423,0.2526126229019938,0.2494720350420163,0.2480890059982013,0.2475407669672479,0.0013848587739605873,-0.05038349606381961,1.5,-29.241985096521898,0.0670307071947569,0.06703550104107593,0.06704382091772754,0.06705621199392198,0.06707355129454795,0.06709720010354991,0.06712927568178828,0.06717315176875105,0.06723443280120645,0.06732299818747134,0.06745773296378244,0.06767895070779384,0.06808656268358547,0.06897042262654074,0.07042695971559754,0.06584771267302136,0.06522865126433275,0.06547038834907404,0.06562789666082103,0.06569797167583899,0.00918664080139573,-0.1552076289563968,0.0,4.01049125653822,-0.02584992816429676,-0.025849328325725892,-0.02584828633310293,-0.025846732222768117,-0.025844553028058992,-0.0258415725056268,-0.025837514660984745,-0.02583193577364071,-0.025824090094925502,-0.025812642521745716,-0.025794986129686958,-0.0257653811375754,-0.02570886616861337,-0.02557704618638261,-0.02527952473288636,-0.025842668005125843,-0.026016442548763327,-0.026011816568658364,-0.02600092014450393,-0.025995275253508532,0.0012526491900455153,-0.047698973212870976,1.8,-13.076546592426322,0.02846605205341945,0.028465523049295394,0.02846460326257283,0.028463229446856638,0.028461299124297845,0.028458651642366495,0.028455033819840936,0.02845003527375628,0.02844295902120892,0.028432540227199817,0.028416264354630568,0.0283884550793585,0.028333745106263464,0.028198744466382705,0.027834563172160043,0.028322528938052982,0.028560827427112245,0.02857937056323206,0.028577541846205336,0.028575321575617825,0.002853401457506825,-0.07656291632371921,1.7,-61.20023917570512,0.2080832332861675,0.20807695730853396,0.2080660591439409,0.20804981406469114,0.20802705357587392,0.20799595831370787,0.207953686736956,0.20789568621098908,0.2078143395138785,0.2076960900079694,0.20751467839965065,0.20721294864763773,0.20664461230549105,0.2053538441832834,0.20272113504280664,0.20865411057778105,0.21007109117092715,0.2099159711899714,0.20976525912969055,0.2096931874874848,1.0923421819212386e-05,0.0038255338822504883,1.3,-1068.0085643215614,-0.14566250015394644,-0.14556791882996833,-0.14540500075433727,-0.1451652475730043,-0.14483552323602567,-0.1443966016253455,-0.14382100152556632,-0.14307001733588365,-0.14209050757578012,-0.1408152648672072,-0.13918652692057165,-0.13730648235546994,-0.13637753818153087,-0.14631989210257146,-0.2661924681186072,-0.3691487008863597,-0.25723778280816845,-0.21945411098206336,-0.204990292030633,-0.1995819552209648,8.851739441062824e-06,-0.003398392926357529,0.0,1463.950929157555,-0.2028373726714108,-0.20276350818153333,-0.20263613756723944,-0.20244837142740835,-0.20218948491810806,-0.20184360966975132,-0.2013876856145771,-0.20078836995286764,-0.19999773911954574,-0.19894902724828967,-0.1975619256308008,-0.19581590360699155,-0.1942952715876487,-0.19899951289107065,-0.2760061000083667,-0.3549972188833408,-0.2814717499406143,-0.2556550375565152,-0.2456292776810613,-0.24185582918188864,0.00032380174115615443,0.021580326422445995,1.5,-143.5115770594798,-0.15085032525422548,-0.1508431629353364,-0.15083072157909072,-0.15081216664660602,-0.15078615086395608,-0.15075057276808845,-0.15070214249002145,-0.1506355729906632,-0.15054198332665392,-0.15040548604288295,-0.1501950929594602,-0.1498426899129397,-0.14917123239021324,-0.14761140709094622,-0.14414284178451942,-0.15087576115855894,-0.1528771752748539,-0.1528029515111693,-0.1526667477898238,-0.1525972936228126,4
2022-06-08 16:43:06.725446500,2.456449832457621,-0.09232983118737173,-0.8115341999382528,0.13723135091807534,-0.3622218886511824,-1.8109833005508644,0,0,0,0,1,0.0,-25.69427533391137,36.109561637856864,-3.2682848293425013,0.00024692155680259973,-0.1932220942312035,-0.03231946530646497,0.12060883764355215,-0.09351845191228446,0.19241478788241026,0.0835228492898371,-0.06447077807398477,-1.1575113481626618,0.4943396602858222,-0.14647414039310522,-0.09647585938593356,-0.0821579757274457,-0.1815737691783784,85.74065156250751,-20.618798555388807,20.02775779418932,-4.979619133596612,28.11243017130848,-0.0804794948154526,0.04604786923851301,0.17394363174679456,-0.01657044609648694,0.0254467173948608,-0.036115383694576716,-0.029969548644577664,2.240342158380332,1.1443361550047881,0.5687271032625932,0.3748654350976172,0.359113631754701,0.8349157940131495,211.45328720694008,15.343735876608374,23.997724435326308,16.988946059732722,318.3453476957644,0.18241197099525955,0.2458527476328917,0.1038037995134206,0.17483198083834392,0.08233518439678505,0.08951891134173963,0.0970709262496086,0,0,0,0,1,0,0,0,0,0,0,0,1,1,0.03028015088069264,-0.3541839688995432,0.0,66.21302730888532,-0.8022940279482844,-0.8022347812918476,-0.802132862956177,-0.8019831973550149,-0.8017780135293728,-0.8015061061681692,-0.8011518306550887,-0.8006940022765483,-0.8001056453704369,-0.7993587042722665,-0.798451637540293,-0.797547293397817,-0.7977486728667218,-0.806995284378283,-0.8984823011585206,-0.9643528393509092,-0.8805491711559351,-0.8532415068180628,-0.842931147002635,-0.8391005599543138,0.2064091830890056,0.4586791011880965,0.0,6.486432804917581,0.2330805721497351,0.2330668089311224,0.23304328637449576,0.2330091068665621,0.2329629847474476,0.23290326847356485,0.2328281056792325,0.2327360486052661,0.2326279924676637,0.2325133466529065,0.23243102083400174,0.2325308114035133,0.2334649162708272,0.23902930467266706,0.27882737950025444,0.2956991794711871,0.26074041122299185,0.2502776856533317,0.2464661162625923,0.2450742231317513,0.0012680757162647632,-0.047057228931234915,1.4,-30.71637773935437,0.06846473149853605,0.06847921963567094,0.06850430337640613,0.06854151865480597,0.06859330985545542,0.06866341347355133,0.06875752111129207,0.06888445022894685,0.06905829568529964,0.06930259195497435,0.0696588211214384,0.07020435091868249,0.07108383951056685,0.07239792028562986,0.06943268286681115,0.05497382509294624,0.059256485735422526,0.06162239043182682,0.06266049081289776,0.06307144180654117,0.00722075537029703,-0.13427493480835015,0.0,4.57867817217088,-0.02568684328257076,-0.0256844940314776,-0.02568042308092056,-0.025674374733922145,-0.025665940365129702,-0.025654491630380027,-0.025639063543104967,-0.02561814427818909,-0.02558927907929601,-0.025548275239945132,-0.02548747751704937,-0.025391690633966305,-0.02522808139971261,-0.024934106581193355,-0.02497590891646004,-0.02728426491247711,-0.026956412278005017,-0.026670055031894683,-0.026535125306804498,-0.02648031801517879,0.0011493861596591384,-0.045654303002006805,1.6,-13.701865544735194,0.02833677587597538,0.02833422944382713,0.028329814327446187,0.028323248826168657,0.028314081633015083,0.02830161631078298,0.028284778124694213,0.028261872309981007,0.028230122521351264,0.02818472718333953,0.028116755017105755,0.02800792909227401,0.02781627264150072,0.027442506589479217,0.027188546579768158,0.029665122119400863,0.0295597802964242,0.02931590332690928,0.029192527460566886,0.029141229939406613,0.002500738873597963,-0.07139890218481049,1.6,-65.77499739479362,0.2063083030339481,0.2062859618637232,0.20624725916389866,0.20618978470251115,0.20610969203459195,0.2060010780833084,0.2058549015370024,0.2056570494406642,0.20538472234203864,0.2049992600901298,0.2044308504116565,0.20354350845197236,0.20205512794885627,0.199519465158285,0.2013287264992776,0.22340112604783255,0.21910389125177288,0.21606695851054147,0.21467589817905172,0.21411644348557496,1.8543614827857542e-05,0.004010582236228343,2.0,-1064.0926724458866,-0.09571497496071403,-0.09612545232417348,-0.09684084149544958,-0.09791330957003196,-0.09942807508987528,-0.1015202248452951,-0.10440571825096613,-0.10844094695044504,-0.11424483401961892,-0.12297209147024545,-0.13699984017909014,-0.16194337798205538,-0.21399681969267806,-0.3556232592025559,-0.8390252198060502,-0.4807384170214419,-0.12756587182565582,-0.06780599327106529,-0.05347099237616781,-0.04958455543561957,1.0657972126728155e-05,-0.0035058150258802235,0.0,1468.8899632691875,-0.1662490593772077,-0.16649138676339706,-0.16691409442945826,-0.1675486654969518,-0.16844667528231128,-0.16969019111067496,-0.1714110458063871,-0.1738280937167005,-0.17732414588476075,-0.18261961750263112,-0.1912132272078395,-0.20669150791786706,-0.23957277018813986,-0.3314402990628551,-0.6614790487749787,-0.4536434834111063,-0.2079244913167244,-0.1627474044724906,-0.1508747669754129,-0.1473699685268448,0.00033880726099870507,0.022339919746378417,1.4,-140.19864733354984,-0.14893141770779114,-0.14890303162976434,-0.14885384384397504,-0.14878076804673054,-0.1486788735619271,-0.14854058201715858,-0.1483542629906962,-0.14810171444168896,-0.147753428634676,-0.1472591306634241,-0.14652738663471565,-0.14537788822464215,-0.14342561347559354,-0.13996122841004688,-0.14067606461684434,-0.1679182632545091,-0.1639485346517442,-0.1605940455934851,-0.15902007626098946,-0.15838048042082975,4
2022-06-08 16:43:09.475446500,2.920611112900287,-0.22501050216703786,-0.8397910319673596,0.15238858722721654,-0.37892099829948656,-1.9347324040856928,0,0,0,0,1,0.0,-25.910241814611172,36.04162032669467,-3.1671515320963834,0.00025878149262803524,-0.1933321238591098,-0.03284054694155472,0.11736409022573673,-0.09013030113665504,0.20695798724360434,0.10006060298785066,-0.06440724446412383,-1.0943439715391217,0.4947764783824686,-0.1683154842682387,-0.09269245301926077,-0.09011110058288486,-0.2274095002893509,78.3372000000075,-21.12534843926591,20.926435686969565,-4.264344872663254,28.109217257957333,-0.08767137517772983,0.03495693159572159,0.17492758727013655,-0.019592447824364957,0.03028614947134398,-0.033809267400464166,-0.03254545959144553,2.307410686743949,1.1410593671689866,0.5739052507089683,0.3761518755034153,0.36105576063916267,0.8693951337308553,208.63836593540725,15.136156989715207,23.84659378714323,16.37802140946171,318.34563118612544,0.18051975978859505,0.2380781818467913,0.10304312994306483,0.17495049027952986,0.08599368931196083,0.09145087777603172,0.09644231246954103,0,0,0,0,1,0,0,0,0,0,0,0,1,1,0.019918458431162463,-0.2606364203320003,0.0,84.38675506685006,-0.7686756132340484,-0.7690069929379709,-0.7695842010433358,-0.7704487516276988,-0.7716683352784415,-0.7733499859529847,-0.775664271365037,-0.7788915665163878,-0.7835164415662952,-0.7904376505497801,-0.8014919973059507,-0.8209783469765686,-0.8611376322229041,-0.9682278499981792,-1.3179117229857926,-1.022693117839879,-0.7721996488878142,-0.7335428320398454,-0.7253267895076981,-0.7233851186844223,2.0856662530874353,0.8643905589996681,0.0,1.1490763050620387,0.22257945481523225,0.2227427426348192,0.22302684638593154,0.22345164201309803,0.22404941344084026,0.22487094157653248,0.22599660419143536,0.2275574063305763,0.22977738649366505,0.2330666621404501,0.2382496531217121,0.2472148312618956,0.2651819791337125,0.3109445139351372,0.4452019895672231,0.29636458591235576,0.2047337647879988,0.19417044488527807,0.19304729302202914,0.19312870746574087,0.00119174404748515,-0.04295826592099264,1.1,-32.18679157449429,0.07387288210730869,0.0738826926158751,0.07389944133795279,0.07392373451773704,0.07395642659072266,0.07399858129472725,0.07405130667115832,0.07411522170404883,0.07418884047761642,0.0742635857431917,0.07430717936190834,0.07420023857316183,0.07343544966037062,0.06911553556356753,0.03907930116884206,0.027226267391572082,0.05340201934894195,0.061159582071762524,0.0639794363825672,0.06500904612482628,0.00585436602022799,-0.119952693158538,0.0,5.147513414582561,-0.024875599021705885,-0.024872019847022583,-0.024865846998127997,-0.024856744839518385,-0.0248441903635091,-0.02482740857072108,-0.02480527068806959,-0.024776138919035958,-0.024737645515825857,-0.024686454140083497,-0.02461842449600167,-0.024531853202660714,-0.02445254709653827,-0.024658803851773974,-0.028271142489832483,-0.03208541748139188,-0.02862297576067385,-0.02739919221390857,-0.026922829224451997,-0.02674334293116285,0.0010624075370100083,-0.04441012057330463,1.6,-14.327891548829749,0.02750021237968925,0.027494935565972375,0.027485816126551432,0.027472324847935603,0.027453627187918217,0.027428464331390123,0.027394954457855225,0.02735025867973861,0.02729001147819432,0.027207348874641102,0.027091371169334463,0.02692589372711085,0.026700609576355616,0.02658748190995364,0.0296480361868654,0.035078637221439835,0.03186624121355125,0.03056536048693081,0.030036182807597924,0.029832932944763118,0.0022218129335393627,-0.06786126035412042,1.6,-70.35590164386196,0.1983908982109117,0.19836344070992773,0.19831617443569804,0.19824668689652025,0.19815126548805928,0.19802451353285466,0.1978587992394996,0.19764356118756726,0.19736476448470494,0.1970059962328852,0.19655812803287875,0.1960726132362698,0.19597552420655215,0.1995255033783392,0.23791256657934445,0.2680734743503843,0.2325976625932562,0.22083926060664585,0.21636957661311906,0.21470362099878632,0.00014752116235152666,0.0013229786951142195,1.7,-1060.3048031501507,-0.17449886520074642,-0.1775815689138085,-0.1829280433827165,-0.1908821602188624,-0.20199555070234965,-0.2171210756199997,-0.2375783386830221,-0.26545596114037195,-0.3041938347721427,-0.3597896524646522,-0.4435496191263368,-0.5791861819844044,-0.8241555252291306,-1.3393196999453671,-2.1002806274006858,0.7143227624838246,1.0238255142908557,0.861331887269813,0.7584490448045909,0.7126009093262073,4.201791742958305e-05,-0.002288414531354306,0.0,1473.753984678845,-0.20515820111359065,-0.20719898482877847,-0.21073924226229224,-0.2160081393086699,-0.22337364559729167,-0.2334054133978327,-0.2469863761870599,-0.26551715467820003,-0.291311241328593,-0.32841773409222697,-0.384508678014754,-0.4757922882291261,-0.6420093621226215,-0.997547116029608,-1.575245020013604,0.2800682446623881,0.5448105630577444,0.4540613268697306,0.3921449945749842,0.3640802033559707,0.00036274191949031763,0.024027634745797558,1.3,-136.87548719460017,-0.1367784333482902,-0.13671784135769016,-0.13661367221695642,-0.1364608429340084,-0.13625158261918635,-0.1359746988370807,-0.1356145539964535,-0.13514983146329484,-0.13455267333165022,-0.13379077078468524,-0.13284324265507852,-0.1317796917426377,-0.13117768264822294,-0.1351037044990071,-0.1818315928515961,-0.2307305317008219,-0.1921602118129231,-0.17777075416982147,-0.17162381513789834,-0.169164174837916,4
2022-06-08 16:43:12.225446500,3.1361946496819435,-0.2487998129647448,-0.8713564760793389,0.16781314019302854,-0.3967710542461143,-2.057036740305841,0,0,0,0,1,0.0,-24.741529642362327,36.36212830863427,-5.709076566527621,0.0002706414284534708,-0.19266190393035454,-0.00906360395674696,0.10015585826096564,-0.099480082424928,0.2167833493537006,0.10473912129376688,-0.06817027874172536,-1.0278659555634102,0.5003810851980935,-0.19341207539009536,-0.09053406786513096,-0.10836553135098494,-0.2898238159729856,61.659985416674175,-21.826962113383,22.137270486017343,-3.4283555419681733,19.22693209830673,-0.1001213764643662,0.020396445749438063,0.17669641158894933,-0.024367044318871867,0.03626853458266529,-0.030996379099600343,-0.04051269226222499,2.3752937284144418,1.1305614465021094,0.566556987228094,0.373316983601361,0.3453615871341409,0.8863925979081944,180.19250035879142,14.532573313938027,23.24186795857916,15.398355085913826,252.62640268491486,0.16455115162980927,0.22047054767831228,0.09930236292911644,0.17273884587261418,0.08833645316460116,0.093022089415389,0.08210550184184423,0,0,0,0,1,0,0,0,0,0,0,0,1,1,0.017971155726131238,-0.18159753088764813,0.0,102.46817200462992,-0.8278711662434155,-0.8301317822931988,-0.8340535329828641,-0.8398904903778242,-0.8480505837567627,-0.859165212625757,-0.8742126474808956,-0.8947435995153628,-0.9233158746691856,-0.9643942520790882,-1.02639508190962,-1.126917385210628,-1.30816654119302,-1.6846342785868225,-2.1931226116626235,-0.10880043316794864,0.05777019479528001,-0.07581022846652274,-0.1543892879199289,-0.1886427135976586,0.6232407265915662,6.017975509295978,1.5,-4.1435953718879235,0.2569553683157465,0.2578833823253727,0.2594928473666777,0.2618872025660773,0.2652323110371346,0.2697844261280397,0.27593958142035524,0.2843234195907837,0.2959631125222404,0.31263995022577706,0.3376794603283068,0.37792858543593294,0.44934164982100977,0.5919750296574731,0.7341836480207573,-0.12703420795725978,-0.13900629536579887,-0.06937016667723958,-0.03214168562081823,-0.01634817968422602,0.0014374252973320546,-0.040754459998919836,2.0,-33.65295419202841,0.0834874934617531,0.08335557987640296,0.08312593407756719,0.08278227054077547,0.08229811100076878,0.08163176121313231,0.08071716366181958,0.07944660767643819,0.07763602002524439,0.07494937936419532,0.07071553410858468,0.06341600932497783,0.048941379915536036,0.01293572571196877,-0.08910067508243312,0.023451959493617558,0.09212132671854324,0.10105330389225063,0.10264476635470576,0.10292865787014144,0.004991424029695497,-0.10851760026978216,0.0,5.717309594260863,-0.023108620003657317,-0.02311974329857358,-0.02313915236991565,-0.023168303280636904,-0.023209583530056255,-0.023266796770163637,-0.023346062450947697,-0.02345755783968409,-0.023619122147301386,-0.023864407560049237,-0.024263608370414108,-0.02498518382531424,-0.026524666187031757,-0.030848147403210038,-0.04651166695020645,-0.03697283275072621,-0.02529663427156803,-0.023117997495718773,-0.022534701264244318,-0.022359578944711217,0.0010126836378062077,-0.04367987497757503,1.5,-14.955365145725516,0.02522057068623873,0.025226396292248317,0.025236633401212627,0.025252176569239504,0.02527451961933691,0.025306099954077062,0.025350955393250718,0.02541603689610777,0.025514022040839742,0.02566993050731237,0.025938689967513414,0.02646006780127988,0.027674732616096098,0.03149934974018531,0.04811936629812852,0.043865143779100335,0.030741873531959837,0.02772432591147356,0.02676787096397848,0.026444176417200142,0.002077990301348427,-0.0641455200946225,1.5,-74.94408638807684,0.18324788571474396,0.1833833691217439,0.18361943600920227,0.18397320062811492,0.18447259739659394,0.18516185798588136,0.1861115921386718,0.1874381122861597,0.18934294737887705,0.19220099180425354,0.1967810986881411,0.2048902065965521,0.22170115170233015,0.26693061456404443,0.4176420199961095,0.2982498188227458,0.18937039968059374,0.17169419957307366,0.1676450377351717,0.16659765067312093,0.0113664416226828,0.0120509805039786,0.1,-1045.1274190810864,10.64880459190411,9.22461211034866,6.992691045089245,4.151857140242087,0.9541953567467091,-2.3182667109697017,-5.379681956036215,-7.966934150503039,-9.864270244169504,-10.923994598450024,-11.081927104046486,-10.367572936227633,-8.908054273782989,-6.838873793118321,-1.5530790443505893,9.250053121768662,7.4477322706197695,6.175369002627505,5.530330560184293,5.253846650094585,0.002486488578057784,-0.004231666067684868,0.0,1484.9706996744476,5.827110282252817,5.004005697782134,3.713857370487816,2.071251874574159,0.22145966967281086,-1.673030383562974,-3.4476015987088147,-4.9508697247932645,-6.058982787128053,-6.6877458292361,-6.801946290145821,-6.422192155838928,-5.629666882364282,-4.517037642915,-1.3725273660563246,6.052573378764661,5.0364094576350205,4.245488978399108,3.84123843606104,3.6674747657383495,0.05182748506351546,-0.13963303450599365,1.1,-138.86980460302604,-5.2801294557564455,-4.807518951386172,-4.063301732255717,-3.1085724818419056,-2.021044830112535,-0.888111854882859,0.20091008904588925,1.1626275117683775,1.9267618776674893,2.441984495712899,2.6797724571770143,2.63574417402662,2.3278712090172986,1.7889049828443584,1.0424224732321878,0.7536654995779557,0.7349237078548843,0.7147792523319465,0.7051170044196886,0.7009863056319154,4
2022-06-08 16:43:14.975446500,-1.420019391728882,0.11078370474999616,0.39607121834067055,0.17351326188942856,-0.40679724153589003,-2.072081222202344,0,0,0,0,1,0.0,-20.15795910927949,39.60146533439261,-6.052315348318068,0.0010094593436004904,-0.2129828235652617,-0.00797718795309392,0.08809657227425176,-0.12148360557674745,0.15842321973027826,-0.120267711232472,-0.05558310237843336,-0.9416326552186504,0.4939709731012872,-0.21249970996347156,-0.08716459390438501,-0.11894475900730778,-0.3443467325332639,55.436057291674175,-22.28602769537268,23.40279956391402,-2.586766452207589,19.226539915081755,-0.10935052360441053,0.007709852835763103,0.17615220818334293,-0.028248409624810338,0.04209592111146264,-0.028396020943803293,-0.041801008283766095,2.4700398021080447,1.135125095044316,0.5706573266817869,0.3736215749971448,0.34626772992456234,0.9209971479727288,175.26294556338078,14.212432675615293,22.540378717162806,14.19310119371033,252.62643255208343,0.15858349029818294,0.20521670547217485,0.09993199276449304,0.1720214364629683,0.09144882390747212,0.09571053080864672,0.080201374143903,0,0,0,0,1,0,0,0,0,0,0,0,1,1,0.1916738024706848,0.2611610850693259,0.0,116.82215211530972,-4.589421683433608,-4.5189156118899465,-4.403501849246614,-4.2462986079674385,-4.051624027694366,-3.824962300927744,-3.5729426758961487,-3.3033548277393345,-3.0252368802772085,-2.749080255808308,-2.4871251223619755,-2.2530154726033933,-2.053510380172809,-1.7750610569197731,1.006826841148647,8.031726113640554,6.555004290059066,5.750219180459325,5.379691302234054,5.226754893116233,0.9756789749718344,-0.03905457110452893,1.4,-9.569730560546594,0.16870980239606748,0.20263812018739336,0.2583326887479145,0.334537550448323,0.4295397543796912,0.5412131594892273,0.6670715381990726,0.8043254532231681,0.9499271594206572,1.100552320949413,1.2523271516474233,1.3994413742583491,1.5265029048307643,1.544626527295239,0.36344245060106334,-2.1570601923767714,-1.41968821713574,-1.0936645169837398,-0.954535791876564,-0.8991935284294721,0.12993043696814408,0.290894100997015,0.1,-33.60168119252672,1.5897498642224122,1.5275873033503682,1.4255331491827816,1.2858672686338708,1.1116905132542798,0.9068324467226432,0.6757293437759762,0.4232664459321605,0.15457070086020666,-0.12527770851461395,-0.4116912337883947,-0.7013773695817105,-0.99406902047572,-1.2954201693965184,-1.4957481618609976,-0.8056269311921038,-0.6974709090845465,-0.6792719562112284,-0.669476881619001,-0.6650033670802065,0.006497108131598218,-0.08428451922044254,0.0,6.284133341896785,-0.024338822423226603,-0.024440333455134192,-0.024616446208733826,-0.02487858624338346,-0.02524509861496138,-0.025744378627412082,-0.02642042072223016,-0.027342960331758176,-0.028627018567129764,-0.030473399475090233,-0.033260956465816116,-0.03778454124254098,-0.04597315650612965,-0.06331841290342424,-0.09162620228457223,-0.004105046459308703,0.00952474137605977,0.005935514317578564,0.0033612572557455427,0.002177395495973386,0.0013790557569069578,-0.03808121794294416,1.5,-15.581505201996215,0.02430223760559258,0.024404098551463086,0.024580894237548282,0.02484422725922397,0.025212756409565884,0.02571542571766949,0.02639720892765196,0.02732966003024795,0.028631375695379106,0.030510764877127394,0.03336474487866764,0.03803866329628208,0.046643503500252585,0.06565360698041027,0.10465580610213276,0.021731848722963576,-0.0017992812934288227,-0.0014078813702424475,-3.795576888060426e-05,0.0007040723125812665,0.0035206815594417493,-0.04839192236279012,1.5,-79.49464096665432,0.20597416226492535,0.20700369198449664,0.2087891698516433,0.21144525879232567,0.21515578669280888,0.2202046957515238,0.2270306926274337,0.2363266562296085,0.2492300432804453,0.26771431680668023,0.2954713689602635,0.3401525483765413,0.4199552859876996,0.584289280684428,0.8131748633899383,-0.07896458658672234,-0.17058941148959916,-0.12134548814782288,-0.09054487082293017,-0.07680771680351706,0.027870766557996692,0.05090039383047632,0.1,-1004.4950883080332,16.600603132043318,-11.185849893855577,3.5837279624505385,2.661903651829519,-5.8321225259183365,6.089778934895357,2.6512556038448167,-5.940354555886196,5.2693666202879035,0.060545278139169774,-7.8191307756140125,12.676894497879024,1.6154679554784581,-43.28420803994885,-25.843093673468857,7.717077532311581,4.111656033588531,2.9332565324598328,2.456677409295498,2.271815469557108,0.006192219047864854,-0.021565155525824657,0.0,1505.0337900741877,5.977093761248455,-5.920633302771393,3.3361312996606785,2.2603395850370593,-2.0036206026538963,4.767148553974252,1.7704299257553018,-2.3883226857068958,5.505148529753021,1.3544197325347156,-4.896998965649772,7.4935950472947965,0.7319675894138875,-28.522057710341212,-18.529943939950787,4.637605844253656,2.630033775679763,2.012046269636389,1.7736387050361344,1.6834532518699097,0.0827743443580632,-0.18518288638677607,0.8,-161.5108806732779,-14.439151812920844,3.665205238365779,-1.113210200177971,-2.01349143259826,3.8582396183192937,0.6642865778938036,0.6996899291968095,6.178524071515953,2.8532111602247974,-0.19781689879659226,3.195005719887537,0.9895588180194084,-1.996644930166452,1.5124330145844267,2.136906303475132,1.4906464062448082,1.3068503190537637,1.278257170887965,1.2719002735967029,1.270196878021614,4
2022-06-08 16:43:17.725446500,-1.0697870289585278,-0.8323862972314591,-0.5765358034523329,0.05140641089305992,-0.2038401873573616,-0.3015903998222128,0,0,0,0,1,0.0,-18.275674407616393,39.78150936893496,-6.5183368821666585,0.0002176254940458393,-0.2121572845517199,-0.0028575998819981912,0.09092205318308592,-0.13454152845531345,0.02520738452851809,-0.028035033572363272,-0.04299143487428323,-0.9537296516608282,0.4761125557195726,-0.2104022103677359,-0.0852247709456828,-0.12643148203615145,-0.38062333981552215,49.700520833340846,-22.586606627033106,24.73702973709857,-1.8139955088819528,10.449364085528607,-0.12036051431712412,-0.0033403531665722685,0.1758348915008162,-0.032210236130681705,0.04525712592934863,-0.029938893050082294,-0.042322494009426885,2.4799488123903357,1.1589823184128396,0.5730962150804089,0.37443779476734856,0.3468634199501202,0.9510645245358198,170.2643545833335,14.004743568569268,21.690159793032972,13.029334672394599,164.4011030612892,0.14521034437545954,0.191134383486004,0.09848028616465557,0.17151836996064687,0.0931566913485157,0.09607054935226536,0.07843262521178355,0,0,0,0,1,0,0,0,0,0,0,0,1,1,0.8025452208506967,0.3757948308428339,0.0,85.16452250386564,-27.380010386392414,8.166626181194323,5.015611674517338,-5.874318889728247,2.6457853344143736,5.643129345546408,-1.6216398629974125,4.5091070575144245,11.841369412251119,-0.9641493985533058,-9.956730687032712,2.279286388424384,5.028194269239107,-11.925930937820521,-4.3224421839067615,9.877637518625608,5.246610490093058,4.031136938439664,3.532940995928755,3.3356413263519284,1.1883965276357442,-0.6731611632692108,1.4,-19.033115720732006,-1.8120383991766915,1.4886547485741728,1.7481492771524587,-0.0435962228570228,-0.3178014892353673,1.7950145025376034,2.5507446018801603,-1.6017337191897925,-5.833005133909133,-2.379000640062519,4.307466863548074,4.435349130976087,2.1756070688944176,4.493832577277006,0.25413865609114805,-3.2133980366765846,-0.7826789865485089,-0.15453266655570813,0.1008246151864614,0.20108616644151373,0.6496222233881256,0.161740054630363,0.1,-23.132423736313058,6.2694454182163275,-2.938029812661086,-2.1508057141253567,-0.5363246387116951,-3.071182923305592,-2.298353218111157,0.20005279985297708,-1.5585359658107212,-2.3874554724903008,0.8717341412798127,1.9109939010616104,0.5531778843989923,1.1664673454946426,0.7282445030166388,-1.1104327726135583,-0.004709031132816843,-0.22013684448900184,-0.2848528270559778,-0.31499964504168765,-0.3280057932888696,0.3086029716795822,0.1630825924785008,0.0,6.116058413394356,-0.7089091368852731,-0.5636456613328613,-0.3505035032984899,-0.10704484232885103,0.12469408991458107,0.3061705430580953,0.409487492183856,0.4223250303402948,0.3497085849635965,0.21232480439615345,0.041807775593811436,-0.1259405153340441,-0.2577550200548772,-0.3260526393626921,-0.2270277426784939,0.14616379588826328,0.1368144836430916,0.12377414066134705,0.11753256384151113,0.11489915363891615,0.1288278788449313,0.11576145467592365,0.1,-15.115254593618918,1.0404947558779938,0.8282890367356557,0.5168105539052628,0.16077368893459587,-0.17861155523745986,-0.4452597864601001,-0.5986391508046894,-0.6209589157943356,-0.5197424553249711,-0.3253656344918749,-0.08417461091256134,0.151301381548332,0.3329415652809569,0.42489364486637693,0.3331050048863137,-0.1341386032090362,-0.1952667528070152,-0.21104503997398852,-0.21865713225763975,-0.2218877026612858,0.2042757349609336,0.19933619352712428,0.1,-76.71833528830335,7.061763582126499,5.671871353929545,3.63650150331821,1.319319710802664,-0.8744729829971547,-2.576393428542179,-3.524583567525162,-3.6114609885417464,-2.8998518661501853,-1.6048911408974655,-0.046121131460791,1.41925137674698,2.464610246337442,2.8138923887738687,1.4098234324293428,-2.254710793750704,-2.087208006826372,-1.9512713818932128,-1.8895011770274768,-1.8640389038807808,0.02465538574540729,0.08135121073034715,0.2,-934.9706915957512,6.479474315000317,17.38966424904406,-10.284606880600519,-5.976147836228647,0.9448415347677964,-12.027785467445742,2.166581567152015,-7.521648988545451,-8.286161270618392,0.7960047239419055,-15.061200050169262,2.049684907497774,-7.5837466038165715,-1.1733178536960802,-37.13310432034196,10.200195340504166,2.1561700599839,0.4414304504290989,-0.2288459541367089,-0.4889331173091725,0.004770665766057492,-0.027583437343934945,0.0,1539.1532078558319,4.257677253107204,10.179502960950117,-6.3426655748275484,-4.437832593132498,-0.4526012822343972,-7.680360029915548,0.6707214257987815,-2.3152622278866057,-3.5496991715799235,4.345226887867098,-9.523705305986894,0.21225167851262586,-1.291810227206266,3.138692544315994,-26.464652223189606,5.984129004943171,1.2518133556292703,0.3278901813490833,-0.027646266614874904,-0.16476508329406148,0.0492154462175243,-0.1981644051578929,0.1,-187.91139043141445,7.10560930343447,-1.7232050677385258,2.4579548091375845,-1.2743977989882644,-1.1184752312400743,-1.7913107194540157,-4.455463651186198,5.9982965909886765,1.0070286734106442,4.451023378523479,3.4848094019823384,-2.6062938653914003,4.57409166621379,0.02238509978574577,3.2576134527687834,1.693937085859834,1.5472683284733382,1.5626217138199343,1.5648674519585215,1.5648668800057697,4
2022-06-08 16:43:20.475446500,4.0117189168331215,-4.897671661883893,-0.3425859602186008,0.11261147440717725,0.3819216646222867,0.4836900263179512,0,0,0,0,1,0.0,-11.138787832690003,43.94760069439361,-4.350236378467375,0.0003450897987003368,-0.2516167702508601,-0.011873399095868958,-0.012561206997549526,-0.10449183337107656,0.00840059585091536,0.20940790787490887,0.03135785803273545,-0.9273998927497836,0.4294341976834735,-0.20885088556663145,-0.08532788964554806,-0.1231093048090599,-0.3712076419675098,39.38925833334085,-22.90785002992296,26.22012595658712,-1.1109806763200127,10.448955492877962,-0.13147138291570226,-0.016204293378534216,0.17435035083446826,-0.038887094290251514,0.04504382115040453,-0.027820862049875508,-0.04463492875897908,2.5462297899829616,1.2805474613858965,0.5753461956325953,0.3734652536101371,0.3501280952407929,0.96497933675211,155.24071066183038,13.671921573536151,20.561537526913302,11.981639323296779,164.40112901604206,0.1342126815055711,0.17149397141925984,0.1004409711893374,0.16897029488867002,0.09377028006204237,0.09990466823508916,0.0731795876255039,0,0,0,0,1,0,0,0,0,0,0,0,1,1,1.3736854937355858,-0.09544224009319614,0.0,67.89375564961493,26.656204562076717,3.4340388110953506,15.209856372419937,-5.698468438296723,0.8214605548838119,-5.7960831095005725,-3.6168341632546186,3.1062112141295724,-14.93035108515074,18.202896124294906,3.6802377346516826,14.232225145205135,-15.121820356671446,-13.97862636228401,-9.772482683128695,5.727119174479316,1.5109242143094208,0.9911232168382252,0.7995612796980196,0.7290197120875309,1.4186140426858878,-1.7646182465180258,1.4,-41.50226102064504,-9.807343849854094,-9.451274046398527,-4.9637597140477565,-3.524747779303418,3.4236343885941367,3.5970493942615582,8.820663000874465,1.7641242851413304,8.788374793861482,-9.82210529512305,-6.307447148044139,1.8030986122895332,11.626914683846385,13.777693764923345,1.3686948840720323,-0.8999024713621595,1.1496102880689256,1.466030299128812,1.5934448588304204,1.6426201506325675,1.2578692390205892,0.27466289524792803,1.1,-12.681610174697212,-4.982490862030971,1.0217424859785331,-3.1593345850539025,-1.3942053561270296,0.02500490523392651,0.18915999528608696,1.3493912587169643,-0.1937329032889185,0.8027985898320521,-6.033115454758622,2.247154367492497,1.8481394195347278,-1.5294812584928552,0.23642157922403545,-1.2286288418677749,0.019500279112690644,-0.2184999024583636,-0.2334388428213885,-0.2387537154572589,-0.2405877902986115,0.7089336729156882,0.08329538354735895,0.0,4.900289691951988,-0.4865618608519573,1.0237933742914842,-0.18808015996057886,-0.21126385361729366,-0.015180478936904275,-0.23492668672867856,0.6998971004175158,0.4681043188531184,-0.6885805889843041,-0.23658634218768426,0.20869965566743068,0.3281504452908981,0.7342677672532147,-0.2610103777565109,-0.6770493050747154,0.09318922697239224,0.035642512603783094,0.03220173954197966,0.03225386467821338,0.03251090292130555,0.8821193404651692,0.6076969911652014,0.1,-9.194041220005797,3.5548016014711488,-0.3450118957704253,0.8200028747966432,0.27440842908851404,-1.1994759861128987,-1.0398514467580773,-1.2373585839007746,-0.4499180329686324,0.5776636906370125,-0.046313584414201185,0.12173408736191373,-0.1929929137369104,-1.8931044825945376,-0.8810055158987335,0.4554610711099866,-0.3361642971275561,-0.33427107457129435,-0.3432229876317783,-0.3478018419603055,-0.34972900139967744,0.6536515335056631,0.37834514932784813,0.1,-51.30998942363254,14.112397710418724,-6.2284611936950895,2.4239348898270414,-0.5840465573482625,-5.727902928794179,-0.5221401474207097,-2.892768237236858,-1.73047607137823,2.4977447640703,-2.232819793289836,-1.8181906116844142,-2.6851334656161376,-8.2177124328991,1.9032502347747,5.2427681671138355,-2.041670613827835,-1.4091196827176682,-1.3637901995310922,-1.3590615307029068,-1.3594700803795443,0.041790800100800135,0.15316931557290234,1.4,-816.8353068040074,14.96228749812184,-11.47854811857752,-1.954994478010036,-6.170419370396871,-2.099925338472019,-1.7348314698764753,-8.890660100512662,-14.802726160100304,-5.622960577455046,2.4277325458221206,-0.06937261243274229,-8.010343431895869,-12.633607260508521,19.268478214621307,-45.57663396486304,-1.5028884567814766,-5.887014400187856,-6.1300901872310485,-6.176318102881826,-6.185338998373518,0.006721048137830025,-0.04926782120559806,0.0,1602.133218449002,13.223093471049113,-6.0192359020801405,-1.444773533791107,-5.199906587678939,-1.0670317823691846,-0.9924838192058444,-5.068107428711613,-3.7903957467295513,-3.961830812773115,-1.4302890591762178,-0.8169216118279721,-2.3764006246278453,-7.825377065992272,19.297863753003842,-31.333145734992627,-1.116226375126132,-3.401116155938027,-3.4680562035477815,-3.4591814216984553,-3.4496523562271766,0.11856554414627245,-0.07371414463522989,0.1,-201.76289583710542,25.036844558778558,7.193541664250316,1.072277880847654,-5.774524998078362,-3.6843731709111847,4.862548126776772,-3.9501931138302666,6.2807889026079975,1.3096760251760573,-3.1448905680797385,-0.03978039425636748,0.07226227366568327,-0.03585894650220567,1.2673975555942203,2.9470442732186983,-0.05360672593222393,0.3510944623748831,0.39015648938709546,0.4013068600700751,0.4048174763295685,4
2022-06-08 16:43:23.225446500,2.921495751560053,-8.604789428315163,-1.0575817542064319,0.0956435183821722,0.2769289230419917,0.7138452579650452,0,0,0,0,1,0.0,-10.227272520590725,43.952377560546864,-4.461084060975219,0.0004963930848376686,-0.2523540784692433,-0.010172749684648864,-0.010485725741531744,-0.1106375888559544,-0.009337697724182966,0.18745573034075733,0.04895528874482125,-0.8538336777778043,0.2735560394600289,-0.2271049688135043,-0.08246148240337373,-0.11478562719185348,-0.35158477857943154,26.024533333340845,-23.125643728619853,27.679094813064037,-0.5173255918217134,10.44817917640776,-0.14312593521819916,-0.02850610483484945,0.17140556514733574,-0.04586612608664938,0.04431072271494972,-0.022595622139202225,-0.0477708626566495,2.6154968323684864,1.695905413421896,0.5766028846058363,0.3727435094939573,0.35513762270446597,0.9784570034305836,122.26431407592364,13.402013176989,19.456053080876828,11.130484865218737,164.40117802398132,0.12073572164765364,0.1496384458810138,0.10361915363904398,0.16540558398335775,0.0940702676779884,0.1052420214907332,0.060826944909826826,0,0,0,0,1,0,0,0,0,0,0,0,1,1,1.3153396867553808,0.08876526159868868,0.0,68.257290093911,37.951878402971204,-2.4752327667735035,9.711115089379653,-6.834484267100702,-7.514576576927578,2.3507980265782638,-0.8168929223337713,3.664441416222152,15.86667232436811,-18.58864454734691,4.967080207414625,-11.195559406617338,15.635254520895646,10.510281359582981,-7.053290772712835,-2.1169504542695465,-0.5862386868241529,-0.34421370439748045,-0.2332614198448484,-0.1884200567267983,0.6148912548329525,-1.195639449308412,1.0,-114.2364447436278,-30.198129630140453,9.825421533123516,-0.3145248626668371,0.7129984803595041,7.199505553628954,0.7622681082417564,8.806388145883302,1.086022334021862,-3.8729727577601305,19.41418549674276,-6.930816253894969,12.527787710319373,-4.844131423047124,7.362313046530543,2.299752392346909,5.181835904004194,4.370858839578687,4.314627132199841,4.294449070860551,4.287147469658127,1.128058440083076,0.04023103940119463,0.5,-10.973677930555578,-12.47062825986165,-2.732887841707337,0.010601159509002313,-1.0014847061678842,2.636754964303284,0.6253350100729251,0.2420735118280074,-1.0257793069471646,-2.3172873736885826,1.5150054648585682,1.4598322214898145,-0.3333961629926424,1.280161906880113,-0.5855332619375457,-0.7003337805884347,-0.14436077607733228,-0.026163881795216004,-0.0075314053556634905,0.0031065177668297412,0.007699071607677869,1.0433435455376068,0.11626581935496386,0.0,4.050583708935397,1.2968873211424183,-0.8920143496753355,0.5542954156388572,-0.12112982997704624,0.027564894322499502,0.02561753441466591,0.2283116035752705,-0.33409373216786264,0.4987497012392933,-0.3064808187521379,0.10736162035826846,0.36796754301214063,-0.6282086996988643,0.9580108896834632,-0.6786405041156199,0.10352783238445597,0.03783566186816853,0.03513071101834705,0.034703540837492185,0.034658985919269414,2.350522686397348,0.799538891771972,1.3,-1.2982878420413604,-0.9210925731540308,-0.4924234014728459,-0.2504998668734592,-0.37756661921211865,-0.580573284979474,0.21482374466124865,-1.175073455285152,0.5541540093994929,-1.0043937459715055,-0.19631572519640214,0.17610200761714376,-1.4707431149433767,1.1171510185604543,-1.7887755004818269,0.4746547201791788,-0.3618263975590749,-0.32122378931213397,-0.32150072668156904,-0.3224319492963874,-0.3229199930664509,1.6827441778140495,0.5363012256180891,1.5,-20.524008775358066,-8.959346316580667,3.5741426925503363,-2.7552764856664242,-2.9696259368872817,1.2164804224112522,-3.220368339827252,-1.847826678828372,1.2078825969946494,-5.182737985177843,1.4223174827342446,-1.712806576986326,-4.847310356545402,5.100141514124193,-10.140928897783905,5.201643516805881,-1.9502538577492683,-1.383503265130387,-1.3671035241372789,-1.3666832777843445,-1.3676236031919569,0.08010628272647323,0.27277149700674896,1.3,-677.5862099715066,-5.80098498329096,-9.337374705194492,4.1223494366371805,-3.4478665012629217,-10.580175683792376,2.6008042146321912,-9.125073927217578,-6.318782049838173,3.326931960985416,-16.00451869154778,13.579387530367631,-14.987643450061116,14.296404518406373,0.26631073905415725,-46.75304648239101,-23.932709263251947,-16.64192380572915,-14.56918505754468,-13.623267705502169,-13.23343701300043,0.007195534951746337,-0.0826398811240929,0.0,1673.3199576072973,-6.812571696534008,-5.4633984357001,4.2866204691836165,-3.0913909444512626,-4.649505905369082,2.0193306370584025,-6.413365034305143,-1.702934663082431,1.877365949196552,-9.836636279354524,8.607915344137304,-3.6474497181525214,10.912102226390227,0.18245452109245264,-31.561856574868134,-14.519897767385087,-9.875294405297096,-8.548727191637063,-7.941736317017237,-7.691237011465919,0.03982756987464407,0.0042169350339115045,0.5,-204.33735647807697,-0.8408711413084546,-0.5985518966906511,6.327118745570357,-5.208620847237088,6.689017518035919,-5.916812864952759,-2.9840092607704296,0.6443915335402473,-1.852107925705684,0.4960405985362284,-1.4283288760924735,5.1865961848823305,-2.077395197360868,0.6082786366793282,2.0609828072630245,-0.7697546400828195,-0.3300009891748949,-0.29446833500794606,-0.2836574661800655,-0.28001742837646315,4
2022-06-08 16:43:25.975446500,2.525543696156783,-12.507258299288141,-1.762288915945066,0.1022487720735146,0.17484856313789782,0.7036261084428669,0,0,0,0,1,0.0,-8.045696490419708,44.683972027920944,-4.7550846222221415,0.0006476963709750006,-0.2595026097196309,-0.004698059060458767,-0.0306655760396438,-0.1109838356927758,-0.003329306171292985,0.1852424151803508,0.06941782548045806,-0.7966810780568724,0.03540465629002448,-0.2657636287610462,-0.0814729644997936,-0.10720926758193963,-0.3247219576381628,9.29303541667418,-23.348951830774126,29.213367417952448,0.08384328785816605,10.44746338504725,-0.1559393097512301,-0.04187157381399945,0.16821991676108575,-0.053705167821611055,0.04306618868840256,-0.017076511787675403,-0.0523613046881117,2.6654020422969693,2.3879559897507363,0.5972877919603572,0.3722231959096781,0.35821895485606425,0.9885668317438684,41.92219439693115,13.068513578006382,17.993406976780552,10.131817098780374,164.40122339438128,0.10029721084047784,0.11735473723951335,0.1069573306090702,0.1600298193274727,0.09426441826889673,0.1099038678158657,0.03559569123813591,0,0,0,0,1,0,0,0,0,0,0,0,1,1,1.1672136402468092,-17.541645622193382,0.0,74.59903945192418,-27.69509263594101,10.14083026218979,-3.747035149516652,-7.446203600993936,2.823978673585218,-4.578019248232372,-5.5146388097566525,-4.27056073224634,-12.756198471757994,0.4171725684361802,11.245155148201055,-10.216162204539113,-6.240357755300133,20.524007685578038,-5.8840202655574165,-10.438344158978078,-5.370503789498095,-4.3564254945281915,-3.9486916144300013,-3.7895236336332583,0.15494621509081175,-0.6395472815063762,0.9,-227.72712585464973,-5.41021898336491,-6.018733061358821,9.705771619868713,6.9317241889883805,1.436352883655989,10.193633777334238,7.316014712470546,3.593649358099402,13.188030796200271,4.726668889602592,-8.38652967847297,6.843154074738924,11.364248851631839,-8.044650153684557,1.4824258602664244,7.767756630098808,5.926932826335347,5.703588630840452,5.630015094465607,5.604321953308507,0.5184282126593087,-1.322653239743903,1.0,-21.10258336784394,-1.6523002816161487,-0.4372987234989729,2.046434800189715,0.29738722967747444,-1.0870839259891556,1.1215095768164125,0.8005588943403911,-0.07161100641739028,3.487445078185049,4.397732775975947,-0.2748413584825442,-2.2099155789195173,-0.16650196832398184,0.9283619554415554,0.5661141198361669,0.390775780531717,0.6475858641923998,0.7006854252034651,0.7216560245423833,0.7300396962048992,1.1760690935152127,0.180675579676633,0.0,3.203559726869972,0.2871651427852708,0.8901166140672676,0.6377605145925054,0.02455808102585702,0.13453267010194175,0.3651936763255709,-0.3232062151677281,-0.8142255103925744,0.01727969795339379,0.6399883423322037,0.034559789802232316,-0.0723063055402874,0.7708448849239342,0.5158359606706576,-0.6195120414167034,-0.0888612125683721,-0.02599051765321657,-0.010898318771387132,-0.0034965397362188393,-0.0004044313662366125,1.3575926428783593,1.125471139817439,0.0,5.6127766011405775,-4.864810360756811,-0.3659821452271028,-1.4911894244027453,-1.032828559278089,0.7437519481888071,-0.524531741132446,-0.6573119476785736,0.8418091236352868,-0.13442832508091124,-0.7710389080411297,0.16611533241072396,-0.9458694651449432,-1.7580741627925116,0.021798469084827687,0.5035309709779048,-0.1775318991329351,-0.2103155450919575,-0.2259674139975693,-0.2342026019879067,-0.2377443083443322,1.9587413841551016,0.7948088669105066,0.0,10.74039501541188,-14.946230240566848,-6.409498522604122,-6.392393141975652,-5.270707401297118,-0.26658773594491025,0.14040000142276687,-0.8343347552090261,1.7843925099479865,0.7135092955222846,-3.3636871089218623,-1.926062410078388,-1.971915716944673,-8.550660521782351,-6.3869832409149945,4.690840172513174,-0.028772234143248587,-0.7894896816128436,-0.9649219083211324,-1.0462379804032689,-1.0795478935854246,0.1216279927111046,0.2954623204450794,1.4,-538.389055776144,-28.32435011039686,0.648779621009723,-12.711398066978802,-8.730856914254232,-3.2855263742028384,-15.414529585041606,-2.055854361312204,4.269017639939932,-19.802097149773303,-9.09277581111428,9.312356236906817,-17.9823405225497,-14.539113774559107,18.50218941853329,-25.86813091815336,-26.132154732472873,-14.40712047111714,-11.79650237477773,-10.773435420424716,-10.380800522482065,0.005733651825873674,-0.07694844885179797,0.0,1744.3419923975725,-19.98529151502061,-0.0614677586615926,-6.642425455601199,-6.333731165548329,-3.635546415155929,-9.649281364857842,-3.2138055139661503,0.7016263553916033,-9.531201152151825,-3.124448595480864,4.67142332736713,-10.40201099345305,-7.485735860249548,9.127966822672954,-15.909181118910835,-14.307087197208688,-7.734566139812102,-6.281819033656049,-5.717971091576956,-5.502796202424861,0.07068003756799489,0.005692014281627457,0.3,-192.9402374533707,-13.837287006557762,-0.7011818535069311,4.387578583035558,-5.3114539072314,-7.872600161750923,0.08432336123330941,-1.2099848693277548,-3.4013418149975876,4.101078153669718,3.6679314721986938,-2.972386000891001,0.5360866061996763,2.5844345423931303,-1.7247013626139474,1.452508231358708,0.3832733397485271,0.08044118113293353,0.021462073024307138,-0.010629979845615534,-0.024820393921325627,4
2022-06-08 16:43:28.725446500,2.462266171042036,-15.942179360445314,-2.390488585766192,0.11943427839604595,0.0578193817552503,0.6311536259937097,0,0,0,0,1,0.0,-11.849011501796324,43.28929665753146,-5.4440790654336775,0.0007989996571123325,-0.2465809180065556,-0.004313857166850513,0.003738044000756589,-0.12501628997465394,0.0208045409822692,0.20185672186980747,0.07936949211290215,-0.7380569014632984,-0.3000464804078403,-0.3273260249558441,-0.08804412827100229,-0.08645611957303084,-0.30015534709341873,4.831423958340848,-24.163707462203845,31.076182106469897,-0.00872287498221357,6.230553254014037,-0.1665976506738158,-0.048493682495336005,0.1696659532823906,-0.06874690963371287,0.045889331749986086,-0.011166131882087758,-0.0504514266694696,2.705943809834341,3.2717534339222483,0.6470031230299044,0.3535544572927598,0.3389066102852937,0.9989844873252004,29.197773844648925,11.167029397321839,14.655562502727658,9.875956788616989,136.18635158898226,0.08068534215076041,0.10460991100379544,0.10309096108339487,0.13123480820368544,0.09137994747706804,0.1143807158357794,0.039401604542199486,0,0,0,0,1,0,0,0,0,0,0,0,1,1,0.4709015379235469,-0.3916883567060853,0.0,110.41925201128592,-11.137707980566573,-9.771255008967175,-7.634701782291467,-4.925652971984441,-1.8946874695921707,1.1777299464260214,4.0069697990229125,6.330084513473673,7.929124633339898,8.649142621274805,8.407488317555664,7.1876350455971245,4.990512118308122,1.535326431836222,-6.525021766810482,-11.693056683656721,-7.837162874530043,-6.333008377539148,-5.645320808021675,-5.360022346657519,0.05957330207438441,-0.4046718702488521,0.1,-382.63492964781784,13.305736256847858,12.372702387519945,10.910785132571512,9.050618158210618,6.957801070388513,4.817541020221197,2.817453254743997,1.1300828469834716,-0.1032998121100288,-0.7862728271836037,-0.8772702750917158,-0.39579613391155455,0.5753075492254265,1.9237181259101048,4.597871966442163,9.564520608414767,9.273068461230654,8.990424922577809,8.85066985842875,8.791523086598446,0.1023137432289419,-0.4744272707786106,0.1,-47.42775984790072,2.659838088929207,2.513895478757375,2.284408116074605,1.9906725937813297,1.657170505390535,1.3113117061939008,0.9808961254562796,0.6915111767734261,0.4640676662219068,0.3126144351864222,0.2424049831673032,0.2476879589459741,0.3066352462125328,0.3580187498046685,0.1659749061186684,0.2842287440580697,0.5978475905037186,0.7109720838714249,0.7649093664255824,0.7880731612996654,0.931517388809034,2.4985168836636333,0.0,3.6937316662950663,-0.1724209369942339,-0.18004577380812334,-0.19253738231603995,-0.20958386605863288,-0.2307740955684161,-0.2556234515717263,-0.28360819062053344,-0.31421164238596777,-0.34699050916214513,-0.3816823766584896,-0.4184121037572833,-0.4581792031501408,-0.504356426872074,-0.5690931039462137,-0.6800697085930312,-0.487296154473005,-0.3761654314318555,-0.3422613887488328,-0.32682692368649224,-0.32040078972842195,0.5989020690752673,0.5884016890852455,0.0,9.002085903262559,-1.5077166837583196,-1.3666954828750728,-1.1448868254324944,-0.8608676610241013,-0.5382396576032962,-0.20349182263246424,0.11639222934887195,0.3963630917054399,0.6155501267574911,0.7591237639743551,0.8196273382561405,0.7977273354649825,0.7025670395954269,0.5522443296583949,0.3578412166320321,0.15527046284165774,0.11886253075034868,0.1095037114711283,0.10618670679860068,0.10500146322975937,0.4910076563749747,0.7027770653872578,0.0,28.298191641677537,-2.2594380591515844,-2.183378827630752,-2.056053407074558,-1.8768208421268382,-1.6451480156540559,-1.3608941378666397,-1.0245591521357025,-0.6373937351052571,-0.20120489844542802,0.2824657336546539,0.814571658660495,1.4045724652203553,2.0896319092806883,3.0168281589972628,4.571317652217144,2.6256893254009297,1.4571822292096113,1.1510449184910945,1.0223232893999312,0.9705879807802472,0.3031349899859439,0.014054298502878456,1.2,-499.62297423778506,-68.36345447044559,-18.13515094699417,11.771818908065104,7.443758319297991,-5.0198298207448175,0.5536960710159349,18.347756112550012,25.58464622090895,17.600858366583687,12.945681814564967,24.603986765388736,39.78281617960613,35.53631460574207,7.148732119263713,-31.21750590522213,-29.02186165480507,-17.729970717005585,-13.857531641313608,-12.09839033644516,-11.370578427013571,0.00940715500250325,-0.009903157241035777,0.0,1766.8664818805667,-28.6858266954732,-8.731494263274385,3.4373628874185163,2.159805156857772,-2.4265484377215927,0.1572181041699423,7.751642666367516,11.103493932875672,8.151440939825456,6.685467567265973,12.425454836409573,19.681649271261538,17.596524036280602,3.392037714629524,-16.458964863925544,-15.719190803754813,-9.839624644541471,-7.8177702509984135,-6.901136466047433,-6.522320144505294,0.030932527258708712,0.12360379578823075,0.1,-183.43603440593662,1.379803448017913,0.6674073307327149,0.13576468735568348,-0.2324209697603852,-1.009341775288414,-2.522645130484399,-4.285105664022332,-5.36315033486921,-5.232093214895183,-4.180104913696666,-2.956596720638468,-2.1381969283164084,-1.7522008903513084,-1.2666893106469557,0.4118613723875733,0.74555038064124,0.1352942036331246,-0.005910609731457407,-0.05856719447824865,-0.07844457153312878,4
2022-06-08 16:43:31.475446500,-3.912498663919348,1.7505571221247178,-0.6195050584926071,0.17563529525929852,-0.12075908712271465,0.7132583878934579,0,0,0,0,1,0.0,-25.24648115789908,36.18520079328607,-6.351831782095452,0.0001022972035520665,-0.1784435009978149,-0.015994857638337218,0.20199045808350832,-0.16861673255745613,-0.08929228386979432,-0.105090375029946,-0.052293209689586964,-0.7314501219299459,-0.3826786795672996,-0.3422004029686632,-0.07722865296778211,-0.09717318761946216,-0.2950342653159351,3.0866156250075147,-25.26184146113424,32.90210616607743,-0.2965607025921149,6.228055868221572,-0.1748720656290484,-0.05384140213305137,0.1738031237795358,-0.08606107256816828,0.047780866012262106,-0.009199832756205902,-0.049419837607969586,2.7379146854285743,3.4545553940512366,0.6498410140444044,0.3361549914333114,0.29649507335427,0.9966667940280356,26.852135805247002,7.233427929312048,10.052887355115892,9.588642153614119,136.186464769462,0.0656030412521539,0.09522365853026618,0.09505389266437787,0.07539998546308863,0.08858434202212617,0.11615507861400735,0.04042167963528577,0,0,0,0,1,0,0,0,0,0,0,0,1,1,0.5823554636628033,0.5288135376393771,0.0,86.35447456707035,-13.320417782646176,-3.5107360284950992,4.034937662199697,4.109224309953172,-1.122671383332615,-4.404339489592108,-1.6890911785765157,2.8049654025087394,1.8296157604859813,-5.005588764096563,-9.500123180729544,-4.426464107925863,7.396449966399416,16.039480383707694,13.470454393314336,3.0671814463784903,2.7747001114525425,2.7029534577510868,2.6272421707617672,2.586146399937556,0.4351718006770031,0.19071379561103344,0.1,-383.72536617926767,123.06887264931257,19.75327689394689,-34.20315047610577,-14.791015593014526,17.518951208775874,12.514133480795898,-11.547897843563948,-14.056675467361085,3.963776864634516,11.356298928174848,-0.04946547427768167,-8.899775394924852,-4.969260042176869,-3.639597044313263,-12.554876098258084,-4.775839433501102,-3.4103294471390697,-3.235228794297744,-3.1467936478879266,-3.1074351464380623,0.5662338145144359,-0.03008074361630118,0.1,-51.214192201637296,20.00774048788016,3.0068049495166527,-5.867752082927143,-2.8292944496394927,2.173409640479532,1.2534397311440664,-2.3236386032549445,-2.3276508916364818,0.2897417307060346,0.4146947997811949,-2.184794151888391,-2.964096079819666,-0.5269932310332739,1.336033938766367,0.4889527517591725,0.90193940062471,0.7937834409360541,0.6872050803349279,0.6305104197654405,0.6053887837416186,0.045456340048895136,-0.3938574374177484,0.0,4.3564845237535526,-0.006885760911762462,-0.0068047072853476545,-0.0066655912316507795,-0.006462023819827578,-0.006184338687140911,-0.005818835112012644,-0.005346844906536502,-0.00474396968508585,-0.003980873038202853,-0.003030818744924668,-0.001904380208961734,-0.0008029722871403383,-0.0009119539855050179,-0.010244828295323444,-0.1077675032418561,-0.22012880244804667,-0.14209616768327366,-0.11239626611073812,-0.09971791985456273,-0.0946341589280838,0.16605737002045634,0.4658821826571118,0.0,6.4289113488786604,0.1406991474860564,0.1408590600605374,0.14113678150514866,0.14155084254254266,0.14213113743706207,0.14292425228921707,0.14400304426912205,0.14548449510424133,0.14756505872427722,0.15059678866406812,0.15527129106582982,0.16314335466756402,0.1785471789209743,0.2191174594480716,0.3937818308428954,0.4377009731004165,0.3000149105689793,0.2535587307497389,0.2338248225196476,0.22594380533475816,0.033409671358170814,0.1677166002664264,0.0,28.83855238727423,0.19789606390230885,0.1986794237141196,0.20003985356273105,0.2020681267076516,0.20491084022001926,0.2087968455054172,0.2140850236965357,0.2213539982392858,0.2315815506243232,0.2465361059568062,0.2697378433269791,0.30923680920269225,0.387760300572408,0.5938049567595339,1.3004291807486408,0.6916336629576258,0.06274944623137912,-0.07702610195168103,-0.1197995706700422,-0.13331602567486653,0.1386628827619946,-0.20004669561848346,1.4,-543.303280879817,-19.188901257609864,0.8291007680937241,-5.261149330894661,-0.8752404174619599,-2.2682968855993195,0.4654957518884153,-4.765186313062603,-0.2483309341613769,-6.8740347105460025,-3.880898852388155,-11.236333225760916,-15.189605749582642,-24.296753238403387,73.56011884350187,10.396922648896918,7.30096600678149,7.5291123359767225,7.295954927926866,7.071153215590974,6.952224872586832,0.005798323700143222,0.031165859784403744,0.0,1744.6395009246326,-8.163576117901073,-1.1092204038535556,-2.930937987908351,-0.6510287634071972,-0.9821908416556367,0.5856824295252494,-2.1566032880139967,-0.7533836976250043,-3.7881546930699344,-3.549530575225233,-4.328873891178645,-6.809758933172468,-13.136780029857142,37.24257301016284,7.381497124444992,3.8261373084810733,3.813800560822987,3.6876573168746423,3.5689407273304425,3.506358626795431,0.013028889952114988,-0.12320841286306712,1.4,-199.7858748985581,-2.6646545364403664,-0.33973659939016804,-0.2252756962929645,0.8063984637722488,1.072676703881882,2.357640702217907,-0.6240350489236803,-1.4682081097424975,1.9813256964741293,-1.648007245163522,0.18348371012431874,1.9085702409163383,2.004113780463212,2.680013790330559,2.0035616338044937,1.9464954134626573,1.2289409154658228,1.0240686961579053,0.937088420278522,0.9023310015643082,4
2022-06-08 16:43:34.225446500,1.5282699598492877,-0.8612024370854141,0.2257858425735016,0.4363081050142736,0.023994478970362727,2.09011792120711,0,0,0,0,1,0.0,-17.15467621060508,40.95115287774721,-4.114484502422291,0.0007449729277553827,-0.21995441129054025,-0.025057178163141347,0.09772690793426687,-0.14253696907998967,-0.1894588786505053,0.15217799430508686,0.013619356893643807,-0.7551230263970148,-0.386816629935435,-0.3281514374155785,-0.0754681954469122,-0.08305600212535896,-0.2943126845371841,0.0052734375075147106,-25.242739522572712,33.99482484656586,0.023702982512156242,6.2272330313045074,-0.1820559593321057,-0.06005945536615815,0.17088998904694416,-0.09084803652909212,0.047608038699425564,-0.010553234367091215,-0.04828674859482285,2.731001926025371,3.4449379077176987,0.6220708921732524,0.32903643043641306,0.2269437437984289,0.9894645765180315,0.05693754697064255,6.404720520682224,7.588857075898228,8.5555065324808,136.18650210066286,0.04793621484223458,0.06879540121736802,0.09338631962336584,0.0697435722130658,0.08635528211728205,0.11474758739893305,0.03924230334529706,0,0,0,0,1,0,0,0,0,0,0,0,1,1,1.1603557540027285,0.2514815323433309,0.0,50.89688576450985,2.341399424163071,4.414645249983357,-0.1632760936766351,5.319868708672313,-0.5464747717788905,5.193752898645105,-1.7477892645116548,6.509065102266264,0.06812207482997001,11.349058648536758,1.5513746466536429,23.805339446353734,-7.058388377521751,-17.62448168553872,7.5306235774274155,-1.484559680583546,-0.8284573302321652,-0.6508462384528738,-0.5628506924901266,-0.5251232762628162,0.1150266195719151,0.25848411964072737,0.1,-302.9907427587563,26.917998266029834,-5.66267813274559,-0.3098124417516317,-5.6586713423562,-2.6208926943814705,-6.165290635698284,-3.4992259796837946,-6.748481142771045,-1.2964753839185883,-6.640786431061657,-4.216329291354203,-17.41802489123262,-0.9450332144870596,5.6018146852159685,-14.425834907219961,-2.8198409260270125,-3.6024609775122003,-3.7125569860022414,-3.754537625722549,-3.770766456855688,0.26675582025587,0.3076298318760043,0.1,-40.114212797852815,5.021953702792481,-0.4856360447472383,-0.1075333343484326,-1.3010478890886188,0.1467619854540927,-0.2096847938261468,-0.4705494750190051,0.053950109039070826,-0.5424151887884023,-1.8945056227988328,-2.7657020411750777,2.8042533123575373,1.9017137937316653,-3.9007068388813217,-2.6513110859888283,-0.37723061562059423,-0.5827036102442259,-0.6020409921916363,-0.6043227711047527,-0.6042209922636564,0.6724999771588986,-0.7142898557400259,0.0,4.145020427044711,-0.3400707719480297,0.3126694723542328,0.5389171311206615,0.3778123791728193,0.2653148459320793,0.24218405122639666,0.14071449767312216,0.12298630437318525,0.3519739041982181,0.4810244415517516,0.1579610378919307,-0.2667175528739639,-0.24261050090464825,0.01647075598353176,-0.2691513933849119,-0.5207170917838903,-0.4092913315070968,-0.3788335127906656,-0.36599751372008826,-0.3608463941884799,1.5461740281126108,0.4285187491895752,0.0,2.9217449511933427,0.7362483702976051,0.3740689700725167,0.08983961080429602,0.041006490922628334,0.16600252199175344,0.2523075704633281,0.1535254909331438,0.04790448348705202,0.31734516624932,0.9058046744547832,1.0360035828547791,0.12282087762463716,-1.1183475105726477,-1.2315011692806044,0.18551201903723685,0.4594721508685041,0.2887708504590897,0.2560370250436608,0.24399272521794516,0.2395298210737039,1.193671850171029,-0.30209077238641924,0.0,21.870066695041785,-1.4028883214238674,3.632469997550183,3.5624139898918696,0.9765550822633204,1.5419486691020934,3.5088933899383936,2.3251878693710237,0.3091030825073897,2.087095445970568,4.443645715815105,0.830443853721482,-6.410781951069454,-8.33011770231373,-3.0393835225005876,1.8462410654119163,0.2246066325844248,-0.20649401086673516,-0.32583838402548115,-0.37566897120716497,-0.3949979485530085,0.14722842776228348,-0.1357257578515339,0.1,-619.4854643747221,45.88546469944561,2.334432672341165,-17.579649505315107,-5.193826610089651,12.239064987861973,6.937416738711952,-6.773133661021158,-1.3881695669454892,13.905627735463606,16.63508747325978,14.116006873597225,33.07943715961403,44.86304155228369,-44.85263846072069,-11.144934557394086,0.4715280261944947,0.0639662772399614,0.4371158478193422,0.6643632883142505,0.7674814797695295,0.006869513343473742,0.017021681011053308,0.0,1707.9426795716145,17.630865174872238,2.402638357665268,-7.971979868298432,-1.6760265707519864,6.016109210127965,2.8257247605811666,-2.0586882830484825,-0.4381849617735014,6.908417216117279,7.798279852383096,7.990230509396614,15.475902024893179,22.101625182426847,-25.24932846751717,-2.9769646858620438,-0.3964399843168991,-0.4832388041478737,-0.28257809087493513,-0.1664445316486649,-0.11439284104798195,0.026414369033570945,0.004163690374504568,0.1,-207.39527014128802,5.556321449908165,1.3583941104305133,-1.6024597560426734,1.945472598661219,2.237234451328355,0.1300407801065937,2.2752995848861026,2.451992325810677,1.4558576052649208,3.864450464802912,-0.14766039585303134,-0.9510153295952364,-6.558737418874989,-3.3779902802172472,1.3370041779222983,0.43165073599964376,0.08802870330427838,0.0012490342572122335,-0.03396145589304789,-0.04746387856578626,4
2022-06-08 16:43:36.975446500,1.8659834194585825,-1.7024802603451918,-0.12959653082072894,0.5030072753632742,-0.1056755093127624,1.4859016106966485,0,0,0,0,1,0.0,-17.510505261895652,40.91198886382071,-3.844559721215055,0.0016732595687628151,-0.22137000615988447,-0.02658192292949085,0.09016708492097213,-0.13504581603516946,-0.13603599615551698,0.15378831147911373,0.012522451588485849,-0.7068992477721328,-0.420413484480676,-0.3345577761192341,-0.060985266746077585,-0.08544618827329678,-0.262553005452353,7.514710844332603e-12,-24.944751329499866,34.502284740024,-0.2720710457299509,6.226882622022417,-0.18463725565512515,-0.05817588039473255,0.16674551068835974,-0.09453314610727424,0.043943539076141916,-0.007619236749282669,-0.04678850093905629,2.7567144434690154,3.444892583560438,0.6099973926358639,0.33208347929823484,0.21572058930307936,1.0159058854530698,4.414211878538279e-06,6.2592639483642785,6.345232394017823,8.452526225804753,136.18651802887396,0.041877031366368514,0.06838855478549424,0.08949077196223497,0.06582442788038517,0.089462898964674,0.11726913028309298,0.03966757396787405,0,0,0,0,1,0,0,0,0,0,0,0,1,1,1.2770814834291109,0.15491773697704958,0.0,44.12020436038263,31.565409260555835,-4.220875915148993,-10.09872767471404,5.253116998581259,5.724914684971276,-3.6756736375870256,-4.307084952836991,5.772058006360446,2.658433210939706,-5.482374692122806,1.320245310747315,1.6496987503820355,4.800439822852131,-10.487600377426523,8.119457782205657,0.2252836411178625,0.5067064681841513,0.4779465889447279,0.4621475378564786,0.4553420691977253,0.8862305581883321,0.3569089388048937,0.3,-191.2099300776981,-111.50513566789357,-8.484783618073616,34.00853496876168,3.7507701976170433,-26.7170942215799,-14.941995973961092,6.482397128861186,3.7646285099999415,-15.080334478971176,-13.106350967542982,-2.3643701120101435,0.5922692582550311,-7.819994088028022,-4.9928532328636726,-17.53722597105444,-4.396859744585714,-6.046978125475587,-6.18606682441898,-6.227759810056709,-6.2415695816251775,1.2043366111303724,0.3869836937105841,0.3,-23.425280519228068,-17.681394557096525,-1.6164779697908247,5.760122971813678,0.4073943402226192,-3.732396392678828,-2.595322989166294,0.8880192208743102,0.8814132528722742,-2.380923350973821,-0.9579776931453894,-3.2743945734862496,3.7943603596707036,-3.506216008539917,0.16922301896506384,-3.1866451741163377,-0.5368987272114103,-0.8810161008110878,-0.9112370535552065,-0.9205138522373152,-0.9236146603993696,0.6429395767569414,-0.5977700517886302,0.0,9.087353945140377,2.859486058305416,-1.4674145603303643,-0.9615008695645668,0.679601208915404,-0.1993682822972168,-0.8128381219598425,0.031169100123586663,0.240751024217642,-0.7037807710003073,-0.3326693682222808,0.4570615450711797,-0.6577028103146229,-0.34213932824599724,0.11775681907092655,-0.05169268362555424,-0.2918432492264837,-0.22210491286603007,-0.2145922164837441,-0.21160600755255365,-0.2104775648884223,1.8485545377982684,1.0207035959007738,1.3,-0.3795195910249817,0.4147806645704308,0.237288855907666,0.33920099646169144,-0.047936196967565306,0.24967791422068225,0.13020382334948322,0.11678681468755595,0.123192654024268,0.28185563307120365,-0.33088698456921484,1.0817521552699068,-1.2221395087234617,1.4658554163968258,-0.6056728454902146,0.06431756960711732,0.21563501770566298,0.15163108228680552,0.14461652927238866,0.14191855093023667,0.14091610612528666,1.0808445870602923,-0.2487957839300293,0.0,32.93616947588074,11.584118195716105,-7.068859626057905,-1.227960857960072,1.523263486785965,0.5389963031689249,-4.241298527447695,2.7436617788654427,-0.4784466682024202,-2.3664286711733507,0.015084705967481682,3.2158464124316533,-7.590976829335707,7.393476261677122,-6.2857737589095315,1.9673931993928993,-0.3863328910010728,-0.3113908549648205,-0.32395399797966995,-0.3313923524061506,-0.3346262708713868,0.0625486233361508,0.17625734067969173,1.2,-704.905958763301,3.974272168768053,-4.85289597006463,-5.479145124512073,-2.3562419253411875,0.8036570703721182,-6.1711402951390815,-8.116218400102591,5.191344711301331,-1.5632093226655002,-13.916810502584152,9.54315633675622,12.210250096238287,-43.63823099939435,-41.13295849251718,-10.905290277147174,0.5932892266897802,-1.7752339519593825,-2.2539773840688344,-2.409425679721748,-2.4623272768601403,0.004373021765210826,-0.04404891871232517,0.0,1675.7128695786444,6.701396124483353,-4.71983429681876,-4.145225613117162,0.5032594033865223,0.0335693808136881,-3.707811329708264,-3.0381274487973684,3.1336818535547906,-1.400423641770928,-5.443561734088291,5.532339713341496,3.902043120185113,-22.50347775597352,-22.2911475833266,-2.141337732796736,-0.02469956695681219,-0.9354178448628474,-1.1707217401213228,-1.2505842827135574,-1.2784985503770459,0.056528996575117375,0.03922400867684465,0.1,-199.84490088273893,11.689184175379017,-0.7608344348875136,-2.8023853677562336,3.0766065789339905,-1.2167820827590337,-1.873909572240988,2.4779731376753467,3.7161933554627193,-2.5046886325509665,1.5625526610825666,-0.040071497772755205,-6.090243089365642,5.7758358521568205,-5.723524346575025,1.094011229935444,-0.7436583555833929,-0.5518168337662939,-0.528800557320007,-0.5191277867134036,-0.5150642420470501,4
2022-06-08 16:43:39.725446500,1.4116645273546922,-1.6832753500702182,-0.2342313827191302,0.4174468026071567,-0.12477003462811034,1.0082807960908513,0,0,0,0,1,0.0,-19.110621969632206,39.969992570225116,-3.478635493834405,0.002601546209770248,-0.21567974394461112,-0.030695596520861963,0.10310885264990452,-0.13009099133502292,-0.0891957680155811,0.12144962639875992,0.0016370024664000026,-0.668985509126055,-0.4520601932199518,-0.3458433590493052,-0.05344804878600543,-0.08878359005043637,-0.2283035894424951,7.514710844332603e-12,-24.50068481764417,34.90843340656597,-0.3958924075916487,6.226818165065121,-0.1871539954018737,-0.05713859439625131,0.16184395300851326,-0.09596868484153777,0.040039957601095806,-0.005234845145930678,-0.045523292775757805,2.7644245301235766,3.448690988444417,0.5936418038553807,0.3333862766966233,0.2112678549589094,1.0291485044876338,4.414211878538279e-06,5.968415714650465,5.938291007104144,8.4407623569431,136.18652097237657,0.03945987105419668,0.06832659931280159,0.08628163496998867,0.06554506195111345,0.0905887146604022,0.11840759743672255,0.039859131752887265,0,0,0,0,1,0,0,0,0,0,0,0,1,1,1.6250316072980031,0.7779375759608412,0.0,35.202647249663315,-10.89254089232865,3.2461486778952,-7.94490937652342,2.549644216436448,-6.158398484133482,0.2834249241338931,-5.47579627919163,-0.28490904560672137,-4.302156813320984,-6.646627154689318,0.5233692701260524,-22.996350022610212,-1.5825726436400471,17.350989218423962,9.302136376186334,3.7574273432418495,2.5418741956259696,2.095745913517619,1.8628229584306213,1.7605693564450715,0.716265941358856,-3.2387693547820198,1.2,-48.65288467261095,5.897690828321056,-0.5133052361972936,4.704254765788003,-0.04191307284513002,4.526028744077142,0.7216533145704669,3.8104359684457143,3.1877096110664014,3.7765310270139,1.864977017383828,3.354941617643066,14.648362481341655,2.0448139176408686,-5.188209536724559,-7.301121167759395,1.034665465375144,0.9167211536849282,0.8205665799510564,0.7929951775243027,0.7841845533758134,1.7810500861940028,2.095118285190233,1.4,-2.0671764204316343,0.10194913329985134,0.049653031964211565,0.9076847788106062,-0.12963083966475147,-0.3683496002656805,-0.2132183499635678,0.2653000009759673,-0.2639227648400217,1.1657835968043415,0.4669531724356374,-2.770812894485295,-1.5449913959098402,3.316720635845104,4.514577619426769,-1.2224041845601308,0.4816464313372251,0.4835986063441416,0.4535277622712366,0.4372612350025447,0.4298075597317477,0.33078332322072346,-0.3770149628712344,0.0,12.84256039035193,-1.703348254268699,1.305748476912342,-1.579573266915657,0.7222706044764746,-0.7804984249721689,0.19842542534367547,-0.2875728409338274,-0.07121585666182706,0.022412644794346404,-0.8646566713096036,0.5975486357657624,-0.4160357981983456,0.0001955059555862615,-0.5615850077001049,-0.06710237957533073,-0.07290337988485651,-0.12653740352978116,-0.13305918295020058,-0.13582259373779146,-0.13689117483076368,1.3623387410245709,-26.55297763268241,1.4,-2.638128443804231,0.2908494693197468,0.08075089427620641,0.42308416185186987,-0.03502652288326713,0.06993336312890769,0.1061691115148744,0.15580098074687287,0.27485042345525723,-0.2313352118298162,-0.18415624538944506,1.1189459824037438,-0.2836196897109535,-1.1673322525052403,1.5836694642135976,0.12745851782103884,-0.0602864632893424,0.05580033662912204,0.06994785282208121,0.07521923191614531,0.07716135009838003,0.7482120041074595,-0.06420066561274264,0.0,39.22916221113307,-5.847274262453502,6.994168566455108,-5.078714637269053,1.7304880259443287,-3.464120326160657,1.559934811119135,1.4685144837114588,-1.1425627857544072,0.5023222995677297,-5.55789957029296,5.339134756552738,2.9034027155572577,-8.105787196259284,1.7449936686450034,2.375580136330905,-0.3058735677447704,-0.09951724117681238,-0.09321573079605684,-0.09525318867986364,-0.09680474142135688,0.08486362468305286,-0.22094183572789614,1.4,-723.2651137973508,-6.913098311214468,2.560837878554437,-0.9327796638496508,2.5430126929534467,-4.388211184282788,4.443802804080626,-7.866320042959671,6.407290642427827,-8.326450192952787,-1.0923631185070342,-1.9999434349641056,-50.82873232382149,21.784435026443468,46.49206831510641,12.470695753388533,16.30667059655637,12.170278051535625,10.512822915911642,9.696516737454216,9.347695816988695,0.006257446089711498,0.04491939976025625,0.0,1668.0592951355234,-5.4283818847668215,3.5088435654479326,-0.7580164757753778,3.671808526345188,-2.8529120608133525,3.0727675822382565,-3.6327805861235873,3.5988011169574112,-3.4544624911332,-1.3059736815066856,-0.4208489310381722,-26.304931344427466,10.152400982602447,23.54370254553634,8.76686409075613,8.198049017628868,6.122775372654702,5.295270473839653,4.886918442272601,4.712555932716846,0.03017684531946862,0.08118686531139074,0.4,-184.95226131110286,-3.293117525218541,1.1517347847972823,-0.6032348173970625,3.322724256520079,-2.016982245709972,0.6688836143143124,-1.0346066001860257,-0.3045433164221905,1.2982363127047405,-4.6858278741383526,1.1718496308161723,-2.2471052791032617,-7.013656076146842,2.512613065971414,1.412571331060971,-0.9858689550913322,-0.7624939979646772,-0.7547220181584742,-0.7582529205327213,-0.7608630620630451,4
2022-06-08 16:43:42.475446500,0.940314609099832,-1.585494538237721,-0.3095595724267756,0.3262841897248304,-0.13714289709953625,0.5278086343040249,0,0,0,0,1,0.0,-20.642722837184085,39.03816296107309,-3.1094966923642486,0.003529832850777681,-0.2101343389917063,-0.034719317665820565,0.1155080921447524,-0.1248230202081026,-0.04226829564854998,0.08753386885946034,-0.009615498800454132,-0.6442937002034494,-0.4858204871236253,-0.3574117673705127,-0.05296318958041295,-0.08853629208723955,-0.211919733061928,7.514710844332603e-12,-24.17292507539073,35.470776199371365,-0.8579239075628333,6.226488872100173,-0.1898264688745237,-0.053933303033105104,0.15692583762521822,-0.10056165250755572,0.03859381508001138,-0.003857503712294444,-0.04504891405066068,2.7752960558249,3.4449475530432414,0.5741081200041037,0.3274662598579155,0.2091149064313465,1.0388509661195249,4.414211878538279e-06,5.787663532221912,4.933644869252814,7.9817320285138464,136.1865360139422,0.035910608517643036,0.06554837711239611,0.08250428684158731,0.06011987708114784,0.0916171450680112,0.11926822136739625,0.03988912552771707,0,0,0,0,1,0,0,0,0,0,0,0,1,1,0.9002520125989867,-0.3275565877262199,0.0,52.85304388821436,-15.584500968327914,-6.875812504806625,1.6235406698623862,5.40718774795217,3.7322228016759698,-0.22006746511297548,-2.0470175340868533,0.4374548958329045,5.632376398124293,9.54582931133347,8.97130374992763,3.9552818909245104,-2.286224620568297,-5.791773277042101,-4.506457412285979,-3.317963825719205,-3.0667015617595452,-2.7288085756094023,-2.5282287429542407,-2.436581508685131,0.2053018272530819,-0.2683350847348562,0.1,-62.92646404603219,7.408635782353112,3.079105052266605,-1.0948739288111309,-2.8827442854959973,-1.9881836447204293,-0.04649587655214527,0.8272008254361078,-0.2423421784800639,-2.2593316323013033,-3.2797809865556293,-2.1101033738260933,0.6069151562461413,2.7995905296618666,2.509175875015451,-0.3821553715123249,1.459483895650548,1.8671042251000856,1.7364937514172163,1.6432956362107844,1.599009369257924,1.289282957073634,1.0293945070057746,0.1,-6.145495478123535,0.8994227588038983,0.44830580338910986,0.03171948497704613,-0.1264938730671541,-0.036615155579038605,0.08458077372902911,0.009449749927580464,-0.3021634717516537,-0.6704828296738788,-0.860452389875825,-0.8070271453430726,-0.7057562977370386,-0.8784827238315954,-1.5238925101217786,-2.4671347533886205,-1.3656627049489023,-0.8872830669544541,-0.7510985957719462,-0.6884599829904764,-0.6622932267344779,0.3330309952952648,-0.13218342662556992,0.0,15.64270963225811,-3.5221371228307468,-1.9177113329314857,-0.26266273169362364,0.6339737584266196,0.5457809951118084,-0.10339130981675826,-0.6220180225879491,-0.5755501695906099,-0.06174260863981945,0.44299085838058616,0.5114957197003442,0.11575530915831687,-0.3691494796162919,-0.4815209088444569,0.0018172292451457128,0.10848793353097808,0.0006636881934831695,-0.024281212271035583,-0.03461196081161255,-0.03874351484266005,1.3136011815952355,1.6860658113462548,1.2,-3.736490221744098,0.6735614665093819,0.4908368104632222,0.3003900734833145,0.18903375615809906,0.17965385093266045,0.2361956140016769,0.3150897958713923,0.4133867352752556,0.5667039426960009,0.7948314782388407,1.0426968654976303,1.1760043814030108,1.0497026179494997,0.5951189353967266,-0.2146169208460232,-0.32054291795503925,-0.11439873662803984,-0.050149248531816966,-0.021180482170148743,-0.009185109834708929,0.7014360980230034,0.5998229704790818,0.0,43.68210201668661,-11.492468643637602,-6.248252702163287,-0.5160210574745037,3.078421082869544,3.3925728202579903,1.2547243411416011,-1.2543080868741403,-2.1789214394405807,-0.817455992558803,2.0525672740339256,4.8607965285832115,6.278834767079951,5.910811383896732,4.266710895465002,1.8916602068032025,0.3844973595697023,0.5307111968346754,0.5796586202262338,0.5980433842051504,0.6048312464934024,0.0373786749637078,0.0987524998791366,1.0,-752.0329259118221,-9.001772050403957,-0.6756714137792841,6.2262048177370355,7.195206477953525,2.8806979368218886,-1.4692999019439268,-0.3604299580799264,7.221139915402053,16.496940844438292,20.170485695042714,13.881448355662384,-0.30832669842604155,-15.082866628088698,-22.80307294660201,-19.013156823450245,-8.46627678260549,-6.7958112155725905,-5.928243761782651,-5.439400539228835,-5.218034616124541,0.002839139882650437,-0.01899327323809432,0.0,1655.2876296311738,-8.37261895959756,-2.115378442134329,3.460960055353638,5.028620505958628,2.6304051789612832,-0.5190042713610126,-0.7348888833975451,3.0681163539868663,8.364662879706955,10.882005063087306,7.907151349771055,0.4773797981552264,-7.239828868085951,-10.86895179655138,-8.199958941238485,-3.854245476414072,-3.2506886749979174,-2.8373488457499896,-2.597498655619209,-2.487994533273016,0.032097041537722124,-0.015498481924942638,1.2,-159.75856303495718,-5.167631730980718,-2.4365354860353747,0.3307716218399364,1.6596752841232298,1.064509915021736,-0.7185472457191437,-2.2801777174607523,-2.465525410800748,-1.0602687787944023,1.1750414177295267,3.069521091545212,3.772641644921685,3.1690836087049847,1.7552997671503046,-0.11078523526176998,-1.231707727400125,-0.9744704729050296,-0.8634988036593763,-0.8120426654357313,-0.7906983533224188,4
2022-06-08 16:43:45.225446500,0.4920084912071992,-1.4879262970972964,-0.3824365425189352,0.2359007310689198,-0.15132210929719767,0.04028755694916355,0,0,0,0,1,0.0,-22.1592056158939,38.13084436992042,-2.7141107236401782,0.0044581194917851135,-0.20481632646908127,-0.03895423842274705,0.1274541353996118,-0.11929139752673434,0.005334574203109098,0.05427162990595006,-0.020840386308736976,-0.6289020585038178,-0.544410047807156,-0.3842998541290327,-0.04685248387682043,-0.09583539501947576,-0.21105689164495656,7.514710844332603e-12,-23.9712486661425,35.77116447642147,-1.3845794223328278,6.2242610966468686,-0.1908205893915902,-0.04977960542507614,0.15367612711295714,-0.10451540451441016,0.038229798866372594,-0.002808575582901359,-0.04510787331329956,2.7807762509916274,3.4403477427483202,0.5446604389957438,0.3310130824164977,0.20528014665514135,1.039435904942681,4.414211878538279e-06,5.72649170560382,4.707648528314461,7.3119917902482205,136.18663719851315,0.03578068166500276,0.06055669280201389,0.08101886834700611,0.05553166352118885,0.09182604272924788,0.11970925491107992,0.039844755860535236,0,0,0,0,1,0,0,0,0,0,0,0,1,1,0.06165809484199066,0.29908941080285617,0.0,53.958739467931814,0.9104844009618648,0.9101329555280849,0.9095314816686502,0.9086553407413396,0.9074680132036796,0.9059193711668708,0.9039445015940406,0.9014657614865902,0.8984063755992424,0.8947422031854364,0.8906840482484335,0.8873569886700705,0.8897879399108879,0.9252210832630834,1.204956480904461,1.4313190480096392,1.2271803959037857,1.1563177166025853,1.1257532382873352,1.1132759814268356,0.01341519989755382,0.15022257904629502,0.1,-68.39794587858461,-0.34272782604235097,-0.3430975855736378,-0.34374809631869585,-0.3447373014331845,-0.34616166006315385,-0.34817773515633066,-0.3510427198474293,-0.3551936842307819,-0.3614125695336763,-0.3711996446125436,-0.3877169517764805,-0.4185540535075294,-0.4857513801422533,-0.6751926407358391,-1.3762271806616464,-1.0912377594348983,-0.5820949356777867,-0.4686347490579179,-0.4305519381427759,-0.4169710423309245,0.017253073928163637,-0.006578966356322203,0.1,-10.198041017429613,0.07860409889507293,0.07844816445694748,0.07817508638906723,0.07776269949940172,0.07717444130972627,0.07635165079189478,0.07519926290692941,0.07355815012305761,0.0711481866444788,0.06744073027563212,0.061339210511208726,0.05024666564143532,0.026671135733969956,-0.03883558474500143,-0.2848479118862034,-0.1916488073179491,-0.0047316974898854456,0.039212760912448165,0.054092791842434367,0.05934867111114778,0.02991072193149586,0.22050260103854052,0.0,16.34151991876604,0.17849793323168314,0.17842641630883493,0.17830387707569306,0.17812504221222314,0.17788200888944172,0.17756373210509924,0.17715546740381272,0.17663854085944194,0.17599173206178606,0.1751987017488107,0.17427784459486367,0.17340432286842244,0.17350321764996166,0.18040244189061044,0.2479354055832029,0.31577418934676144,0.25939560474516665,0.23812544914496336,0.2290542538120883,0.22543812703884325,0.015451497359981026,0.10665582712601154,1.3,-5.075597283291839,0.0127791322573807,0.012862498945722056,0.013005835528133058,0.013216171618601004,0.013504292363182123,0.013885824718839312,0.014382822331405087,0.015025878064448715,0.015856314702956703,0.016925810209665243,0.018280807588204214,0.01986756236652273,0.020957408486479645,0.015447315008094169,-0.06262209600360186,-0.15336997013228398,-0.08233534824340083,-0.054974514826290816,-0.04352572429083205,-0.03903605456337792,0.09041174166169867,0.32015217797441403,0.0,38.166855314806654,0.90943374373287,0.9097644168942196,0.9103366551432136,0.9111850485859044,0.9123645832894812,0.9139591976406424,0.9160965796280875,0.9189743669765332,0.9229086131347596,0.928428897494686,0.9364788475496516,0.9488709899033057,0.9693093655569572,1.0032363301619152,0.9663891301704126,0.6254889692721721,0.6918878183488887,0.7410591998030621,0.7646393646352717,0.7743522655649578,0.002790443021264053,-0.07826181406302476,1.6,-796.7617114931961,2.5025683262184515,2.5001874787103304,2.4960718712199963,2.489980530216826,2.4815319761540167,2.4701471336111425,2.4549514253923728,2.43460308165767,2.4069786945882505,2.3685612522758674,2.3131516509383405,2.2288815484947118,2.0906822756208183,1.848126313645356,1.8231302174800492,3.758944536608632,3.6596729534100767,3.4746456408629065,3.3754803260363246,3.3324325913806447,0.00033630950479799065,0.02287733093288483,0.0,1631.0745877427958,1.630797591802434,1.6299155907610725,1.6283952454134578,1.6261550692515954,1.6230678116098858,1.61894403628051,1.6135051968447132,1.6063392656590023,1.5968262435924103,1.5840105965954263,1.566383267283889,1.541555762986654,1.5063568878733875,1.4670258087780963,1.6728183740742608,2.3824710017659707,2.192797231853156,2.083360240044506,2.030774285902808,2.0086769391828376,0.006012725207051548,0.10126895310947888,1.4,-139.39031402773858,-0.6592013644245576,-0.6586879685454311,-0.6577990018990861,-0.6564798238940828,-0.6546433871281891,-0.6521564190639246,-0.6488154180681036,-0.6443039248136642,-0.6381129973046837,-0.6293840869860183,-0.6165752733645133,-0.5966969754977147,-0.5635529217364867,-0.5072704958236334,-0.5502296115884824,-1.0646710847617271,-0.970254447191925,-0.8992579951115016,-0.8656885646455663,-0.8519694476617179,4
2022-06-08 16:43:47.975446500,0.10080088496322867,-1.453553777737965,-0.4678748651457332,0.14732376583270707,-0.16805876186628796,-0.4456458111896132,0,0,0,0,1,0.0,-23.371373453706216,37.50307954169933,-2.1446957991266427,0.005386406132792546,-0.20176519975175425,-0.0445930746896699,0.13569718170257478,-0.11282850138954352,0.05274866402892325,0.023259598164025345,-0.03084466807334725,-0.6179485155582852,-0.5944363702548584,-0.4080246563051363,-0.039323983757383066,-0.10335267717043817,-0.22355700537810785,7.514710844332603e-12,-23.8019769337936,36.04374810347878,-1.8855626701953092,6.222379538577268,-0.1916910186403312,-0.04582784979941499,0.15067888928874107,-0.10818882024157593,0.038897696795309376,-0.002418648741410159,-0.04521890202376103,2.7832106285720903,3.436966160859833,0.522715314270338,0.33246737802529497,0.20137946235091156,1.036436228750266,4.414211878538279e-06,5.646917361313382,4.458196665393434,6.587631302004423,136.1867227210523,0.03558348762768305,0.05513596435975448,0.07928454184382247,0.050668809149367035,0.0916857162856229,0.11981250078802125,0.039788040992560614,0,0,0,0,1,0,0,0,0,0,0,0,1,1,0.10262510044285084,0.3379319198805177,0.0,34.90221459230089,0.9117877793904308,0.9117954066330544,0.9118067054081712,0.9118189950184306,0.9118271406261402,0.9118213946607155,0.911782920711424,0.9116740583982851,0.9114156669178776,0.9108294769298008,0.9094729756190963,0.9060830100259722,0.8962054769810156,0.8579008295141022,0.6466161257302049,0.6147243242626023,0.7917198851827211,0.8410509483653201,0.8586576768193628,0.8650253303244304,0.003467247303619693,0.0713915775870765,1.7,-64.17415473033613,-0.23125428367528575,-0.23145206136999885,-0.23179546040684684,-0.2323072481367481,-0.23302412005274764,-0.2340031856573845,-0.2353335920041877,-0.2371580817570691,-0.23971533917132914,-0.2434299465942036,-0.24912418134508885,-0.2585888559864167,-0.2764170360184717,-0.3169866322906172,-0.4002157922336387,-0.21261476294513226,-0.16740778883247984,-0.17239035664893776,-0.1772699488839481,-0.1796085821942473,0.017260074750502005,-0.22329274528785367,0.1,-13.185732865322445,0.12845639143025833,0.12843918744110372,0.12840896877692187,0.12836311791446198,0.12829726804742725,0.12820430278703876,0.12807245010835575,0.12788147764768287,0.12759454802772652,0.12713908807474386,0.12635603043950785,0.12484112369586155,0.12132042352809208,0.11024874769569136,0.062103600576309086,0.074440199060131,0.11255610954506763,0.1213267550837026,0.1241011201658942,0.12503791675163806,0.033572158399729074,0.2221272779219953,0.0,12.663694345545773,0.16512916315333293,0.16509692324067138,0.16504106864748547,0.16495811452331366,0.16484249848655394,0.16468568214334112,0.1644745844512523,0.16418878073322485,0.1637952642462,0.1632380435586907,0.16241593253196784,0.16113139837214396,0.15897094850990104,0.1552329173173838,0.1569387403539626,0.1877870073496244,0.18261949289197624,0.17864693420090302,0.17680058265942067,0.17605224767206346,0.006195389872486166,-0.10393381909592678,1.5,-5.663269771053808,0.0279427996082634,0.027991257197697798,0.02807530680626441,0.028200367062935938,0.02837513277147308,0.02861305120176466,0.0289349362487637,0.029373740744590763,0.029983737793019025,0.030859490557660768,0.0321788231225561,0.034312141488875306,0.0381402020415664,0.04597937627835319,0.05514883350505312,0.0090764870259607,0.007234418203563436,0.01075666937915412,0.012707633716908943,0.013542406374800177,0.3453164133281206,0.52869057189591,0.0,18.146147952235232,0.9205820791396911,0.9207266442040942,0.920977658944098,0.9213517786406618,0.9218758472437152,0.922591639868816,0.9235643575355814,0.9248983690597652,0.9267680918300618,0.9294834590120536,0.9336435765968571,0.9405489008645638,0.9535158723464464,0.9828243551078466,1.0418896442855423,0.9063649253015164,0.8746304565988235,0.8782660527507108,0.8817361037726881,0.8833942191556999,0.002356734303533824,-0.06543979891639885,1.5,-856.5117619142903,2.6809077544612308,2.6821047279089503,2.6841717184467484,2.687226057247358,2.691452730337893,2.697130985510931,2.7046795980809364,2.7147355865547595,2.7282974305286447,2.7470039309892726,2.773733744975509,2.814106106474245,2.8812547721214408,3.015944295267744,3.2578295221962783,2.3338534863925773,2.011791947897887,1.9750744036849424,1.9798599820064788,1.9869662408595643,0.00031834737320446334,0.019766285258725803,0.0,1594.2771151866552,1.7668694151516888,1.7674172242518011,1.7683621161589542,1.769755816671676,1.7716794163978165,1.7742543366062762,1.777660637186422,1.782168037944999,1.7881903692383292,1.7963863147815076,1.8078600374542864,1.8246034488193457,1.8505643175179431,1.8919782000363128,1.8193522262655224,1.0987110064080312,1.0992900011883862,1.156273866188542,1.1943899326153549,1.2128840943087589,0.007066137180756994,0.11485519600104314,1.1,-124.51260639535542,-0.51036117086419,-0.5103277289954509,-0.5102706495433278,-0.510187895154047,-0.5100766200512705,-0.5099333532358026,-0.5097546919450666,-0.5095394861979541,-0.5092954837956678,-0.5090603753016678,-0.5089757608392333,-0.5095993922237514,-0.5136905444888735,-0.542675570486665,-0.8735124837779438,-1.3866081886419828,-1.0826441138801752,-0.939725428700477,-0.8733393138093541,-0.8459668512359302,4
2022-06-08 16:43:50.725446500,-0.26652370552504684,-1.6098431205849073,-0.6049247655616706,0.062382916649259774,-0.18379997502376547,-0.9058292529175062,0,0,0,0,1,0.0,-21.455205155642805,38.69645307205642,-5.3559417727770615,0.006314692773799979,-0.2062789976781768,-0.01569344011395027,0.10752031948670332,-0.12558102430922352,0.09381757726794986,-0.008328074902993034,-0.04145255420615597,-0.6114822138990239,-0.6358082531342861,-0.42850149080989625,-0.030341454276759126,-0.11111346539652638,-0.2493590552036994,7.514710844332603e-12,-23.539627934101187,36.35964938232233,-2.4133178759234,6.220844197891362,-0.19290119592741856,-0.04152062069173073,0.14658375848592772,-0.11175101285529758,0.04035217221386509,-0.0028672352653584194,-0.04529430539112001,2.7838746491524113,3.4349012069194425,0.5081319847378407,0.3307053645689572,0.19734728641528854,1.0344472983663298,4.414211878538279e-06,5.658520582995582,4.242608478224498,5.806757497986384,136.18679256221148,0.03567439780842013,0.049361746802547006,0.07832696225749378,0.04552116514566558,0.09165567087819453,0.1198137220144663,0.039776689195292515,0,0,0,0,1,0,0,0,0,0,0,0,1,1,0.4259727996892801,0.5053823441229643,0.0,15.97945572671892,1.0461882879662223,1.044513195956812,1.0416129870784356,1.0373097050716211,1.0313194397681584,1.0232064011402702,1.01230219555294,0.9975594140608962,0.9772707883535028,0.9484857499174008,0.905656704946856,0.8369617285613441,0.7116662419582713,0.4190982378499283,-0.4918555788787724,0.17486179274323493,0.927616908800192,1.106629548400558,1.1667459084782503,1.1873304868214665,0.008971343876833394,0.02195943879055948,1.6,-60.21502297545668,-0.38444550516978093,-0.3844886000596075,-0.3845579446527641,-0.3846484885375716,-0.3847498485249634,-0.3848410405724407,-0.3848793948893077,-0.3847761181696454,-0.3843386898756811,-0.38312233253428973,-0.3799974037161644,-0.371652437047326,-0.3458912135489599,-0.2369737217047501,0.4841027221536467,0.8931096339090674,0.2527243280609601,0.03264161382839559,-0.05603596070922867,-0.09012888895249316,0.018307336543386742,-0.2584281528614085,1.6,-16.25363456108656,0.09802533667023927,0.09792207667243846,0.09774520898469352,0.09748723172583308,0.09713694133625328,0.09667877061997733,0.0960921476396328,0.09535152664573564,0.09442926453789008,0.09330874614356166,0.09203520469177896,0.09092312942575642,0.09158779284263824,0.10449550885777692,0.2313014546589041,0.3642073316326087,0.2539951304292698,0.21122501377184802,0.19291701342935075,0.18563553612237246,0.0598909505083797,0.2777943413668704,0.0,9.002040840618223,0.16793206967692642,0.16793826205399254,0.167948880978375,0.16796439558823018,0.16798550475568175,0.16801317183827552,0.16804864206840625,0.16809336726366686,0.1681485874870448,0.16821369621805046,0.16828002527564073,0.16830490364398826,0.16807969639658174,0.16629546055930094,0.1520417212963349,0.14449184025495032,0.15729360119987698,0.16124614616168936,0.1626997161284293,0.16323226465413332,0.006336890838461701,-0.11570234773397105,1.5,-6.269256155183336,0.024803529542063,0.024850319568712642,0.024931706820778388,0.02505334521971303,0.02522440850402652,0.025459305317238,0.02578079831534508,0.02622589648606527,0.02685769471560473,0.027791243578420527,0.029256697569292226,0.031778124411288834,0.03679381282375169,0.04943925734011806,0.08593660954261399,0.044118345163360856,0.019190226972783664,0.016376821006686682,0.01610987258814386,0.016151328008357637,2.9337472842601784,1.1564537779419628,1.5,-1.8810554167810936,0.9253074091668,0.9254886437348986,0.9258027363630292,0.9262694816437422,0.9269205350215042,0.9278046240233624,0.92899669751463,0.9306144443858976,0.9328496249040252,0.9360316117187548,0.9407676800275392,0.9482861149465208,0.9613590447923528,0.9862447577382244,0.9979705675640632,0.822773363437573,0.8341179616468696,0.8525247877367447,0.8617840618623862,0.8656379302170002,0.05079764576307587,-0.020868789942518045,0.1,-855.987807149075,42.661854072626326,4.500977188658709,-12.466189501455517,-2.499339916840455,7.358945398854061,0.5157257593098734,-8.697275817351787,-3.268099801652337,7.26804269588321,1.4636791742020954,-19.8871126811172,-32.428297782033766,-20.817926102855047,2.510867770445664,15.370741788102196,10.721661814136029,8.806869828822284,7.908162079449793,7.4333732585240115,7.224257949744812,0.005638651842476522,0.006061099456887519,0.0,1591.6327140987958,24.057494004071827,2.1631926472538794,-6.525540194893765,0.25442457907949745,5.352179069733154,-0.36712997168343975,-6.523435718540718,-2.4299665743711216,4.957708236216064,1.8694822513417224,-10.5526047744238,-17.02785382336201,-9.418798861936168,3.196790927235405,7.701892187267468,4.620416575629598,4.074166322071331,3.741872708561303,3.553611976596777,3.4685409101373423,0.1968030636270125,-0.13700457911531758,0.4,-134.6310005848459,-19.26793418176636,-5.413029868207133,6.355781604956987,8.605287022459665,2.4314347936317433,-4.178558558883137,-4.758566540700541,-0.647519878022206,2.054460928265122,0.7656849819369365,-0.8558890360647453,1.0969577903899872,4.889836536097425,5.5838771130427505,1.547040901113359,-0.16743012078116234,0.20739807075447025,0.288430559921524,0.3193694908941098,0.3311537107802378,4
2022-06-08 16:43:53.475446500,2.40728773658158,-2.3393018782765065,-0.10953727389580442,-0.02978902216007468,-0.1677394904639973,-1.3024531541578512,0,0,0,0,1,0.0,-14.096182488644715,42.15497260848778,-4.871987896754741,0.000721900418291915,-0.2388531044524609,-0.007986001309038475,0.005607976988387478,-0.0925026471233504,0.14341925428777064,0.07195993828470064,-0.03135490266617212,-0.6020185167443256,-0.6553528853421576,-0.4348218580677212,-0.019916576833195414,-0.11908597080246673,-0.2883670941437981,7.514710844332603e-12,-23.26152822238023,36.67380603001786,-2.9415733682529988,6.2198652787842965,-0.1941500781095669,-0.03714117892053557,0.14217155902005196,-0.11508246536165866,0.04269463632446886,-0.003938340486440638,-0.04542779974258319,2.804997723006968,3.4375779539475513,0.5043600181551503,0.32447016326343536,0.1931765935753448,1.037485524681315,4.414211878538279e-06,5.681342710765526,4.018578068193525,4.920190580742324,136.18683725540978,0.0358169762157235,0.04285599204083308,0.07780409892060172,0.0400194238400462,0.09211617666946333,0.12070029609973322,0.03983224164459487,0,0,0,0,1,0,0,0,0,0,0,0,1,1,2.1533613075732507,-0.7049870453065211,1.2,0.740362788855087,4.529092870236486,3.3397890453144625,1.4841139421314176,0.2369873678870184,0.7662686562147077,2.237663576194889,2.355908323059364,0.5417318429352428,-0.3442390220580473,3.0155522743797025,9.494318613018944,13.078110605477159,8.712165084944083,-1.7613923524498176,-10.58975289096646,-6.648928518425803,-4.587371543821301,-3.836629518954519,-3.468715436250996,-3.311308587374973,0.41905389696879336,-0.0812662516553316,1.5,-50.11514607122465,3.5910870184954686,-0.4319004744215764,-2.7450360560108398,-2.0384883279473867,-0.4047570539919052,-0.3234192983565469,-1.6926527208567008,-2.5446065694604263,-2.1010806695190167,-1.8756831624322947,-3.3440628354634283,-5.404803132799755,-5.186274688102034,-1.252584926024946,5.349899480116019,4.8626649009526135,2.8779304319479406,2.2316794767642016,1.9372741257330384,1.8149468138570888,0.4744525265028372,0.17453630341814272,0.1,-14.135565654812751,3.8181012214210255,0.7293424386454146,-1.5725769227539184,-1.751396917713413,-0.5660774278218352,0.32471763212005444,0.19771713887931275,-0.2809948979333067,-0.20668272148648364,0.3893175682204632,0.6960274825395548,0.2294911487524881,-0.5434856481715014,-0.7333846595620364,0.15353487789464682,0.2587979644627024,-0.1152024195707494,-0.2342914360696681,-0.2847239073339758,-0.3046333992176161,0.151626562292187,0.4010189456084888,0.0,5.337651291485697,0.16800155943649386,0.16805396569177472,0.16814363890977074,0.1682742116363023,0.168451025030674,0.1686812997532569,0.16897410183347195,0.16933950648247706,0.16978514682355128,0.17030434455228965,0.17083546148140707,0.17111036502683644,0.16998601185475776,0.1615910273244821,0.11252897614997703,0.12806758443334326,0.17067653819894776,0.17980609790574306,0.1823498657896111,0.18310869423514736,0.014867949700892572,-0.05652333575177601,1.5,-6.8612921690010955,0.0356633391933191,0.035857260436744635,0.03619321393828789,0.036692158829481285,0.03738758363414935,0.03833098506783639,0.03960149368303967,0.04132329008301164,0.0436988028939059,0.04707673207796742,0.05210538612384663,0.06012410206310265,0.07432382784795061,0.10328116829364796,0.1357149007123163,-0.056325823282898535,-0.06624848979239639,-0.050493202732795575,-0.04073163934266097,-0.036310536632032285,0.2517526288199102,-5.045245079342856,0.1,-21.848108342683002,0.9900863019140442,0.9900080047778524,0.9898722407804286,0.9896703022571604,0.9893881536748428,0.9890039170194638,0.9884832761774404,0.9877706750129238,0.9867711046744344,0.9853080105383046,0.9830094184263176,0.9789196020390402,0.96962086324656,0.9342282550997536,0.6581484464026425,0.4196046583930525,0.7195627396624776,0.8479869998049933,0.9056415226073798,0.9288368278659156,0.06567060352615801,0.07504532653024988,1.3,-832.2955212646182,8.796946013079975,3.4823365450805004,-3.6124455404702185,-1.6962599235220208,-3.18784331058827,4.835535699439873,-5.882059811526518,4.202159401311235,-5.6576310973657575,10.849728874444137,-4.982107094680032,30.42141634890893,49.529786879823654,-41.83445118168139,-14.309903336662385,-11.57510570848876,-9.906970211485527,-9.112029431181748,-8.679178152211612,-8.48565463326282,0.006570970090460182,-0.019266163514573845,0.0,1601.4814756115134,4.4326490000405565,2.179238288960363,-3.206686306039302,-0.06916498852282871,-3.9231727330419233,4.9337960695508665,-3.656192591514248,3.3856502936207984,-3.2923263455464418,5.722535083637844,-2.6115375856050136,16.843781808509277,25.6748483456072,-18.782464136732248,-7.370925821055309,-6.904906261228078,-5.5643007158392095,-5.0333810444803495,-4.7593227953268515,-4.63928184166405,0.0963870102689329,-0.14440907334255398,0.6,-157.1055311337481,-4.106690194865991,5.615743231229999,-3.2188713356820333,5.4585224357972315,-7.544343170724199,9.343268851805515,-1.3129843358841793,3.159128230284192,-0.8033791147762583,2.072620178137293,1.666169867123318,4.897671148760793,-5.477155454832559,1.8409003413881264,2.315008927072208,0.3820131902152699,0.7428398708035733,0.8273442683005374,0.8680066520918297,0.885255655946057,4
2022-06-08 16:43:56.225446500,-2.7344874593037414,0.16856808741123458,0.11249187124923103,0.00047008601538621366,-0.3897526306510876,-1.3138896349948552,0,0,0,0,1,0.0,-21.685169328295522,38.06540402986316,-6.651340440070936,0.0005202692282140806,-0.1990146404015401,-0.00524109785334254,0.12475566515524272,-0.13502991711496334,0.0974137475906416,-0.14389819881794733,-0.06674284732148715,-0.5875918285528205,-0.66531429051978,-0.43125714213555977,-0.005416627102020522,-0.12366129610780904,-0.3062686696898091,7.514710844332603e-12,-22.97233877138769,36.98274025790826,-3.4710384078373653,6.218933480744956,-0.1953342926134436,-0.0327436748109542,0.13798418019049405,-0.11861501343555242,0.042920398682594584,-0.004223650221555663,-0.04506651473078254,2.8258664841924706,3.4427565017637263,0.5165023130769076,0.3121779223585467,0.1939602863548368,1.046965982124617,4.414211878538279e-06,5.6923077112633536,3.77471816245062,3.86411577047766,136.1868797385108,0.03589358110602922,0.035235147162639126,0.07688999367360097,0.03405685094955185,0.09325714800143456,0.12194369144625115,0.04011366303302373,0,0,0,0,1,0,0,0,0,0,0,0,1,1,1.4763684200248224,50.418077801010284,1.4,-9.882096587521175,4.016559356916817,-1.5349638298001294,1.1213696158229176,-2.139603284487725,-0.13387688911372564,-1.7002946217559942,0.12044325667673605,-4.027127062968868,1.094778485171383,-4.415267422682676,2.099688602866518,-13.843722620776514,-13.376788635657196,27.37695872818758,1.5482870431508011,3.363186922374318,3.0132920178719607,2.7339993699613525,2.5778290391440875,2.50731471448454,0.6822921509543934,0.3091991546535064,1.2,-39.718150615459095,-1.9487491773555263,-0.9319598811394992,0.22872114676092806,0.06932848297573857,0.5558437195606056,-0.4375101415010989,0.3704901241360257,-0.8063305815926256,0.2457521046594469,-0.20860351236205646,2.020360905746392,7.660721250701173,5.612536490986017,-16.57844098606745,0.08631459247432471,-0.2212302059999756,-1.2859346004664052,-1.3523515896465774,-1.3538728509464335,-1.3492599501293094,1.492407270602038,0.3679142847844789,1.1,-8.871098060830588,0.9803045212537234,-0.6611378932797486,0.7904863693920957,-0.6540207982003226,1.7102926384341681,-0.3687793103285737,0.5099850330450773,-0.9445897061741324,-0.9822985320324912,-0.34437353602330023,1.7210212307313104,-2.7978320954793188,-4.507768648216052,-3.232433995509381,1.1020320481955634,1.302091437616422,0.7722884520912046,0.6096395536216912,0.5377202372941551,0.5083360294139692,0.6580844786803253,0.4133462822302542,0.0,2.932485099702182,0.8995867958827265,0.015328662187023306,-0.20220315863776064,0.15637425940183114,0.33126437419875304,0.18781673982505293,0.15249938457385892,0.2508047653832259,0.13351308002728185,-0.13701477671165055,-0.15467517734651887,0.0778443185947931,0.1741253639949467,0.03512734642281125,-0.14305108593595145,0.11667806337588693,0.1977333612836732,0.20328377109866885,0.20325961169593496,0.20284608479359345,1.0937984703742307,-0.2594858446309748,1.4,-5.705892610886626,0.9435612158539814,-0.4299575122561975,-0.6486878105714668,-0.02116246770772079,0.02706366873714561,-0.5657502315881817,-0.6329911305578072,-0.02831452759274575,0.04401099309857876,-0.8582815702097942,-1.4988118720356416,-0.7516718327844836,0.7875747219161848,1.6845997442632648,1.2723254871854353,0.2111393736773436,0.08977888523646105,0.04371727647292817,0.019577311269188408,0.00896749861719807,1.2205148978691078,-0.6287883753635485,0.1,-25.2873391585321,10.59176375428706,-1.1957530899553288,-4.323151305064819,-0.15900481819694345,0.9656352815057191,-2.327350928041129,-2.9645013613873337,-0.01259759627765078,0.08920875636937375,-3.5474072732252764,-3.6964340694037663,2.564462941379214,8.359296639866457,7.2591516376127005,1.423442034614527,-0.7083636036374628,-0.5826009448955417,-0.5866572403131369,-0.5977749783074697,-0.6042735502512498,0.11409687959358335,0.014361718589490069,1.4,-787.6480409779475,-31.71715316042457,-9.057980552413825,12.098620564141022,2.878194488462505,-4.427998513417889,-10.5707942018196,-2.4565268404154597,3.1340004675205435,-2.719280958959498,-17.56275412728811,-15.316433146077475,4.6569144751554665,-84.72428305242609,43.28338542654148,12.102866445181462,8.991120769456947,7.077782620654325,6.0497674465570155,5.515360549684546,5.281880234250067,0.011112009371480436,-0.002952265317618353,0.0,1622.1382547072174,-18.563232023692024,-5.54256623419937,5.601333938600334,2.1853016811135006,-0.555164506836249,-8.316064238169576,-0.05501811560584713,4.350061550746362,-1.271400224818585,-10.31235791663046,-8.409800772492027,3.1933078893999247,-43.530776836861925,22.70087953347577,6.709364185746843,4.409558327204351,3.5470760644436763,3.0432533336152328,2.779359372596545,2.663824152556165,0.10468744175757803,-0.26154019115249144,0.1,-192.2703912516947,14.338193788409345,-1.3973798171846925,-3.2614590844888767,4.183347967046707,9.670187104976335,-7.497758356189811,1.0808887521480417,2.580391635396392,0.9453983527662126,-2.5011857308237757,-0.2732180168469096,-0.924635973920453,10.45870841741992,-0.8136347893418714,4.71375315965814,2.415110340341537,2.0266742334933925,1.9173870501050183,1.8654934061752928,1.84362017221948,4
2022-06-08 16:43:58.975446500,1.2210337526548578,-2.0327939266992208,-0.09363280160651344,0.4182123529727619,-0.03544281576906114,-0.5063426217148375,0,0,0,0,1,0.0,-8.943261424387027,44.902613210365715,-4.878147606518288,0.001242601241943558,-0.2576057419656807,-0.005017599679565657,-0.021491319747641124,-0.10706153511329314,0.023483686075662064,0.04507734040434152,0.010981757088439929,-0.5571539707819425,-0.6655319136471627,-0.4235553354792544,0.01217309700192678,-0.12688479377442835,-0.3185370866169773,7.514710844332603e-12,-22.697343180295647,37.291381721553314,-3.9816865897209257,6.218894071873443,-0.1965227433251323,-0.028531574686296007,0.13392899118496293,-0.12212635625647295,0.0425854320821806,-0.003674269446357195,-0.04445480305532159,2.829810448390503,3.445885262282023,0.5263475097909291,0.2928908425667297,0.192639610339604,1.0461100683536524,4.414211878538279e-06,5.663320888184142,3.5037309270009036,2.416493746687358,136.1868817860755,0.03586855409878472,0.02541481621571653,0.07526171221625752,0.027089416200613583,0.09397415128978157,0.1221648440469276,0.040349659812785384,0,0,0,0,1,0,0,0,0,0,0,0,1,1,1.5008935530885033,1.2752270649055182,1.3,-10.580663897084467,2.0323579109036007,3.1635430027988254,1.7610717972633512,-1.1786261516838068,0.8323183006105709,1.190088036912892,2.0868925864022256,1.0543191292726943,0.31036756372510954,-1.030197388187038,-0.18522357667897715,-6.706290145828838,18.65237733510714,-13.943865935445945,-5.568007787284364,-0.30984772826242946,-0.8892272938710093,-0.8673701236510296,-0.8314028735991053,-0.8117812576251601,1.0829550025783066,-0.1218919076833449,1.4,-28.908828733677865,-4.49378988968072,-1.3161690716487782,-0.1913790078461508,-0.003520538105205029,-3.1274100864660044,-3.175502572142725,-3.1601694860764447,-4.700288497067443,-2.8484120374627646,0.5079884310234843,4.20098639124569,1.4411593016057331,-9.15707079662977,7.484038415442206,6.17810064154108,0.2469175355613373,0.39985386102778775,0.35640083380535514,0.3165489476445609,0.296503526717379,1.8880209205678689,0.39226127082874734,1.3,-3.2011002606950907,-4.122867057885808,-0.35390265899928564,1.045395042599652,0.13143965880313513,-1.2349072848157123,0.048007075091199336,-0.5415319012955218,-2.8915781200311463,-0.3440359150776857,-1.2318175482848164,2.892450691829535,-1.6225406258721256,6.268099161406792,-4.428392786305752,-0.5614298080738049,-0.06813038708093666,-0.21927450399063095,-0.22396101057045129,-0.2242934996768637,-0.22418387319174954,2.285914721916902,-0.6216895852976757,0.0,1.3129203177759778,0.3954163160453973,0.3678624426008066,0.06678658064542534,0.9096287675594568,0.9818915489514438,1.0607931904685894,1.0056662548155773,0.7229549280939616,-0.2483505047443944,-0.7317748154109965,-1.327672650924053,-0.09039322499908173,0.041902044326552895,-0.31044065794368203,-0.9795854023857412,-0.09202731622598496,-0.04784384215580681,-0.033814562905457236,-0.02398764227165151,-0.0193008220385382,1.7433281808552563,0.2446714636788781,1.2,-3.785022923721112,-0.12325084015357912,0.467593664115057,-0.09123586063702076,0.3448234686022467,-0.7875631556489955,0.2042733095620326,-0.11412890969934865,0.6496287485820142,-1.1137320921493772,-0.2109492655939708,-1.5201522261791256,1.725346989861965,-1.5157791124972333,-1.348917376445646,1.5583379607794907,0.06414965644775561,0.09099337611806996,0.08005748411786273,0.07387161771602205,0.07122135549175508,1.4614991172755694,0.07231567315272776,1.2,-19.628364438137087,1.9421631211196697,2.3133832806546577,-1.6281739949720757,1.8103729313754404,-2.366442675358769,1.6860034670328123,-2.716713169437106,0.3819044247880452,-5.223460084879319,-1.2292360715824049,-3.3839307126354505,8.347310877758074,-12.405726573767705,2.0246201433653797,4.063106864892186,0.7708723781372617,0.7326292773317897,0.6616374531134939,0.6246388422293241,0.6086987225386324,0.12013721761340235,-0.11368603059857825,1.3,-741.9304244085707,-2.6469878972927745,14.0761721361244,19.489106128719136,14.355199933810805,3.126700599114173,3.3361252450330667,8.606833082798152,12.365960917487856,7.22358128001754,-10.52035847974494,-25.14277719784831,-23.923558786745772,93.73978121412743,-12.8249066249234,-6.801245237221633,0.3365413841853222,0.5230582863185091,0.7519032047417165,0.8705989173979134,0.9218650149540611,0.010011174321202106,0.026691763604764062,0.0,1650.7130596408483,4.670545454837594,9.503460209073749,7.9768382668604545,3.9285502717433327,-0.5715339561583761,2.0003607186852856,4.400928409520682,5.357084382277313,1.5474384002895718,-5.198209624515434,-13.32668170662732,-11.915797989145846,49.66701104821345,-7.550791593200429,-1.392250216459992,1.7248403858736907,1.2724021766504163,1.2196789881435777,1.2016181758337083,1.1946633641002151,0.05503216817256691,-0.13637564287911222,0.3,-231.38289490752544,2.9707314661370674,7.176530133895903,9.251378640506736,5.035041368334767,-1.1816258716394046,2.0014717656869863,-2.036706698178074,-5.574689242497002,-2.994289464838257,-0.674895913836365,-0.6905602993906816,2.146065661911855,-6.361801946777208,0.7644227889893873,6.836372833955696,3.758246430580668,2.8510295778892303,2.5421109751934168,2.3933242355859043,2.329988971548691,4
2022-06-08 16:44:01.725446500,-3.8885068108096736,1.0959115280115,0.43331486605296016,-0.4948983747875085,-0.2470085803266708,-0.7566070995686434,0,0,0,0,1,0.0,-24.94631464862371,36.77802207493559,-5.5996976030611325,0.0035788311094445547,-0.1878481190562794,-0.021008958887705587,0.17060320888991493,-0.14021726339407084,0.07803592272451983,-0.18026164783943602,-0.09350176515052558,-0.6043424052102925,-0.6244771072062238,-0.4031559941713334,0.021587840958623664,-0.13617254406329227,-0.35564204284784834,7.514710844332603e-12,-22.677163559919034,37.387957005779384,-4.278210511580812,6.2186741873775935,-0.1965880721167469,-0.026211248570873254,0.133145734473339,-0.12421303638655247,0.044357852650729834,-0.007328478185930417,-0.04500193735484242,2.866486580303713,3.4564299620647736,0.5409909575105123,0.26903500935038555,0.18884274822459854,1.0352253012481079,4.414211878538279e-06,5.585381568994283,3.3021535256423835,0.9721518966932904,136.1868918468883,0.0356302155879506,0.017791423848985875,0.07390584583643724,0.0226110664665649,0.09407839013846477,0.1248161166022266,0.040855748465673095,0,0,0,0,1,0,0,0,0,0,0,0,1,1,1.5445325963630836,0.3759067460400612,1.2,-45.78401815230392,-23.31234417607909,1.856830378300229,10.966499434545776,-0.23781121654795825,-3.9271674333625985,3.2642072653813248,6.637501331567657,2.922801486519233,-4.04370855957902,8.776451223043747,2.2546576446726,12.822835918618033,-20.45021006780862,-19.205370970835602,-3.0354969065149398,0.7327544314956382,-0.043932277904032535,-0.11573444467944127,-0.11891198247384314,-0.11392864093127553,2.1734002243235078,0.966221931713692,0.1,-2.629938106269336,10.750674182310853,-0.09217082716500546,-4.5312949292465134,-0.005129436874537152,1.4252011999685046,1.705456412255038,-4.314792168349442,-0.5601716814319704,4.698135939035686,-5.745819171315166,1.5118862931792332,-8.686684606031594,8.890424655648369,9.660241751127568,5.55250259063231,-2.7663739280724133,-0.921796452920137,-0.6608475117433892,-0.5673356928043939,-0.5332720351325887,1.6568037947701593,-1.6066372257623711,0.0,7.039668816071919,2.2740614807909583,0.2991631843772493,-1.4327242250825774,0.6606170522414696,-0.7815842487809013,-0.2397358761813768,-0.5971571660723571,-1.5280319920813519,0.8108433527813288,-0.9489853283053384,1.9960956537267585,1.8360602127121957,-7.060673605066604,4.7111072572778765,-0.5592949120937369,-0.8181868114065365,-0.5316350768664251,-0.470878527612983,-0.4450918486329804,-0.4346804371179787,1.7020095888361748,-2.465867140636269,1.0,-4.928385590638944,-3.20734757113778,0.4278119632062013,1.2073041902360715,1.0062007151264742,-0.8859237171056284,0.01205406451470592,1.7897884919894635,-0.7309712761145384,-0.32039963390802945,1.9645403871486915,-0.9714042706057554,0.4591978428560397,0.3261723681372045,1.0253175093968745,-0.8356428479613065,0.4279764460776929,0.28305128235863675,0.2752803641030901,0.2731091091231197,0.27246560539230824,1.6231792098420088,-0.13629671750572162,1.5,-4.659451827342373,-2.4946414515673894,-0.20996022579014584,0.9395029292191396,-0.03583408752853379,-0.032623906827414645,-0.0880518565591829,0.01705892981186943,-0.29223117307713864,0.6675362709220214,0.3905726146686437,-1.6685283844272467,0.9411351929001792,1.4076346018950407,-2.6017070510545506,1.5007427951521315,0.004635063706510345,0.05964333552717613,0.05509966417612533,0.052059785760623895,0.0506855322069084,1.6606483737382465,0.14366286577407458,1.3,-19.500310314867413,-13.23327748146206,-1.104534623504268,4.128770893759442,0.7059016740100179,-0.8468018829203052,-0.27938257471081673,-1.116039861206947,-2.1595381093583894,4.629717385365594,0.4308616227834072,-5.865385662721199,-1.9900654072621091,12.56044025606443,-12.39033458036706,2.8279021714090984,0.08481859995814345,-0.06702590733672853,-0.10858324780057638,-0.1259783739947158,-0.13275292425964946,0.10415921859796802,0.13749557071199614,1.0,-813.1669149030638,-35.74494706234772,-8.70163483326354,22.64193909749477,9.900443415997492,-20.041954474077144,4.6847592728666365,18.29702909281172,1.4959888078855903,-20.83711745320463,32.808872808206765,-6.279574705397103,24.813945393971963,-63.29861035604373,-18.930840407040638,-16.515341365237934,-6.2666504825413165,-5.032535829374532,-4.268937933121394,-3.865754793964833,-3.6886595755988902,0.010534669753413798,-0.04458906746539151,0.0,1615.8478294322854,-19.412512301075143,-6.209117293946576,15.946923614571743,2.328753192158004,-9.89107966563016,2.5435306071420603,8.221181947555351,-1.503322621629934,-8.16610859045327,14.412633913247705,-4.6348805027790085,14.24682031566907,-34.943561425842255,-13.331725422938554,-7.0783470197278575,-2.1791380302522896,-2.167824701255306,-1.9320320273298397,-1.7926287464741542,-1.7287703235786471,0.06680283959381424,-0.034629761493195084,0.1,-233.3701257552419,12.224930171719466,-5.47653492414662,4.223641614984572,1.2995873302108762,-6.068686756710008,7.615036114415384,-1.4962889375037118,-5.5175381849800225,6.240992406494987,-0.09534753054677124,-3.714853214020016,4.760066154164652,3.6350840693239936,-6.004150588274584,2.883503897497081,0.4396389654611968,0.21292662849529087,0.14163485424371913,0.11776207777556193,0.1099581948470154,4
2022-06-08 16:44:04.475446500,-3.767283174738792,1.0925049951091743,0.4183610588446702,-0.4927798729200604,-0.2167003986346652,-0.6923373211526213,0,0,0,0,1,0.0,-24.73812820965437,36.88323229656539,-5.563594198016841,0.007806196776080927,-0.1887258599791517,-0.021102426014723563,0.16844200045506674,-0.13997754732929826,0.07377480965658939,-0.1727478322379278,-0.09148568248981373,-0.6697971882214392,-0.5793987300382211,-0.3869523767567112,0.03425994242933436,-0.14473902983951378,-0.3922746734144121,7.514710844332603e-12,-22.7838577986386,37.337985979111735,-4.319216807079795,6.218714053548794,-0.19611282336402466,-0.025978894969804302,0.13434557940692854,-0.12466064410351513,0.045869634982503606,-0.011492134765437912,-0.04520970622084704,2.8976501045802485,3.4663296420819085,0.5411499299776996,0.22762958020390314,0.18421735595571556,1.0188055872219912,4.414211878538279e-06,5.526846932570036,3.2572774826580484,0.9869148758466272,136.18689002318564,0.03540384928344971,0.017762976059777738,0.0734924250651167,0.022674326218298287,0.0940256389743316,0.12711744848887638,0.04104221153912788,0,0,0,0,1,0,0,0,0,0,0,0,1,1,0.6164390890064221,-9.931264642880057,1.4,-84.33467351444591,4.492270821252122,-1.4611187577973013,6.160211580518966,-2.438784611796467,4.93759247869397,-2.6089274281461607,4.654199344994431,-2.893283594008328,8.109761930140301,-2.9036197956602545,-3.2445124287529823,-4.964176368117284,11.947479593468296,15.457610209259718,8.635843457314278,7.45881691850348,6.3337636210640635,5.721120487557667,5.4147457269040515,5.282798095905992,2.0249501680298057,3.1869951288273426,0.0,15.211849945658095,-4.1941228239774855,0.15210880962239726,-0.9765372942402442,0.904386389921746,0.2768323926137937,0.07589052283312858,-1.2246095213883084,5.319111203147927,-5.9478506428234565,4.792214611304002,3.3156555935010776,1.3689128589678936,-5.330032167358639,-8.084515658443284,-0.4095338247658683,-5.668482484660166,-4.035720789345857,-3.465771689358903,-3.2042962644626134,-3.0951016905285726,1.1909409878710993,0.5342193118819452,0.0,11.42161143850184,0.018704878589052454,0.3969052809821659,0.16841038941198327,1.4441112668991352,1.0759137413164257,0.5460729266907773,1.3192260490355978,1.9342844784585056,-1.323812860466533,1.9320350177438497,0.7387349922899671,0.6824696488869944,5.638385397220107,3.944771817548901,-0.8800498297074969,-1.026219536091162,-0.4253227006371811,-0.2642861775346719,-0.19285142150658224,-0.16365649580851838,0.5697887177295543,-0.8121638751794209,0.9,-10.581966742507463,1.294224624068352,-0.26678212529280443,0.6534899514590091,0.4880971338846461,0.4749128312462521,-0.4065663170508892,1.4490784171635318,-1.6151881747204238,1.6646778392750865,-0.2313397074133826,-0.6288731174274299,0.6077296028209189,0.3584862725769585,0.883337815701198,-0.7837100551747178,0.31114720996348466,0.25143926876188705,0.2458816033230393,0.24515113055843346,0.24504980110110516,1.2598669887457998,-0.9064902010926738,1.5,-5.746822924293352,0.4535702498718988,-0.41321887611874897,0.24384578697233505,-0.8549228891139604,0.5575556082394658,-0.2219514822028399,0.0152149798898506,-1.0158454117537672,0.11489700372769432,0.1019964540660806,-1.4317265582309513,-1.0636563304850981,-0.9511688182776552,1.481731052747258,1.8759947802390302,0.627848919397157,0.481976292928244,0.422548176543926,0.3914075168579005,0.3777698030502026,1.5689984158039922,0.3806736898532095,1.5,-17.29292127107712,1.5091924616561685,-2.424088806085249,1.4486467451743366,-2.900557087402188,1.3157017987513466,-2.5519455790504284,1.1036582770796164,-2.262505774580209,-1.8640750397380244,2.489655509819268,-5.194098153448482,-6.5168002724528655,-10.408210995496065,-0.19519107226813026,4.843688012528744,1.8470369231907968,1.162247998654316,0.902790911238664,0.7777484599928011,0.7248039580858445,0.07357576700542434,-0.3823524937965099,1.4,-887.4963565412994,13.734873140415006,11.76057990454099,-1.1455924437866398,0.17478900277114914,19.478070239297907,-6.717189907401013,15.737371459614327,-14.043218988336434,32.4619663825993,-16.433962738334767,-6.882356632966612,9.675219667495464,40.131569873539725,51.30233623593088,8.921952282817252,11.543155567248027,10.951474368008117,10.464545990509247,10.183826252611986,10.055707739790156,0.007770707371119125,0.07903454022639649,0.0,1579.2578766273646,0.8984787886635672,6.488310547334493,3.4907955782453537,-2.756002900083772,10.357637218065788,-3.964206212038064,7.800361677771028,-8.124666104549378,14.032972522820115,-6.726439851632493,-5.011872541072172,4.641451292779402,21.156777178136856,24.73114906809336,6.066390380106434,6.689955376180251,6.092683735339215,5.710126957913978,5.506915593298032,5.4169190886767975,0.0598383341873391,0.01390040887201553,0.5,-238.02712028316694,-5.751746192031722,6.293655996039359,-6.0328863325196425,-4.693102750329097,9.179670624593687,-8.02417820172928,4.845352942281032,1.1406996101989977,-5.309356255622237,3.754137662185353,-6.002856142294855,-2.9116304166039435,-2.575344310193638,0.6880647519389163,3.333970829924695,0.7526814355841438,0.5321927209179869,0.3891645001913284,0.3171262828500501,0.28610393573775017,4
2022-06-08 16:44:07.225446500,-3.6481425561301024,1.018038967734357,0.3992754882498753,-0.4769677554915353,-0.19044476574976488,-0.6317224961334117,0,0,0,0,1,0.0,-24.44797563725259,37.02507898487134,-5.540151755933915,0.012033562442717298,-0.18989969880245752,-0.0209745156749348,0.1655255418118351,-0.13985912465721478,0.06883336817651929,-0.1652842631554052,-0.08829972394875114,-0.7449138259345307,-0.5389067084935206,-0.3782599756331491,0.03490011046498165,-0.15145815837477794,-0.4170883371799461,7.514710844332603e-12,-22.85148275708077,37.31134397616457,-4.361279956230624,0.0026177115716838266,-0.19686915931893256,-0.0251214934554334,0.13581971935333872,-0.12463011075008774,0.04713184020355786,-0.015654224228002778,-0.04592164634745382,2.9163710340474043,3.473565284923918,0.5404367784784022,0.20690759919819735,0.1789218995426162,0.9984023153142716,4.414211878538279e-06,5.480001821306073,3.2189595343937345,0.9886594915959956,0.01354388422688119,0.025956989160088498,0.01081905171159063,0.07200946942952394,0.01981267136549368,0.09330831473248458,0.12852388500230352,0.04118314130504182,0,0,0,0,1,0,0,0,0,0,0,0,1,1,0.2775234741498349,0.033179179931533895,0.1,-122.41340042368591,26.49729259584907,7.648026614885932,-5.364744000362352,-4.956092285339157,2.4943896169534963,5.931969905288343,2.054229131471436,-3.0857993525967236,-3.1680397784754186,0.8674347115445222,3.3068630026536976,1.410770904970759,-1.876272250052482,-2.7554258616825877,-1.7401442546687609,-0.8558128183999196,-0.3056483335138145,-0.10407644038845554,-0.003163242745054529,0.040834021177235336,0.7572049349543234,0.4932707195682469,0.0,33.5401661536926,-10.666101552415805,-2.514945022474701,2.477333573658118,1.3390354749580622,-2.0674082444854136,-2.2299112687058678,1.6560348628153825,5.3972593968206,5.148505498513813,1.6144716368236982,-1.4052708702865704,-1.4721686074722151,0.6161353727897751,2.925758484082058,4.127403856955873,0.6772020707643391,0.2834230176648813,0.2610858559159712,0.2480512362294377,0.24164560197353105,0.6698950682430674,-3.3488161769323663,0.0,14.324660897607574,-2.6885507197911505,-0.6921386354491403,0.5609846404305663,0.404772363454494,-0.2081221006321512,-0.05310425633077487,0.9007693203796322,1.6170513319618094,1.3299240998749342,0.3261506842364469,-0.6354104828674837,-1.2427461059175984,-1.6357592848326934,-1.7706342202668075,-1.5468958810011737,-1.3678168772827584,-0.9992622584483144,-0.8452959101559365,-0.7752342315812992,-0.7463030071070058,0.3888830426432817,0.014121584474792044,0.1,-16.324897935545682,3.406457027056672,1.0649011457077244,-0.4504926903805933,-0.15954123243071838,1.0214193284447814,1.4455199716983476,0.4995506563944655,-0.9225268149659924,-1.5379875098387985,-0.9875398633848994,0.012571121130978023,0.5697159242903219,0.4144119216099852,-0.13322025141454952,-0.5824000528185833,-0.021366933511849373,0.08107606007297075,0.0956830489090596,0.1017483871990934,0.10416949106370432,0.4454803059451435,-0.10929768194213774,0.1,-7.4786464106241555,1.7327967957949468,0.7033098103992613,-0.22319879951533414,-0.5089080850551266,-0.159035891097579,0.3350709341320357,0.44943713818210745,0.0797523766789835,-0.4060660213934403,-0.5460463601043618,-0.22058265898969767,0.2689170157055717,0.5284121945855716,0.4534213148557383,0.245383679247668,-0.08176124766662984,-0.11094926732393863,-0.09809329506463194,-0.08859308438365496,-0.08400309231772178,0.8207698095950974,4.162961374355129,0.1,-22.775941442404452,6.290548305948759,3.619684329487415,0.6430894818361845,-0.9077386849596524,-0.07377198600181177,2.2757587487994693,3.8860549768121073,3.1080640768298755,0.5693137455579648,-1.3700908433434609,-0.9739402009086968,1.1791218327940785,2.9640441876590184,2.9850491380556456,1.7215558086330036,0.5657385462074382,0.3770916580979984,0.34917242010023075,0.3471653889525293,0.34867902488576363,0.0371710974262842,0.07904820053401948,0.1,-965.7309971960212,39.30113184034153,-0.5805138714790985,-24.229984785178843,-15.311737567628462,8.151649556473473,16.74942056583526,1.8478535176415392,-18.38906998389742,-22.227595156024623,-7.870297685341242,7.892269773449473,10.162633980600962,0.23218643628684174,-10.003635455416564,-12.377639298054815,-6.028043619754398,-3.835727588143442,-3.039634688447346,-2.6683932277845006,-2.5144192152430707,0.00543172641418761,-0.030503231297439856,0.0,1543.1459354796227,24.233277041878576,0.9097554194267444,-13.79481374669038,-10.190043644844707,2.4306404605472807,8.097204812164591,1.5478963920071251,-8.384820864944372,-10.817778030260058,-4.7441156160613644,1.9816872851156544,2.8573635301582456,-1.0255185893929948,-4.604428755691245,-5.541092008544567,-3.0060369985048037,-1.9252448347307336,-1.55739885611532,-1.385972468834428,-1.3145844614636673,0.05461045756428368,0.021462021975491914,0.7,-230.6113754849739,-3.710429415140844,-6.894364866601747,-8.880860009662587,-7.136576025781029,-1.6005315438785852,4.8224692207920326,8.187900560519182,6.593320695343323,1.738695390293605,-2.5939134746253263,-3.7690755832970986,-2.1536714057451034,-0.020409215236348643,0.9494797293630528,0.5665954335951211,-0.6057338588485983,-0.6350855818819365,-0.6205015376104637,-0.6106585519602659,-0.6057870312866311,4
2022-06-08 16:44:09.975446500,-3.5316456513150314,0.9257641967731136,0.3775900141751367,-0.4581715802454471,-0.16522965917501245,-0.5733001474290641,0,0,0,0,1,0.0,-24.13849860142405,37.17257608036566,-5.5222414497737775,0.01626092810935367,-0.1911249655031411,-0.0207649714327509,0.16243143819742273,-0.13975962678151735,0.0638564942354521,-0.15793958969654198,-0.08487358634062313,-0.8137675129566684,-0.504873091127562,-0.3728550722358229,0.023984859982249,-0.15539040329237988,-0.42781575657094056,7.514710844332603e-12,-22.93101044479195,37.281770005985116,-4.392791043085891,0.0029331864384342303,-0.19652486388633567,-0.025020326123228208,0.1368775910974298,-0.1250103615998458,0.0481539516700114,-0.019097767867335733,-0.047130188545346494,2.902341384478634,3.466908953647644,0.5427943285356389,0.21989154875988448,0.17602071057869215,0.9828392854750658,4.414211878538279e-06,5.426753793080722,3.1742880325822873,0.9989683716632479,0.013653797454537812,0.02557040493099122,0.01081254458889327,0.0710440352761536,0.019672376089124557,0.09224299592516,0.12836968608948535,0.04131880193257407,0,0,0,0,1,0,0,0,0,0,0,0,1,1,0.00022747820510425927,0.017336984851790443,1.4,-153.2985598733903,-0.13955757888610165,-0.13896943639213433,-0.13795446363477382,-0.13645627730047138,-0.13438646702513424,-0.13161269439359025,-0.1279390290717437,-0.12307326199366565,-0.1165715425335314,-0.10774278836629314,-0.09548390188964627,-0.07802366859197153,-0.0528066111512997,-0.019897495587639646,-0.04481706008129116,-0.20627116634966347,-0.1805451677229799,-0.17690476889594994,-0.1785638172402293,-0.17980043275345536,0.017500272200482378,0.15535244472125878,0.0,44.76301707550066,0.2917369720133225,0.2923151148680416,0.29332579278309634,0.2948478916899582,0.297010849127052,0.3000208458973552,0.30420892107749786,0.3101226854160246,0.3187117082532138,0.3317328928095429,0.3527327864201557,0.3897771085873667,0.4646023546863482,0.6515709365650111,1.162028836404553,0.5442875145671457,0.21711173003944828,0.1839959490622889,0.18165439786128654,0.1825790348517464,0.002670932770977635,0.06275005922609432,0.0,17.12965947577797,0.04573690229240368,0.04575804402524963,0.045798256392845633,0.045866238476433896,0.04597707942024054,0.046156423820340235,0.046448366901124534,0.04693090587373716,0.0477476794236707,0.04917731577726403,0.0517968390491968,0.056902893233732266,0.06770447541726697,0.09261521764557612,0.12991215642303194,0.028302768636176926,0.030317105228254093,0.040068512180703286,0.044224630583895835,0.04574666539813693,0.0042481459527937936,0.07938070286219741,2.0,-20.164154563857476,-0.06064366130462906,-0.060759123479055425,-0.06096048397593945,-0.06126262722269549,-0.061689842020500325,-0.06228054793550486,-0.06309592343800285,-0.06423624586727805,-0.06587372215436671,-0.06832394095368087,-0.07221866899880243,-0.0789876299726533,-0.09249831881220938,-0.12635291548387986,-0.2255438081972444,-0.12723829592419356,-0.05811697326357135,-0.04736423714427596,-0.044867439580901385,-0.044227023240072334,0.0054870342867818726,0.08924880163557912,1.5,-8.663318903992481,-0.04337937222425137,-0.043364022784631806,-0.04333696077425342,-0.0432956692905232,-0.04323592593623227,-0.04315080504794439,-0.043028774870436826,-0.042849905507680974,-0.042577798372620566,-0.042140864969040126,-0.0413838056546946,-0.039922246392329615,-0.036615074064735985,-0.02715033027468089,0.0022394790843229817,-0.0330437159248991,-0.051592302724559315,-0.052186619627785424,-0.051459106277050914,-0.05102033334511763,0.005788823975369866,0.10082181273780956,1.5,-27.85142071902332,-0.12267953913424368,-0.12268310685331008,-0.12268869080235413,-0.12269558432162707,-0.1227023938398144,-0.12270640277440535,-0.12270224621174886,-0.12267902208775948,-0.12261358147499744,-0.12245361250796385,-0.12207030601038216,-0.1211074968207706,-0.11842571886508192,-0.11001814316240666,-0.10009845359987912,-0.20078469859038173,-0.1996421589641708,-0.18490495604859206,-0.1758543345670187,-0.1717837409708213,0.00015991877299161678,0.013564439526216488,1.8,-1012.6461267323068,-0.6704546008365355,-0.6712474832701503,-0.6726219184671294,-0.6746652008185379,-0.6775174045815646,-0.6813953066195992,-0.6866351180718198,-0.6937716215225187,-0.7036940171906209,-0.7179803958398345,-0.7397045665831001,-0.7757217876087061,-0.8447607675553819,-1.0149897396948508,-1.4894698662055001,-0.7382351472997115,-0.3516762178958466,-0.3160584837852163,-0.3220830905326064,-0.3287293469174557,1.722052049572966e-05,-0.004612911166813515,0.0,1513.2760863379647,-0.29159396446249275,-0.29155438081281204,-0.2914903266611475,-0.2914057409614941,-0.2913087674593271,-0.2912158911584726,-0.2911605322104762,-0.29121167411564386,-0.2915167941017458,-0.2924092108655145,-0.2947074054068679,-0.30068415344826604,-0.3179440749555056,-0.38023105912429855,-0.6539600654062667,-0.5122501667849946,-0.2931794279998172,-0.25446439897844186,-0.2468265744104201,-0.24549839098957985,2.5318477064756454e-05,0.002561912767517868,1.5,-227.69108987860974,-0.017667928981701664,-0.017480601855659472,-0.017153654861889578,-0.01666252124446288,-0.015967154511052684,-0.015004345900035075,-0.01367384279050654,-0.011812449250022006,-0.009143092331791005,-0.0051673493694854855,0.0010828325098168892,0.01168947937403253,0.031778368997124495,0.07575563209999814,0.14300652289710136,-0.09516575941527616,-0.11902675953115692,-0.10318370062655813,-0.0932081338275701,-0.08873527806000593,4
2022-06-08 16:44:12.725446500,-3.416363229216389,0.8327623869662673,0.3553455239449509,-0.4393810198486291,-0.14004270814488126,-0.5153425173921382,0,0,0,0,1,0.0,-23.828165659887595,37.31905158929789,-5.5053737459537695,0.02048829377599004,-0.1923445678976632,-0.02054226723328972,0.15933418334477684,-0.13965761324907106,0.058912744607601486,-0.15065197023798055,-0.08145211533345931,-0.7445699873021709,-0.5426636893290862,-0.3621930637547821,0.01700495105149809,-0.15762335590931406,-0.4508648379472607,7.514710844332603e-12,-22.8453159818562,37.364997914628404,-4.4068436883676965,0.003358476671549441,-0.19718437800880464,-0.02481209830571591,0.1349073159252971,-0.1245252246056485,0.05112034837172191,-0.017297921632056006,-0.04733259392090226,2.799693134518769,3.442430558755812,0.5524949353413311,0.22971157254204924,0.17532542597435927,0.9726325462638568,4.414211878538279e-06,5.3793019133708855,3.1238392069505663,1.0102436806677717,0.01384540228909349,0.02505716246387485,0.010807083059560879,0.06911301281811948,0.01901900222454968,0.09044942705160568,0.12587636025453786,0.04147135746431503,0,0,0,0,1,0,0,0,0,0,0,0,1,1,0.0005576820219288888,0.028866736810113307,1.5,-148.64895430346587,-0.2089758270775484,-0.2089222224670504,-0.20882913748514653,-0.20869038143215055,-0.2084959767251462,-0.2082303986034617,-0.2078694282624136,-0.20737434102538546,-0.20668057150218955,-0.2056739244476784,-0.2041357246245528,-0.20160043489359447,-0.19693050697268036,-0.18697468146704346,-0.17242345251605815,-0.2246261529736953,-0.22910497541578725,-0.22584257299705746,-0.2239896012909246,-0.22319960197567726,0.007833875732511729,0.11699486711544856,0.0,40.93647976687323,0.1998826328270198,0.19984947460322375,0.1997933356320192,0.19971302850977768,0.1996072569676759,0.19947534299420355,0.19931901045349346,0.19914683973089464,0.1989858843109703,0.19891418867638636,0.1991619167577342,0.2004778872476888,0.2057961991980377,0.23088795767034376,0.38876933761707394,0.4324459458038903,0.2972467723344382,0.2587680230252032,0.2450446540375363,0.24008060949302465,0.002310096895566308,0.060496435773870476,0.0,16.221280694984873,0.04574749412456725,0.045765167969153316,0.045795959255241936,0.045842094660824007,0.045907209606201434,0.045997063377550496,0.04612085811117972,0.04629377461677553,0.046542177452550015,0.04691528225676761,0.04751450950502323,0.04857957772382493,0.05079942498862555,0.056779767891913975,0.07604873333915907,0.05841041210074384,0.045045547678085614,0.04328422945183785,0.0430020514725441,0.0429603897845921,0.0015386789529317627,0.05136467598036884,1.2,-19.38781555714132,-0.03932810074250548,-0.03931569170144456,-0.03929442223038282,-0.039263370500524315,-0.039221169475525335,-0.03916594902284354,-0.03909532424518347,-0.03900659334153223,-0.03889767439067171,-0.03877059277949802,-0.03864437804416193,-0.03860773124148453,-0.03908144046492218,-0.04263956073883229,-0.07028345770019462,-0.08447974371946709,-0.060010138110292426,-0.05247765153131473,-0.049689871484617336,-0.04866271423498583,0.007369831932620101,0.10431367283188096,1.6,-7.6279006297427365,-0.04542109625325552,-0.04542353705557378,-0.04542769454453044,-0.04543370202609698,-0.045441739489325166,-0.045452011303622135,-0.04546467875750128,-0.04547966900523706,-0.045496133793662435,-0.04551084129680141,-0.04551293621012044,-0.04546417684844695,-0.045205693308720526,-0.043839883038474,-0.03459586705530654,-0.031366436968257784,-0.03945282130004391,-0.04180483885821423,-0.04264548626366516,-0.04294911602543899,0.0038683109779392546,0.07739099559737457,1.5,-25.453882315756037,-0.10419326169179977,-0.10417511476920494,-0.10414355817284272,-0.10409641433107963,-0.10403015283675733,-0.1039392342950789,-0.10381491782968323,-0.10364300901647727,-0.1033993321837422,-0.10303981451075972,-0.1024761463564744,-0.10150605725768992,-0.09956588643022052,-0.09456989540521143,-0.07907219211003348,-0.09438065732495247,-0.10560087979531807,-0.10716621761763144,-0.10741939057099947,-0.10745076757467414,0.00013216187961127292,0.013822723390499309,0.8,-999.9432523532677,-0.6085478787531429,-0.6085277658585824,-0.6084943145947506,-0.6084479035950778,-0.6083897658604087,-0.6083231673087255,-0.6082559943657061,-0.6082066840656353,-0.6082186922178181,-0.6083989355988386,-0.6090325305626081,-0.610985702155773,-0.6174977965639457,-0.6454984013786955,-0.8144039315581288,-0.8561448057791523,-0.7107715227971454,-0.6691509411494607,-0.6542749052323202,-0.6489057869561461,1.3943100893842275e-05,-0.004276112617812289,0.0,1519.2467936024038,-0.2797922950898624,-0.2797169886823383,-0.2795869639982413,-0.27939488958995184,-0.2791292634740046,-0.278772867823605,-0.2783002461976665,-0.2776736152824455,-0.2768363193320837,-0.2757030192474943,-0.2741495624292334,-0.2720359934187897,-0.2695464003408077,-0.2708436692943721,-0.3314500204790676,-0.4119304733583675,-0.35135993666710164,-0.3286944704434873,-0.3197186297195387,-0.3163144427151954,3.5377718851499513e-06,0.0011734340796522398,1.5,-226.99399118594985,-0.021998073447971226,-0.02196340052249468,-0.021902967722194692,-0.021812360868871398,-0.02168436694716469,-0.021507547201499836,-0.02126360438400177,-0.020922320199096237,-0.02043116397595579,-0.019692001152688654,-0.0185024588926348,-0.01638341094310025,-0.011949236331539659,0.00016152254413803746,0.041706069681501916,0.011204056789412498,-0.01915821561082609,-0.024297827945295225,-0.025530677609612692,-0.025865367687899377,4
2022-06-08 16:44:15.475446500,-3.3013184373351603,0.7410312480554219,0.3331144869201875,-0.42085273773521975,-0.11477648717064642,-0.4573774766082104,0,0,0,0,1,0.0,-23.519164158374338,37.464643734785575,-5.4884293682696725,0.02471565944262641,-0.19355755610073852,-0.02032151949861513,0.1562509194485844,-0.13955286572531406,0.053985179321585516,-0.14337620723091374,-0.0780533941009048,-0.6834252534326059,-0.5796708157806965,-0.3513991990217733,0.01009334547502225,-0.15889805497082418,-0.469354424282006,7.514710844332603e-12,-22.755588880432487,37.448229321066535,-4.4224760081683305,0.0038803722443290696,-0.19783156426014492,-0.024597053668352454,0.1330306207682607,-0.1241245727184334,0.053622541140799035,-0.0156864409182079,-0.04746712016569851,2.711266982284529,3.4191699849167416,0.5615120177948207,0.2383527238726761,0.1748905987327523,0.9653430621022168,4.414211878538279e-06,5.3320097553411205,3.074737911064198,1.0216562128748112,0.014137714978501584,0.024570307663270608,0.010798944107061005,0.0673307742714023,0.01850435486897229,0.08902892921411891,0.12373506672846793,0.04156649781117157,0,0,0,0,1,0,0,0,0,0,0,0,1,1,0.0006032380759116221,0.02981921951600628,1.5,-143.93344716121362,-0.21233224110303794,-0.21232429715170653,-0.21231045472979385,-0.21228970871318786,-0.21226041792280625,-0.21221998234703496,-0.21216424839382064,-0.21208636708672213,-0.2119744548469118,-0.21180636199370093,-0.2115365390031867,-0.2110575351301729,-0.2100602384102244,-0.20735996066195472,-0.1982974719461028,-0.20544014741558936,-0.21198500283936506,-0.21303447011680052,-0.21326943126672404,-0.21332884029703855,0.00540285702118239,0.095058536575151,0.0,37.17196053773672,0.17023314034651538,0.1701616785750244,0.17003798273223225,0.16985452835738268,0.16959935363671794,0.16925420247041711,0.168791327183047,0.1681678714548045,0.1673156235573786,0.16612141669223535,0.1643878372220764,0.16175381153397286,0.15757858285909465,0.15172524584082825,0.16977193501942733,0.2413858766392887,0.21739929177490455,0.20496828694111105,0.19958647649691,0.1974669277348373,0.002056368180239516,0.05741126484954338,0.0,15.30936325320539,0.04221352644431331,0.04221062388028685,0.0422056364798169,0.04219832605600194,0.04218833127581734,0.04217513876881773,0.04215804900029696,0.04213615518923414,0.042108407776773986,0.04207404234515122,0.04203450464212444,0.042002176854402114,0.04204697960131665,0.04263789503010523,0.0478862520705764,0.05117761469343218,0.04642378651557938,0.0449160084042759,0.04435381337994882,0.04414623983118522,0.0009862938353450976,0.039689204832645146,1.4,-18.627579244605734,-0.034156397927785916,-0.034142246522884,-0.034117740837063426,-0.03408137157559121,-0.03403073444793758,-0.033962149193873414,-0.033869999189427236,-0.033745560240057704,-0.033574834916365766,-0.03333432404006331,-0.032982248323998875,-0.032439441288207416,-0.031551875174018584,-0.03015834906459125,-0.032454801135637916,-0.046521430924611314,-0.04284103199001549,-0.040664582261241033,-0.03969696380515461,-0.03931200367299345,0.01094499659931892,0.12927313048358952,1.6,-6.59218013036085,-0.047155442236061614,-0.04715982195567237,-0.047167404121764345,-0.0471786519968796,-0.047194302590132235,-0.04721548193594033,-0.047243904086407496,-0.04728222196349169,-0.04733467072802569,-0.04740830827834716,-0.047515536656577054,-0.047679353782677784,-0.047942106713011585,-0.048327216010835485,-0.04736084460059231,-0.042974213452747656,-0.04432986106391802,-0.045062859086655416,-0.04538307581851087,-0.04550961021259902,0.004992100204530221,0.08807165774127218,1.6,-23.077982066428515,-0.10735891919243644,-0.10736108967914636,-0.1073648151327946,-0.10737026629289148,-0.10737769983165936,-0.10738747506237513,-0.10740006951126403,-0.10741607350161453,-0.10743609371621066,-0.1074603132460794,-0.10748671661726322,-0.10750346163679524,-0.1074494399184842,-0.10693157096989324,-0.1025970745695548,-0.1000627196925723,-0.10396122811544234,-0.10518865951406442,-0.10564594253301283,-0.10581471090436988,0.00011096359295690161,0.012412606778836249,1.4,-987.2687621778717,-0.5752733486468173,-0.5751980717012941,-0.5750677820367684,-0.5748745717414749,-0.5746058738711923,-0.5742425184411672,-0.5737553888695501,-0.5730995567829673,-0.5722036051567443,-0.5709492697378984,-0.5691308384400209,-0.5663740141277422,-0.5620236794510944,-0.5560247068225976,-0.5758518215202244,-0.651362063160434,-0.62545315100407,-0.6121755514485123,-0.6064366289777219,-0.6041775595374004,1.1522877538373152e-05,-0.0037758926744151967,0.0,1525.216875044316,-0.26863814275185405,-0.2685944704944063,-0.2685187736558987,-0.2684062650522492,-0.2682492859312049,-0.2680360409549252,-0.2677483764476136,-0.26735776863283434,-0.2668177181391087,-0.2660483534700049,-0.26490259444776143,-0.2630843197125934,-0.2599347714062645,-0.2540524375126409,-0.2525668260029477,-0.29531544554498623,-0.2911074836057068,-0.2862802261974231,-0.283941029474601,-0.28298185682286103,5.822380016154233e-06,0.0023999234688230693,1.6,-226.30077968243629,-0.030179673552410687,-0.03018787922089672,-0.03020201484292428,-0.030222819928059863,-0.030251438206144957,-0.030289545140156807,-0.03033953884897045,-0.030404804360353314,-0.03049000754098952,-0.030601101591722468,-0.030743396831276467,-0.030908868426999362,-0.030996113938984493,-0.030158491338836413,-0.019889994721654425,-0.010967089870701052,-0.02056847984172805,-0.023817699333954057,-0.02506244042869543,-0.0255280199146144,4
2022-06-08 16:44:18.225446500,-3.1862599585506115,0.6498556172266591,0.31093720239094313,-0.4024256110176852,-0.089477125106354,-0.3993692726554003,0,0,0,0,1,0.0,-23.21075299888307,37.60998241161524,-5.471364725376251,0.02894302510926278,-0.1947684740856533,-0.02010267292691568,0.1531733476325118,-0.13944727582644895,0.04906101782658366,-0.13610007339759095,-0.07466308491708375,-0.629687778018979,-0.6158858591958902,-0.34029725377838893,0.003285768557908041,-0.15923909630193697,-0.4839243148418265,7.514710844332603e-12,-22.66081137193483,37.53215620090119,-4.4395643362701325,0.004498873156773115,-0.1984736932041284,-0.0243738589439354,0.13122285590025107,-0.12379748079937394,0.055716033837266164,-0.014262444055975081,-0.04753368272183847,2.635578905642372,3.397026605824101,0.5698615526420118,0.2459308087180087,0.1747647558060552,0.9597407048855804,4.414211878538279e-06,5.283520311198342,3.0257306601643617,1.0329071321672625,0.014542464729152918,0.024095735988975624,0.010786797719697264,0.06564416170846038,0.01809778199720472,0.08786421965446352,0.1219270052394545,0.04161045305659912,0,0,0,0,1,0,0,0,0,0,0,0,1,1,0.0006568235610715089,0.031198312874276612,1.6,-139.21636659275794,-0.2141034468294194,-0.2141051119813504,-0.21410797868104936,-0.21411219369228007,-0.2141179830096593,-0.2141256754544978,-0.21413573672637745,-0.21414881287739096,-0.2141657663916603,-0.2141876174690953,-0.2142149795584558,-0.21424489691354776,-0.21425208026799855,-0.2140413943261983,-0.2117355279082984,-0.2099058282381749,-0.21204027382054225,-0.21274900295367205,-0.2130185014217929,-0.21311895457740027,0.0058045907181555785,0.09597253982296357,0.0,33.43414431472188,0.16731426864167087,0.16728923554135555,0.16724579720426913,0.16718112041710187,0.16709065056107386,0.16696732514979562,0.1668001742167058,0.16657174838702415,0.16625312815386814,0.16579349437015822,0.16509613004129242,0.16395593585154233,0.16187033387574834,0.15742014025199624,0.1507117250467328,0.1747011912173113,0.17718392300507424,0.17572201469052814,0.17483086128591452,0.17444059704290932,0.0021060478031050146,0.05747894733791425,0.0,14.39999612807542,0.041236613674652256,0.04123376610289053,0.04122883415422285,0.041221512529310056,0.041211314481951145,0.04119749405146345,0.04117891089563297,0.041153789677325525,0.04111927280103223,0.04107054026944973,0.04099895906031464,0.040887952900992515,0.04070424215740853,0.04040418642596072,0.0407611398657326,0.04358659179702251,0.04293289063571731,0.04251741627601227,0.042330320402774214,0.04225553944025172,0.0009661873789552653,0.038335291966506736,1.5,-17.872177174966733,-0.03382266653101307,-0.03381822840023019,-0.03381052457844436,-0.033799047963052116,-0.03378298220186226,-0.033761058955567365,-0.0337313029645937,-0.0336905613884515,-0.03363358495905805,-0.03355109238757503,-0.03342526727427514,-0.033217839016693514,-0.032832956743860005,-0.03198574934588772,-0.030480230174196488,-0.03470627153066652,-0.03541060053337014,-0.035221712816311264,-0.035087903979328566,-0.03502728737613063,0.0152648050771376,0.152703716360718,1.7,-5.554880558754626,-0.04730913883803989,-0.047310618879517034,-0.04731318738994994,-0.04731701240894837,-0.04732236420033848,-0.04732966211617135,-0.04733955809875096,-0.04735309036802969,-0.04737198226353465,-0.047399268476001934,-0.04744074151100364,-0.047508739630106406,-0.047633728644511784,-0.047903330664314785,-0.048335312433200106,-0.046920028668874125,-0.04674364788950509,-0.04682221411474885,-0.046872202172919805,-0.04689432040675755,0.006262977920397089,0.09903617207692382,1.6,-20.699740480741813,-0.10817664389562263,-0.10817894567862396,-0.1081829320624701,-0.10818884933979556,-0.10819709005753507,-0.1082082555413496,-0.10822326446190322,-0.10824354583388683,-0.10827139709229228,-0.10831068677549482,-0.10836832544302301,-0.10845752050765378,-0.10860450473876587,-0.10884134057323093,-0.10852296074132373,-0.10623797601700047,-0.1067906869438977,-0.10713282951100456,-0.107286230726877,-0.1073474505200124,0.00010940387419666404,0.012201090313508448,1.5,-974.6242650635844,-0.5720257103734809,-0.5719990256812366,-0.5719527231106412,-0.5718837855854417,-0.5717873636457114,-0.5716559392139544,-0.5714778379968877,-0.5712344972870014,-0.5708951678174898,-0.5704058517162132,-0.5696638803951508,-0.5684518460623948,-0.5662383217221674,-0.5615315261381681,-0.5545778711303448,-0.5801604158703668,-0.5826441407768108,-0.5810433961817303,-0.5800789927156575,-0.5796578651493451,1.1257092522316549e-05,-0.003696102294909311,0.0,1531.1752089691388,-0.26923205322685817,-0.26922181246530386,-0.26920401665068994,-0.269177459651587,-0.2691401912903473,-0.26908916318090803,-0.2690195894864331,-0.26892375069637353,-0.268788617919796,-0.2685907368736622,-0.26828397161175843,-0.2677656831959609,-0.26676400446948634,-0.2643716312959725,-0.2585212062833975,-0.26806911090037744,-0.2716803444961116,-0.2717728604655818,-0.2716458067100369,-0.2715703346339549,7.406584575819296e-06,0.002899577430604071,1.6,-225.60130116496646,-0.03207959857734721,-0.03208579173918835,-0.032096521530764484,-0.032112458060691296,-0.032134671236455865,-0.032164804108392175,-0.032205375493129296,-0.03226032196962425,-0.032336013951766766,-0.032443280058078734,-0.032601748325516766,-0.03284990072714944,-0.033268719726064155,-0.03399561437182541,-0.03362428339401013,-0.027516475504617333,-0.028598951602575976,-0.029411934299230506,-0.029787627028806437,-0.029939198245630964,4
2022-06-08 16:44:20.975446500,-3.071175538255557,0.55878484709135,0.28877957221152245,-0.3840148958233736,-0.06417180771878614,-0.3413449879220092,0,0,0,0,1,0.0,-22.902454932841,37.75529960563525,-5.454260146626687,0.033170390775899165,-0.19597916442014765,-0.019884393037889046,0.15009676612135622,-0.1393415970775831,0.04413676934332071,-0.1288227660083822,-0.07127405897850989,-0.5834158528337235,-0.6512353695655952,-0.32887853689275204,-0.0034168838790151826,-0.15865108551324975,-0.4946172946351805,7.514710844332603e-12,-22.561068138599186,37.61671645043431,-4.458108256882203,0.005213979408881578,-0.19911035351564835,-0.024142536347050717,0.12948484464415774,-0.1235437169983678,0.05740375456376386,-0.013030028248813295,-0.04753323262716316,2.5727204581462693,3.3760512668454554,0.5775252766903982,0.25256280340965925,0.17500434868313142,0.9557620716131296,4.414211878538279e-06,5.233968036736317,2.976884489821656,1.0437931879540792,0.015065907656742329,0.023634451140251717,0.010770186258691736,0.06405757202541115,0.017796033710940812,0.08695321151815108,0.1204439703974546,0.0416104344616522,0,0,0,0,1,0,0,0,0,0,0,0,1,1,0.0007057511794751428,0.03243204329170287,1.6,-134.4979458166691,-0.2145312026287556,-0.2145325495315156,-0.21453488285983904,-0.21453834796369972,-0.21454317681507185,-0.21454972544104398,-0.21455853919170045,-0.21457046943208447,-0.21458689177867107,-0.21461013939366325,-0.21464442711012133,-0.214697970333138,-0.214787837425344,-0.2149412292489128,-0.21483493989294056,-0.21350435022307312,-0.21376112299214434,-0.21394362323693672,-0.21402728861482975,-0.21406094710632573,0.0072654934005478965,0.10660925829096286,0.0,29.70071643454987,0.16877558091254308,0.16877208533185772,0.1687659929518337,0.1687568591328641,0.1687439574000229,0.1687261358722114,0.16870155243288587,0.16866716565102102,0.16861769024579432,0.16854325680852522,0.16842352295768154,0.1682103543535456,0.16776462593278255,0.166548297533761,0.16238110872015332,0.16545541625495494,0.16850109826352366,0.16901494153505126,0.16913744559140986,0.1691704797301897,0.0023429600041175056,0.06042027480950759,0.0,13.491557612400127,0.041188941879300785,0.0411880904110975,0.04118661216939001,0.0411844094225402,0.041181324734056994,0.04117711327308393,0.041171393277724684,0.041163554402181946,0.04115257829006813,0.041136659229241035,0.04111231724999776,0.041072033564756194,0.0409967942034935,0.040828862720556684,0.0405107043215861,0.041318972681319344,0.0414786157643402,0.04144889553570128,0.041425463465423314,0.04141462720484048,0.0010609138275940004,0.04005681049230731,1.5,-17.117430170673522,-0.03414211157040459,-0.034141619882577245,-0.03414076130221355,-0.03413947030185649,-0.03413763918655155,-0.0341350958440948,-0.034131562269035354,-0.0341265738258732,-0.034119311157211174,-0.034108217179357525,-0.034090014236687116,-0.03405674476345466,-0.03398464154404779,-0.033777331257036865,-0.032994498393141336,-0.03341016803616692,-0.03400288837499388,-0.03411887484733789,-0.03415113972691819,-0.03416111503023542,0.02210607000847541,0.18174055394269184,2.0,-4.517333627620995,-0.04721600414250682,-0.04721619646888864,-0.04721653185297425,-0.04721703509287306,-0.04721774677584378,-0.047218731407589004,-0.04722009245607761,-0.047222001382966894,-0.047224757483201804,-0.04722892267124687,-0.0472356627808236,-0.047247759023935576,-0.047273335950367264,-0.04734431295723826,-0.04759561131513268,-0.047428346980430316,-0.04724237493041941,-0.0472092079981864,-0.047200783972276485,-0.04719836956384274,0.007857043647811802,0.11093840588784012,1.7,-18.320725851254558,-0.1082207607412422,-0.10822146061618,-0.10822267560372256,-0.10822448590405064,-0.10822702068114998,-0.10823048073184137,-0.1082351790164774,-0.10824161559080007,-0.10825062415216602,-0.10826368146617482,-0.10828362952614824,-0.10831659595266983,-0.1083780235566359,-0.10851445270010424,-0.10876726269228132,-0.10810219150251717,-0.10797823757094573,-0.10800459243133242,-0.10802451337986146,-0.10803365426017464,0.0001124147195168095,0.012352102058986559,1.5,-961.9845448602324,-0.5735465540185771,-0.5735427497355658,-0.573536120327546,-0.5735261837283474,-0.573512152703799,-0.5734927798700439,-0.5734660720826739,-0.5734287420335669,-0.5733750845325325,-0.573294462776083,-0.5731649948436477,-0.5729350283830605,-0.5724557445466267,-0.5711543718583805,-0.5667406793139307,-0.5700967900100267,-0.5733099147634526,-0.5738421445056261,-0.5739661888076881,-0.5739988528006355,1.1287402648159112e-05,-0.003698350627634661,0.0,1537.1329384886276,-0.2704227243888795,-0.2704225524762478,-0.27042223686660805,-0.2704217263704436,-0.2704209311342822,-0.2704196953888953,-0.2704177429147947,-0.27041456230745103,-0.2704091476415513,-0.27039935460230424,-0.2703800927470397,-0.2703373329616561,-0.27022298981914616,-0.2698073005578792,-0.2676700146406077,-0.2676564501885537,-0.2694206520990008,-0.26987538262968513,-0.27002911797324103,-0.2700830999069179,7.657307098189307e-06,0.002993333383550185,1.7,-224.8999495930606,-0.03210566052524655,-0.032107347608928194,-0.03211027754386109,-0.032114645759357074,-0.032120767493307056,-0.032129133885018035,-0.032140512653782594,-0.032156135159411285,-0.032178064576254606,-0.032209979710095205,-0.032259024698751304,-0.032340806995417186,-0.032495510695333074,-0.03284990563534773,-0.033597891680933856,-0.032006450628749405,-0.031591895311606784,-0.03162464279463828,-0.03166207792419362,-0.03168036073865688,4
2022-06-08 16:44:23.725446500,-2.9560822561734885,0.4677064567632389,0.26662488832373044,-0.3656017534803669,-0.038867061380909465,-0.2833182216525514,0,0,0,0,1,0.0,-22.594149410916724,37.90063049061028,-5.437150540533432,0.03739775644253553,-0.197189946356521,-0.019666167582672527,0.1470200739243606,-0.1392359570682084,0.039212191523419364,-0.12154503615218988,-0.06788479961016157,-0.5446391695820091,-0.685696423864131,-0.3171420189200995,-0.01001479652985037,-0.1571342221334224,-0.5014308346664555,7.514710844332603e-12,-22.4564082038445,37.701875333768136,-4.478109796355839,0.0060256910006544605,-0.1997412552135596,-0.02390312814237976,0.12781739631953756,-0.12336345985878995,0.05868524352710056,-0.011990347428268844,-0.047465998420772114,2.522464559052016,3.3562546275854204,0.5844800710308364,0.25834293360915445,0.1756518333804824,0.953342663071818,4.414211878538279e-06,5.183463437540892,2.9282510761601666,1.054113810263337,0.015709082530489023,0.02318744774976184,0.010748648986285364,0.06257537946042567,0.01759369497106149,0.08629117615588261,0.11926870508730893,0.041572796842596085,0,0,0,0,1,0,0,0,0,0,0,0,1,1,0.0007548684660215473,0.033605711239112074,1.7,-129.779108046188,-0.21454175252352486,-0.2145421297928056,-0.21454278492381285,-0.21454376149533336,-0.21454512977349616,-0.21454699917034947,-0.21454954058289652,-0.2145530278461472,-0.21455791918882605,-0.21456503028486296,-0.21457594149248216,-0.21459409386039446,-0.21462829972224814,-0.2147060513498733,-0.2148651789764231,-0.21450860319368736,-0.21442269883470155,-0.21443183078165529,-0.21444082433227107,-0.21444513331655515,0.009404023377170462,0.12102700686891155,0.0,25.966653468662987,0.1695961762336604,0.16959699621963994,0.16959840873342458,0.16960048758610569,0.1696033469084426,0.1696071538334527,0.16961214745285402,0.1696186649601884,0.1696271704143365,0.169638253846618,0.16965243396292584,0.16966887489521287,0.1696773235583885,0.16959257921255444,0.16856068164005455,0.16766821915544414,0.16863258002669326,0.16895862780028606,0.16908349014757176,0.16913018531913604,0.002670708496166305,0.06455457144516083,0.0,12.583234047456118,0.04125581898053965,0.04125573653030723,0.041255592366267635,0.041255375151250766,0.04125506618188501,0.04125463541727814,0.04125403402991956,0.04125317979951937,0.04125192645083603,0.04124999313499522,0.04124678154953917,0.04124081850741823,0.04122762765278173,0.04118862856575162,0.041034356682005724,0.04110209643832041,0.041220705154565364,0.04124526690617136,0.04125243569622461,0.04125473170397025,0.0011686319826678842,0.04215019925421549,1.6,-16.362517747385347,-0.034295071902048946,-0.034295266876986696,-0.03429560334464643,-0.03429609996066363,-0.03429678590249163,-0.03429770464590631,-0.03429892003670032,-0.03430052588707466,-0.034302660651838346,-0.03430552714224944,-0.03430940282121125,-0.0343145283983865,-0.034320020107509515,-0.034313280208110086,-0.03414073472270518,-0.03393473431529803,-0.03410320184590171,-0.034164545595131934,-0.03418866900687473,-0.034197799142293386,0.035179850176606166,0.22404024846852053,1.3,-3.479830138228289,-0.04716665167152545,-0.047166597637957934,-0.04716650449186916,-0.04716636724566392,-0.04716617815016522,-0.047165925773665934,-0.04716559357757452,-0.047165157815100486,-0.04716458475808759,-0.047163828523997225,-0.04716283766925978,-0.04716161805135813,-0.04716067122317466,-0.04716475343696995,-0.04722459491421832,-0.04728270907564836,-0.0472259760466958,-0.04720630355512888,-0.04719869910775951,-0.04719584308027881,0.010110727338764952,0.12549772537274045,2.0,-15.941613469862027,-0.10816744444251157,-0.1081675157300388,-0.1081676403116203,-0.10816782787122503,-0.10816809436166276,-0.10816846535678992,-0.10816898232461636,-0.10816971489409888,-0.10817078652700768,-0.1081724333558689,-0.10817515617914404,-0.10818018168088116,-0.10819121376275727,-0.10822349693165596,-0.10834908463555354,-0.1082898504880721,-0.10819381502438974,-0.10817431179402792,-0.1081687096647655,-0.10816693579556044,0.00011573302744182835,0.012544631013360615,1.6,-949.3441796664024,-0.5744164452751335,-0.5744172884790261,-0.5744187406160393,-0.5744208769046253,-0.5744238134472894,-0.5744277198021663,-0.5744328375099101,-0.5744395048893267,-0.5744481817739029,-0.5744594362858173,-0.5744737066126184,-0.5744898617602097,-0.5744963982990967,-0.5744009709108546,-0.5732948794184907,-0.5723733165857823,-0.5734025576753616,-0.5737478321697154,-0.5738796675537081,-0.5739289033885826,1.1263097796268727e-05,-0.003696026536976125,0.0,1543.0914465624685,-0.2708318757960342,-0.2708326985634528,-0.2708341217874306,-0.2708362303862373,-0.2708391589180934,-0.2708431117823835,-0.27084839761024426,-0.270855488707582,-0.2708651269167319,-0.2708785185045599,-0.2708976982927638,-0.2709261454829246,-0.2709688429216897,-0.27101557528332165,-0.27069564338330565,-0.2698611484535718,-0.2702310314327363,-0.2703991763337079,-0.27046977205840506,-0.27049724040567824,7.628482847854753e-06,0.002992601744034341,0.1,-224.1984160397693,-0.03195070178300696,-0.031950817531253506,-0.031951020789406925,-0.0319513290737099,-0.031951771595386085,-0.0319523959378909,-0.0319532807801064,-0.031954561297473205,-0.031956483558793984,-0.03195953238728855,-0.03196477096329087,-0.03197490398337166,-0.03199846683770069,-0.032072640776790166,-0.032394690332488985,-0.032308584115862786,-0.032053954888842995,-0.0319960328858504,-0.03197790659171318,-0.031971825574193424,4
2022-06-08 16:44:26.475446500,-2.8409877937787122,0.3766160067145125,0.2444696389188313,-0.3471862453940249,-0.013563053521480996,-0.2252918905941709,0,0,0,0,1,0.0,-22.285831177925054,38.04596854583486,-5.420042455174253,0.0416251221091719,-0.1984007835549593,-0.019447913999696816,0.14394325283355985,-0.1391303397850697,0.034287493661486465,-0.11426724454233825,-0.06449533834981831,-0.5133647755229457,-0.7192661000917039,-0.3050880536283947,-0.01650812100087121,-0.15468819420012095,-0.5043602768961858,7.514710844332603e-12,-22.346844003870267,37.78762420455559,-4.499569842401224,0.006934007932091756,-0.20036631689225606,-0.023655649109853686,0.12622076605612895,-0.12325680137226085,0.05956006629061925,-0.011143519369424771,-0.04733199092725239,2.4842540528058934,3.3376285367549645,0.5907005723941987,0.2633480837853501,0.1767318897009119,0.9523626997679084,4.414211878538279e-06,5.1320747251534415,2.87985375864897,1.0636687894423766,0.01646856639177706,0.022755477307245062,0.010721685880610806,0.06120066063082585,0.01748221132123913,0.08586510471580601,0.11837813286013507,0.04150335071388515,0,0,0,0,1,0,0,0,0,0,0,0,1,1,0.0008083132752568572,0.03482848819198873,0.1,-125.0602264235697,-0.2145086537647387,-0.21450868294406966,-0.21450873409881052,-0.21450881148835774,-0.21450892218805429,-0.21450907766490607,-0.21450929676360356,-0.2145096116317715,-0.21451008032418795,-0.2145108162164271,-0.2145120655219821,-0.2145144478975718,-0.21451989515794745,-0.2145366964792648,-0.21460758020430504,-0.2145849951529386,-0.2145294124723396,-0.214517100446463,-0.21451331847957975,-0.2145120646551929,0.012519899279745384,0.13906299189287502,0.0,22.231962388765893,0.16978718321009145,0.16978780450505693,0.16978888090730734,0.16979047963228755,0.169792707995021,0.16979573079335908,0.1697998006535677,0.169805312374105,0.16981290479036326,0.1698236636880226,0.16983955682334073,0.16986444093966854,0.16990642695183875,0.16997923489381486,0.1699413689984186,0.1693285856379484,0.1694376904548835,0.16951938468622066,0.16955712104303847,0.16957234331451515,0.00307170688277898,0.06933238340093031,0.0,11.674873855652953,0.04128585851299693,0.041285900521707435,0.041285973057694436,0.04128608021690039,0.0412862284269403,0.041286427313421685,0.04128669111637079,0.0412870409917262,0.04128750871568987,0.04128814231098826,0.04128901222351528,0.04129020072404893,0.04129162494071825,0.04129110071414216,0.041258963172986884,0.04121500847994447,0.04124709639896595,0.041259193540927885,0.041264005951969766,0.041265836587054766,0.0012802837734573456,0.04422369125818743,1.6,-15.60748413303369,-0.03432659190646503,-0.034326710152079436,-0.0343269150833212,-0.034327219619373565,-0.034327644418359116,-0.034328221272957433,-0.03432899906512221,-0.034330054496308986,-0.03433151237281429,-0.03433358650857632,-0.0343366690764379,-0.03434154447083981,-0.034349934524578414,-0.034365328630110666,-0.0343664688182026,-0.034250554720780035,-0.034264346141089634,-0.0342780392340033,-0.03428458323302505,-0.03428725419926258,0.06585544114200778,0.29253075330490724,1.4,-2.442364885555101,-0.04715562172837534,-0.047155584090249836,-0.04715551887393418,-0.047155421993322094,-0.04715528692106849,-0.04715510362574302,-0.04715485671340505,-0.04715452209205427,-0.04715406070003222,-0.04715340595766772,-0.04715243667918671,-0.047150913580245576,-0.047148325345896185,-0.04714374245116542,-0.047145101447573085,-0.04718214423198008,-0.047176315748514615,-0.047171574485632944,-0.04716935987800276,-0.0471684630424796,0.01354444131384636,0.14443154714967954,1.3,-13.562529749090414,-0.10814296011173408,-0.10814292694815307,-0.10814286969595456,-0.10814278514179132,-0.10814266824865217,-0.10814251148584353,-0.10814230373936196,-0.1081420285566952,-0.10814166136554892,-0.10814116539602013,-0.10814048784903192,-0.10813957180024636,-0.108138511049772,-0.10813916975374516,-0.1081658701149123,-0.1082006832563498,-0.108174240825363,-0.10816439532138776,-0.10816049455857024,-0.10815901335026394,0.00011884580245122502,0.012724321977017559,1.6,-936.7031511586223,-0.5746214439189714,-0.5746221010160184,-0.5746232394032234,-0.5746249300912325,-0.5746272864344489,-0.5746304824628155,-0.5746347848649336,-0.5746406102239874,-0.5746486321978566,-0.5746599947133504,-0.5746767680079579,-0.5747029999473199,-0.5747471587873569,-0.5748232126921771,-0.5747780087146275,-0.5741294743059342,-0.5742491738641284,-0.5743367216527169,-0.5743770267122912,-0.5743932658349156,1.1193889123197626e-05,-0.0036849598992092438,0.0,1549.0503081964057,-0.2708869830753713,-0.270887316774747,-0.2708878955919545,-0.2708887568732763,-0.27088996055503856,-0.27089159935738394,-0.27089381684473324,-0.27089684042107365,-0.2709010448687721,-0.27090708377308914,-0.27091618761105,-0.2709309228024779,-0.2709573961787086,-0.2710116053876135,-0.2710732795413833,-0.2707511432707861,-0.27074122554972035,-0.2707668769702707,-0.2707808762408277,-0.2707868301473741,7.6257771565926914e-06,0.0029906470980601203,1.4,-223.49697470174783,-0.031888400851531884,-0.031888299169697376,-0.03188812344799885,-0.03188786349945971,-0.031887503262442614,-0.03188701851600406,-0.031886373065146856,-0.03188551233554193,-0.03188435247210908,-0.03188276180100047,-0.031880531753873065,-0.03187735468939756,-0.0318730474616018,-0.031871005240541095,-0.031930815042739084,-0.03203567437137789,-0.03197302654992562,-0.031947741236226346,-0.031937467126768926,-0.031933523241067574,4
2022-06-08 16:44:29.225446500,-2.7258936437534853,0.2855215461123619,0.2223139145198372,-0.3287700315335897,0.011740717820793972,-0.16726594367969774,0,0,0,0,1,0.0,-21.977508667719526,38.19130818998403,-5.402935395638218,0.04585248777580828,-0.19961163420816028,-0.01922964479120038,0.14086639141755414,-0.13902472794212106,0.029362777894312794,-0.10698946569909393,-0.061105819142866676,-0.4895928356972018,-0.7519452548470389,-0.2927168706243454,-0.02289690055956444,-0.1513128633296324,-0.5034040269669642,7.514710844332603e-12,-22.2323761196202,37.873962715456294,-4.522488565107823,0.007938930203193471,-0.2009855320570105,-0.023400101327670453,0.12469498286278488,-0.12322376185102188,0.060028093634149036,-0.010489489652618228,-0.04713119453083752,2.457232292624792,3.3201596109133322,0.5961594293124517,0.26764201234192464,0.1782508943909297,0.9526447651387709,4.414211878538279e-06,5.0798471362736,2.8317066337373547,1.07225745928004,0.017337530779774412,0.022339210009367998,0.0106887593385801,0.059935577051048086,0.017450235351750654,0.08565352353902099,0.11774511587877165,0.041407523485149936,0,0,0,0,1,0,0,0,0,0,0,0,1,1,0.0008678819097461707,0.03614289732104256,1.4,-120.34136406313202,-0.2144949144152939,-0.21449489295372534,-0.21449485587329772,-0.2144948010393364,-0.21449472509031156,-0.2144946229662663,-0.2144944871255108,-0.2144943062399829,-0.21449406300401108,-0.21449373050013554,-0.21449326686295844,-0.21449261330690872,-0.2144917529150088,-0.2144915094666384,-0.21450515185992056,-0.214527370930524,-0.21451329710958375,-0.21450773386722236,-0.2145054874929142,-0.2145046274688864,0.017468178890287418,0.16286827624876668,0.0,18.49708311609082,0.1697899153204423,0.1697900848156355,0.16979037917397188,0.16979081802656348,0.16979143303873756,0.16979227354344195,0.16979341665186165,0.1697949860376129,0.16979718890477974,0.16980039468165276,0.16980532069960058,0.16981353380159736,0.16982906696101047,0.16986463569806914,0.16993958756347646,0.16977968478352715,0.16973819925283584,0.16974153269313094,0.16974530859754228,0.16974715069514185,0.003566320058085649,0.07479742518825226,0.0,10.766489500604916,0.04129168810340755,0.04129171154005085,0.041291752164021145,0.04129181254688863,0.0412918968033682,0.04129201127188098,0.041292165710294704,0.04129237545618708,0.04129266552511851,0.041293078915143784,0.04129369488343024,0.04129467325419983,0.04129637070103912,0.04129955475007624,0.04130050231931265,0.04127758930641201,0.04127971995244548,0.04128227359569808,0.041283515478819886,0.041284025321557734,0.0014036628876758323,0.046391071352826614,1.8,-14.852417929655553,-0.03432551887313373,-0.034325547751892005,-0.03432559792694123,-0.034325672783371834,-0.034325777790786605,-0.03432592149088887,-0.034326117277224566,-0.03432638671900479,-0.0343267661457437,-0.034327320782353066,-0.03432817847295644,-0.034329622215105327,-0.03433239586808773,-0.03433894549361577,-0.03435437319098705,-0.0343273553363973,-0.034318066882831684,-0.03431804425937862,-0.03431848447700178,-0.03431872633656431,0.17186814052924945,0.4217440847545405,1.5,-1.4049106720732416,-0.04715563464884129,-0.047155624759367916,-0.04715560758208813,-0.04715558196707649,-0.047155546058430566,-0.04715549696247141,-0.04715543015142926,-0.047155338353631726,-0.04715520936451116,-0.04715502137364026,-0.04715473189715539,-0.04715424771872621,-0.04715332717511339,-0.047151197043262136,-0.047146526210345936,-0.0471558306243217,-0.04715849983733734,-0.04715837149232488,-0.04715817393282064,-0.047158074517087804,0.019184895542404143,0.17015595072981585,1.5,-11.183465618054942,-0.10813810423128302,-0.10813808519099656,-0.10813805218917684,-0.1081380031397796,-0.10813793470574652,-0.10813784174826524,-0.10813771635977726,-0.10813754611855708,-0.10813731078148704,-0.108136975593987,-0.10813647660441804,-0.1081356852183401,-0.10813431608639268,-0.10813176743497456,-0.10813120459643337,-0.1081498371253254,-0.10814793322963943,-0.10814581260807002,-0.10814478786209808,-0.10814436804935937,0.00012193134417811355,0.012898463857196412,1.7,-924.0619216197654,-0.5746253174958298,-0.5746254988459754,-0.5746258137790221,-0.5746262832741422,-0.5746269411654268,-0.5746278401521819,-0.5746290625812591,-0.5746307404689723,-0.5746330948781058,-0.5746365196666439,-0.5746417788642937,-0.5746505389919889,-0.5746670800811131,-0.5747048342874841,-0.5747833870031975,-0.5746121601487921,-0.574569144585162,-0.5745730758734542,-0.5745772413471553,-0.574579256829316,1.1112784196816858e-05,-0.003670990080201679,0.0,1555.0092391923208,-0.27087279837905953,-0.270872856207518,-0.27087295685305435,-0.2708731074092299,-0.2708733194113364,-0.27087361102996965,-0.2708740110820784,-0.2708745666515924,-0.27087535851269706,-0.2708765351220919,-0.2708783964820469,-0.2708816347472798,-0.2708881831620289,-0.27090512701066416,-0.2709568086891636,-0.27090447888585345,-0.2708685110935676,-0.2708638455049659,-0.2708631380669217,-0.2708630591444532,7.658992270330171e-06,0.002996515780313361,1.5,-222.79558489746242,-0.031877721674206334,-0.03187767222588889,-0.03187758649133343,-0.03187745900243755,-0.03187728099920761,-0.031877038964893245,-0.03187671204272036,-0.031876267348298626,-0.03187565102141044,-0.03187476993881422,-0.03187345095380145,-0.03187133996625402,-0.031867624699327024,-0.031860391302476636,-0.03185559315421038,-0.03190369807725624,-0.031901541090513234,-0.031896775232203016,-0.031894368981764565,-0.03189336911796503,4
2022-06-08 16:44:31.975446500,-2.6107997172682804,0.1944265790859852,0.2001580552066379,-0.3103537497003325,0.037044461665956666,-0.10924010779831037,0,0,0,0,1,0.0,-21.669185604364184,38.33664782696919,-5.3858286014651275,0.05007985344244464,-0.2008224852744687,-0.019011371971745804,0.13778952557300722,-0.1389191162330478,0.024438065615960392,-0.09971169716569056,-0.05771629502007036,-0.4733228017127028,-0.7837344740415165,-0.2800285281715231,-0.029181138806043137,-0.14700820299298295,-0.4985618716155429,7.514710844332603e-12,-22.11300369575637,37.960891483082925,-4.546865953251921,0.009040457813959605,-0.20159890526346927,-0.02313648431734311,0.12324003581600998,-0.12326434117505715,0.06008931321830789,-0.010028226949099068,-0.04686360223851578,2.440272408530314,3.3038325327557705,0.6008270039351565,0.27127836214660417,0.18019738460615173,0.9539576955125788,4.414211878538279e-06,5.02681159883467,2.783823139505935,1.0796773187563629,0.018306862920304298,0.021939314743406813,0.010649295763306902,0.05878155333970617,0.017484180314098485,0.08562709923790979,0.11733920569390024,0.041290415442551166,0,0,0,0,1,0,0,0,0,0,0,0,1,1,0.0009346083147506181,0.03756378519657506,1.5,-115.62251297364115,-0.214492466007318,-0.21449245515805515,-0.2144924363488592,-0.2144924083827675,-0.21449236934288507,-0.2144923162728567,-0.2144922446140729,-0.21449214718554632,-0.21449201224028336,-0.214491819502566,-0.214491531368163,-0.21449107124272526,-0.2144902647926732,-0.21448871124191626,-0.21448784040955585,-0.21449841044665965,-0.2144977851942249,-0.21449669911878175,-0.21449615726469015,-0.21449593295465808,0.026205473556064517,0.196359250854384,0.0,14.762185484214694,0.1697743844759636,0.16977439618392176,0.16977441674147387,0.1697744479166381,0.1697744926572039,0.1697745557635496,0.1697746451702864,0.169774774504095,0.16977496855933275,0.1697752761634918,0.1697758043336306,0.16977682515669534,0.16977919670646502,0.16978665383464836,0.1698189817124095,0.1698102509586133,0.16978470193614814,0.1697788981161985,0.16977708355944246,0.16977647516853311,0.0041919831610164925,0.08116168928924125,0.0,9.858098965364425,0.041291337710144926,0.04129134314182537,0.041291352581155016,0.04129136666871625,0.04129138644044905,0.041291413516088615,0.041291450439418564,0.041291501315350254,0.04129157307600237,0.041291678209556586,0.04129184130479588,0.04129211713816272,0.04129265109593658,0.041293930245142524,0.04129708858351239,0.041292028786296835,0.04129006737413296,0.04129000608930941,0.04129006927308751,0.04129010781003385,0.0015453554184346107,0.048756480294204735,0.1,-14.09734962590074,-0.034322365558395074,-0.034322366477216086,-0.034322368118180346,-0.03432237067073851,-0.03432237445981756,-0.034322380033526716,-0.03432238833552481,-0.034322401060837386,-0.034322421445183326,-0.03432245618891011,-0.03432252076253961,-0.0343226566835631,-0.03432300260583032,-0.034324203163068064,-0.03433008139925686,-0.03432968106394752,-0.03432488455621835,-0.034323686518558084,-0.0343232887153129,-0.03432315044011537,1.3021173199149378,0.7556009759372763,1.5,-0.367457414678936,-0.04715659762714813,-0.04715659706454993,-0.04715659607360903,-0.0471565945636888,-0.0471565923826575,-0.04715658928064717,-0.04715658484042831,-0.04715657833712618,-0.04715656843482592,-0.04715655246594308,-0.047156524495892194,-0.047156469191557686,-0.04715633733240157,-0.04715591007427588,-0.047153982387948525,-0.04715437001882987,-0.047155910387793175,-0.0471562724509428,-0.04715638825253265,-0.047156427627329765,0.029480571026184826,0.20706342115876708,1.5,-8.80440658794393,-0.1081383493936019,-0.10813834489701336,-0.1081383370833554,-0.10813832542350156,-0.10813830906202716,-0.10813828666202158,-0.10813825612507684,-0.10813821406749023,-0.10813815478048193,-0.10813806799236796,-0.1081379335116244,-0.10813770645998667,-0.10813726813556948,-0.1081362234832306,-0.10813368643316497,-0.10813788177192812,-0.10813944071473358,-0.1081394742110943,-0.1081394159765366,-0.10813938197133884,0.00012511126498372806,0.01307489315699002,0.1,-911.4206718028121,-0.5746090136710365,-0.5746090268626318,-0.5746090500084335,-0.5746090850688859,-0.5746091353075968,-0.5746092060275458,-0.5746093059703412,-0.5746094501033632,-0.5746096655657453,-0.5746100056011123,-0.5746105864188777,-0.5746117021287453,-0.5746142754757315,-0.5746222974641988,-0.5746566577785011,-0.5746466445369229,-0.5746195824911631,-0.5746135021011831,-0.574611615313362,-0.5746109857562933,1.1031578392568444e-05,-0.003656728984610703,0.0,1560.9681663545575,-0.2708625165211629,-0.2708625099436404,-0.2708624986660766,-0.27086248219329434,-0.270862459788745,-0.2708624304397631,-0.2708623928418632,-0.2708623454870676,-0.2708622871191082,-0.2708622184920628,-0.2708621489651293,-0.2708621238107156,-0.27086236164780075,-0.2708642181303986,-0.27087888511060504,-0.2708865887235987,-0.2708735148097361,-0.2708694793457198,-0.2708679893463568,-0.2708674415272609,7.704267543188299e-06,0.003005573281377655,1.5,-222.0942070501445,-0.031878995130107064,-0.03187898480324946,-0.03187896684828573,-0.031878940031386804,-0.031878902353627225,-0.0318788506817107,-0.03187878007858558,-0.031878682543499785,-0.03187854449197758,-0.03187834128073685,-0.03187802394087313,-0.03187748200007956,-0.031876416659880384,-0.031873791539737795,-0.03186673795711581,-0.03187626834297852,-0.03188087372056625,-0.031881223358509736,-0.03188118342312318,-0.031881138551194343,4
2022-06-08 16:44:34.725446500,-2.49570585026914,0.10333176418339143,0.17800218487773048,-0.291937502829528,0.06234821539961648,-0.0512142815715734,0,0,0,0,1,0.0,-21.36086269830107,38.4819873231419,-5.368721821003062,0.05430721910908102,-0.2020333353319071,-0.018793099110626914,0.13471266151621716,-0.1388135041036693,0.01951335624453863,-0.09243393151810296,-0.05432677402561266,-0.4645544467735314,-0.8146339102783021,-0.2670230289008588,-0.03536083337701837,-0.14177421493075962,-0.4898338666931442,7.514710844332603e-12,-21.98872635047157,38.04841077647361,-4.572701987712208,0.010238590764390154,-0.20220643884054326,-0.02286479771301313,0.12185591816456427,-0.12337853753369912,0.05974373148575207,-0.009759723847741309,-0.04652921269728278,2.4320124872400983,3.2886301240253224,0.6046710497928021,0.2743028136850311,0.1825431017737123,0.9560201304789834,4.414211878538279e-06,4.972985868620137,2.7362176623106973,1.0857221415532332,0.01936616658748989,0.021556472442541656,0.010602683160336622,0.057739240097652335,0.01756878187225964,0.08574931358324235,0.11712716561371887,0.041156823528663525,0,0,0,0,1,0,0,0,0,0,0,0,1,1,0.0010095909032755944,0.03910239565559389,1.5,-110.90366457794985,-0.2144927107010286,-0.21449270836165546,-0.2144927042948712,-0.21449269822233846,-0.2144926896933521,-0.21449267800198069,-0.2144926620370784,-0.21449264000035884,-0.21449260884367627,-0.2144925630494625,-0.21449249168445128,-0.2144923701788677,-0.21449213245823096,-0.21449155170234446,-0.2144900294139762,-0.21449219481092108,-0.21449317494458955,-0.21449323733551595,-0.21449322251563974,-0.2144932103103472,0.04411221685392038,0.2471934745777714,0.0,11.027297084251973,0.16976812996375235,0.1697681197788644,0.16976810217803406,0.16976807614125422,0.16976804006041435,0.169767991510695,0.16976792686900155,0.1697678406735198,0.1697677245344265,0.16976756528370912,0.16976734208209876,0.1697670242626793,0.16976659400316765,0.16976639395400195,0.16977240923706194,0.16978291448302252,0.16977661895838864,0.16977408083298778,0.16977304986387806,0.16977265416280618,0.005003321219879222,0.08870234372666537,0.0,8.949708134313607,0.04129069564317167,0.04129069571208799,0.04129069584096357,0.0412906960546382,0.0412906963971017,0.04129069694539594,0.041290697837586654,0.04129069933197183,0.04129070194166068,0.04129070677056845,0.04129071646166682,0.04129073835632119,0.04129079780484482,0.041291016853860114,0.0412921582144635,0.04129218790205205,0.0412912429248804,0.04129099739236214,0.04129091401210179,0.04129088466164102,0.0017104363954680126,0.051377308074624574,1.4,-13.342283338810473,-0.03432123704225765,-0.034321234890059886,-0.03432123116802055,-0.034321225655533416,-0.03432121800344379,-0.03432120768224356,-0.03432119389428179,-0.034321175422941434,-0.034321150366563184,-0.03432111565619212,-0.034321066182133216,-0.03432099345089884,-0.03432088657623317,-0.034320782867605586,-0.034321720386389976,-0.034323911840010435,-0.034322860218166114,-0.03432239801697182,-0.03432220566054789,-0.03432213108157915,0.5729288660526275,3.625574427419165,0.0,0.6699964310670031,-0.04715696959874223,-0.047156970239692286,-0.04715697134764809,-0.04715697298736672,-0.047156975261095836,-0.04715697832334949,-0.047156982405723455,-0.04715698785893471,-0.04715699522539157,-0.04715700536585475,-0.04715701967085584,-0.04715704029580965,-0.04715706915979577,-0.04715708863041236,-0.047156747443907465,-0.047156089518882234,-0.04715645448847521,-0.04715660591256714,-0.04715666793682907,-0.047156691826550835,0.051666614227254964,0.2644245489376985,1.5,-6.425347832716726,-0.1081388661231587,-0.10813886603469768,-0.1081388658736654,-0.1081388656162358,-0.10813886522081496,-0.10813886461574844,-0.1081388636748215,-0.10813886216591062,-0.1081388596353694,-0.10813885512206707,-0.10813884635734804,-0.1081388271223371,-0.10813877621059648,-0.10813859282733956,-0.10813765875646107,-0.10813766591557232,-0.10813843527142802,-0.10813863243052388,-0.10813869886996312,-0.10813872215718766,0.00012842227768079117,0.013256175972690085,1.4,-898.7794315894382,-0.5746023606020572,-0.5746023499627455,-0.5746023315783617,-0.5746023043864312,-0.5746022667129083,-0.5746022160354087,-0.5746021485888875,-0.5746020587067521,-0.5746019377039282,-0.5746017720020298,-0.574601540269537,-0.5746012117149011,-0.5746007721237945,-0.5746006011196201,-0.5746070909171266,-0.5746180825231662,-0.5746113337168133,-0.5746086366647596,-0.5746075439317124,-0.5746071249270681,1.0951964673381136e-05,-0.0036426805582722094,0.0,1566.9270860072213,-0.2708597649512399,-0.2708597573804923,-0.2708597442702114,-0.2708597248123681,-0.2708596977197715,-0.27085966102178816,-0.2708596117107049,-0.2708595451127209,-0.27085945372624565,-0.2708593249486526,-0.2708591363514472,-0.2708588453626675,-0.2708583687788533,-0.2708576164703942,-0.27085881035655746,-0.27086633947344296,-0.2708643982518737,-0.2708632402509039,-0.27086272421045976,-0.2708625189135505,7.75139120376023e-06,0.0030152281666696165,1.6,-221.3928293595871,-0.03188041602280123,-0.031880416316461435,-0.031880416806238536,-0.03188041748901682,-0.031880418351143185,-0.031880419352653185,-0.031880420392147,-0.031880421225938704,-0.03188042126879331,-0.031880419060848375,-0.03188041066792735,-0.03188038404324356,-0.03188029396900305,-0.031879905139777336,-0.031877589079484465,-0.031877103490854715,-0.0318790751205027,-0.031879624497025194,-0.03187981801546691,-0.03187988747309012,4
2022-06-08 16:44:37.475446500,-2.380611986917882,0.012237052213479257,0.15584632199977513,-0.27352127540810545,0.08765197535311321,0.006811550562305747,0,0,0,0,1,0.0,-21.052539901263064,38.6273267654231,-5.351615022802089,0.05853458477571739,-0.203244184962748,-0.01857482654724949,0.13163579853714394,-0.13870789180034335,0.01458864769592487,-0.08515616609367291,-0.05093725467011962,-0.4632877306776347,-0.8446435717808377,-0.2537003687763483,-0.04143598304490117,-0.1356109021207201,-0.4772200523539384,7.514710844332603e-12,-21.859544010110604,38.13652064630981,-4.599996662063685,0.01153332905448512,-0.20280813329483588,-0.02258504141442765,0.12054262824174407,-0.12356635023607405,0.05899135200337191,-0.009683980199498898,-0.04612802599037565,2.4308988965804668,3.2745331034338645,0.6076563749746199,0.27675466413392996,0.1852444972986491,0.9585035173118964,4.414211878538279e-06,4.918373688465081,2.688905421097129,1.0901796884573334,0.020504544764223552,0.021191370904787864,0.010548266576084698,0.0568084219829525,0.017687612540684943,0.08597716111374074,0.11707348993181348,0.0410112566810101,0,0,0,0,1,0,0,0,0,0,0,0,1,1,0.001094217483814304,0.04077269156671055,1.6,-106.1848162470453,-0.2144930181745579,-0.21449301821047229,-0.2144930182684721,-0.21449301834465384,-0.21449301843088264,-0.21449301851042255,-0.2144930185486924,-0.2144930184726066,-0.214493018121412,-0.21449301711821267,-0.2144930144929167,-0.214493007377738,-0.21449298531204647,-0.21449289520776205,-0.21449238091020414,-0.2144923018463234,-0.21449273598326,-0.21449285450937386,-0.2144928958475032,-0.21449291060338205,0.0914206340404282,0.33357015142267343,0.0,7.292413855620371,0.16976705563298755,0.1697670506701311,0.1697670420654609,0.16976702927023468,0.16976701140538694,0.16976698711452706,0.16976695430479272,0.16976690967655833,0.16976684782582785,0.1697667594100087,0.16976662706039142,0.16976641526373676,0.16976604258789266,0.1697653174007422,0.16976484012165385,0.1697696685137061,0.16976944844799538,0.1697689691754994,0.16976872734426754,0.16976862687703906,0.006084045111381103,0.0977883936242192,0.0,8.041317725418033,0.041290477315989116,0.04129047687094423,0.04129047610106107,0.04129047496032967,0.041290473375820036,0.04129047123670498,0.04129046837554734,0.04129046453590191,0.041290459314507255,0.041290452054443934,0.04129044164411097,0.04129042617042941,0.04129040282786784,0.04129037659871551,0.04129054449224656,0.04129099543998371,0.04129079967985039,0.04129070987448752,0.041290672083092894,0.041290657365664916,0.0019043985114078946,0.0542988813180044,1.5,-12.587218015473258,-0.03432107368527948,-0.034321072771635215,-0.03432107118705341,-0.034321068829610946,-0.03432106553581093,-0.034321061052896784,-0.03432105498986926,-0.03432104672814623,-0.03432103524992619,-0.03432101878423427,-0.0343209940077224,-0.03432095402382618,-0.0343208825724623,-0.034320738120663,-0.03432059081241018,-0.03432147463537505,-0.03432148378352251,-0.03432140876109169,-0.034321368786371154,-0.03432135190122994,0.12300707427279615,-1.2956744580951736,0.0,1.7074505878006598,-0.04715703007763389,-0.04715703037482055,-0.04715703089014156,-0.047157031656558164,-0.047157032726897,-0.047157034182722976,-0.047157036149999984,-0.04715703882756267,-0.04715704254158285,-0.047157047857226284,-0.04715705582864905,-0.04715706862261933,-0.047157091257461085,-0.0471571359085205,-0.04715717114170442,-0.047156882574634816,-0.04715689019469367,-0.04715691741590616,-0.04715693138831188,-0.047156937224188865,0.1162111363035536,0.36574214876339467,1.6,-4.046288740961879,-0.10813904502982374,-0.10813904538605024,-0.10813904600222474,-0.10813904691507026,-0.10813904818275732,-0.10813904989362884,-0.1081390521810164,-0.10813905524884336,-0.10813905941712287,-0.10813906520551432,-0.10813907348857946,-0.10813908575434124,-0.10813910409529744,-0.1081391237689118,-0.10813898221164292,-0.10813862064882858,-0.10813878333292716,-0.10813885680837808,-0.10813888760608713,-0.1081388995809661,0.00013187292609651648,0.013442768071368641,1.5,-886.138196858121,-0.5746011991212612,-0.5746011938532263,-0.5746011847196968,-0.5746011711386814,-0.5746011521781539,-0.5746011264001396,-0.5746010915863309,-0.574601044241156,-0.5746009786418576,-0.5746008849016953,-0.5746007446597758,-0.5746005204335223,-0.5746001265470966,-0.5745993633428981,-0.5745988923723395,-0.5746040207219778,-0.5746037575119729,-0.5746032405543461,-0.5746029812216289,-0.5746028736163256,1.0873574877004477e-05,-0.003628813348025701,0.0,1572.8860030833612,-0.27085959192442033,-0.2708595895623489,-0.2708595854623752,-0.2708595793543367,-0.2708595708034096,-0.2708595591342089,-0.270859543294371,-0.2708595216042582,-0.2708594912665063,-0.2708594473324197,-0.2708593802983472,-0.27085926973989416,-0.2708590644130666,-0.27085861166720804,-0.27085780006905225,-0.27086004800782604,-0.2708604318208643,-0.2708603336884749,-0.27086026296987603,-0.2708602312027546,7.798474171291611e-06,0.003024878704971316,1.6,-220.69145069126427,-0.031880855914110384,-0.03188085692485032,-0.031880858674114165,-0.03188086126787937,-0.031880864874468166,-0.03188086975055349,-0.03188087628568148,-0.03188088508035847,-0.031880897087789066,-0.031880913882878836,-0.03188093819476201,-0.031880974951945966,-0.03188103258932795,-0.031881109966438885,-0.031880825360135916,-0.0318798094209205,-0.03188017325804182,-0.03188035572506687,-0.03188043416853858,-0.03188046495964958,4
2022-06-08 16:44:40.225446500,-2.2655181197657046,-0.0788576331112322,0.13369046296700388,-0.25510505248402826,0.11295573685982208,0.06483738584300698,0,0,0,0,1,0.0,-20.744217132348982,38.77266619906928,-5.33450821658559,0.06276195044235376,-0.20445503451653405,-0.018356554101377345,0.1285589358161758,-0.1386022794645371,0.009663939211365907,-0.07787840050293146,-0.04754773567725211,-0.4695226575234436,-0.8737634485012522,-0.24006054601522314,-0.04740658754120665,-0.12851826556311813,-0.4607204392876097,7.514710844332603e-12,-21.72545667858917,38.22522108931387,-4.628749975499692,0.012924672684244505,-0.203403988623706,-0.02229721541382013,0.11930016598070198,-0.12382777917148585,0.05783217559119725,-0.009800996589629572,-0.04566004226637595,2.4352327268022833,3.26152000206682,0.6097444493629545,0.2786680132061416,0.18824454009571795,0.961034525376378,4.414211878538279e-06,4.862963790979206,2.641902304400343,1.0928289888104346,0.02171114479078672,0.020844697740642938,0.010485342362194205,0.05598793536687277,0.017823494019470698,0.08626181075843757,0.11714090571709505,0.0408579461663632,0,0,0,0,1,0,0,0,0,0,0,0,1,1,0.0011902291494776506,0.04259202043709122,1.6,-101.46596770727746,-0.2144931160675565,-0.21449311628400736,-0.21449311665856466,-0.21449311721381206,-0.2144931179856311,-0.2144931190286465,-0.21449312042567129,-0.2144931223040607,-0.2144931248654736,-0.21449312844160007,-0.2144931336032616,-0.2144931413667881,-0.21449315339996144,-0.21449316877911692,-0.2144931013467275,-0.21449288324212826,-0.2144929665672799,-0.2144930070784548,-0.21449302437445428,-0.21449303114582008,0.30959699959159154,0.5127532606952887,0.0,3.5575318287448816,0.16976718262929408,0.169767181590729,0.16976717978502276,0.16976717708811928,0.16976717329903712,0.16976716810275486,0.1697671610029264,0.16976715119525432,0.16976713731424473,0.16976711688306886,0.16976708498072096,0.16976703050782216,0.16976692345239675,0.1697666597741539,0.16976595218188306,0.16976691079981898,0.1697673724715194,0.16976740723702094,0.16976740308303714,0.16976739852435302,0.007570696420960449,0.10894940718855296,0.0,7.132927505774918,0.04129044849589858,0.04129044831747697,0.041290448007987764,0.04129044754744482,0.04129044690377054,0.04129044602733117,0.04129044484125771,0.04129044322375092,0.04129044097398976,0.04129043774154617,0.04129043286611489,0.04129042496870442,0.04129041075998978,0.04129038156763468,0.04129034746372304,0.04129051960471794,0.041290525850516464,0.041290512386587166,0.04129050498798642,0.04129050183562436,0.0021343540177848857,0.05757386701387645,1.5,-11.832152890377412,-0.034321108407993066,-0.03432110824092738,-0.03432110795025456,-0.0343211075156411,-0.034321106904069754,-0.034321106063597284,-0.03432110491201218,-0.03432110331530908,-0.034321101044314566,-0.034321097679414936,-0.03432109237677658,-0.034321083202059205,-0.03432106480070693,-0.03432101784139907,-0.034320879344473365,-0.03432103144379761,-0.034321126324275864,-0.03432113740009768,-0.03432113861845476,-0.0343211385530838,0.05358333139928451,-0.549626611829929,0.0,2.7449048139240944,-0.047157021201695966,-0.04715702126115373,-0.04715702136455313,-0.04715702151903856,-0.04715702173619382,-0.04715702203419625,-0.04715702244172852,-0.047157023005355486,-0.0471570238043237,-0.04715702498281482,-0.04715702682842725,-0.04715702999335036,-0.04715703625500122,-0.047157051861717265,-0.04715709514589382,-0.04715704050200481,-0.04715701175245949,-0.04715700914609512,-0.047157009171292605,-0.04715700935737481,0.5053930142435681,0.5929278984042673,1.7,-1.6672294949384467,-0.1081390694541114,-0.10813906959969176,-0.10813906985220242,-0.10813907022792896,-0.10813907075300012,-0.1081390714678361,-0.1081390724350123,-0.10813907375362294,-0.10813907558693972,-0.10813907821958256,-0.10813908218709246,-0.1081390886054822,-0.1081391001261314,-0.10813912366502762,-0.10813914997139176,-0.10813900938432516,-0.10813900555841392,-0.10813901688259996,-0.1081390230359916,-0.10813902564978363,0.00013546867577867268,0.013634774819961564,1.5,-873.4969634165732,-0.5746013270042738,-0.5746013258817868,-0.5746013239303664,-0.5746013210160896,-0.5746013169222124,-0.5746013113090882,-0.574601303641785,-0.5746012930541298,-0.5746012780762015,-0.574601256045483,-0.5746012216761542,-0.5746011630704189,-0.5746010481257429,-0.5746007660862986,-0.5746000172948023,-0.5746010547131704,-0.5746015402269222,-0.5746015743276159,-0.574601568656119,-0.5746015633345278,1.0796113625441404e-05,-0.0036150709420642384,0.0,1578.8449198134601,-0.2708597639212087,-0.2708597636621448,-0.2708597632095575,-0.2708597625289855,-0.2708597615634005,-0.27085976022154057,-0.2708597583566714,-0.2708597557224124,-0.2708597518844442,-0.2708597460172655,-0.27085973637741745,-0.2708597187331776,-0.27085968042367625,-0.27085956996505445,-0.2708591509685476,-0.2708593696590924,-0.27085968702719043,-0.27085974978964344,-0.27085976720610105,-0.2708597727339264,7.845680514757338e-06,0.0030345179162868732,1.7,-219.99007163051812,-0.03188090293825496,-0.03188090330489146,-0.031880903941043925,-0.0318809048880766,-0.03188090621251405,-0.031880908017420495,-0.03188091046280128,-0.031880913802835316,-0.03188091845826513,-0.03188092516732688,-0.03188093533135028,-0.03188095191079565,-0.031880982113802865,-0.031881045973996436,-0.03188113707928153,-0.03188078515369597,-0.03188075473744156,-0.031880777711259516,-0.03188079130739485,-0.03188079723756343,4
2022-06-08 16:44:42.975446500,-2.1504242504381588,-0.1699523172722925,0.11153460476537387,-0.2366888296100149,0.13825949843412688,0.12286322186905622,0,0,0,0,1,0.0,-20.435894361778427,38.91800563510803,-5.317401409093816,0.06698931610899013,-0.20566588408712244,-0.018138281667784858,0.1254820730687512,-0.13849666712436354,0.004739230674531514,-0.07060063481443864,-0.0441582166776666,-0.4832592318479677,-0.9019935360701248,-0.2261035602614907,-0.0532726468686051,-0.1204963053849754,-0.4403350281559912,7.514710844332603e-12,-21.5864643608564,38.31451210183226,-4.658961928265347,0.014412621653668306,-0.2039940047974929,-0.02200131971449286,0.11812853146413413,-0.12416282435319945,0.056266202257502985,-0.010110773239620268,-0.04512526156941779,2.443212684266135,3.2495671709187723,0.6108929319282695,0.28007267007634684,0.19147462165276533,0.9631964343960904,4.414211878538279e-06,4.806728949861256,2.595224841316123,1.093437078770365,0.022975495366187745,0.020517133624792943,0.010413151320890528,0.05527560954096437,0.01795876318846434,0.08654912277044563,0.11729080909275898,0.04070085091143762,0,0,0,0,1,0,0,0,0,0,0,0,1,1,0.0012997945949176667,0.044581256590541775,1.7,-96.74711908077707,-0.21449312712399585,-0.21449312720192992,-0.214493127337148,-0.2144931275384128,-0.2144931278198712,-0.2144931282033493,-0.2144931287227667,-0.2144931294319852,-0.21449313042010854,-0.21449313184319865,-0.2144931339970335,-0.21449313750535734,-0.21449314387990606,-0.2144931572801667,-0.2144931756843711,-0.21449310079168796,-0.21449309512813586,-0.21449310023665455,-0.21449310319642545,-0.21449310447438874,3.044339867747059,1.1078674279595195,0.8,-0.17735018176664474,0.16976732505435552,0.16976732508134906,0.1697673251262039,0.16976732518833018,0.16976732526591592,0.16976732535426042,0.1697673254421306,0.16976732550338644,0.1697673254765254,0.16976732521023016,0.16976732430062078,0.16976732151991422,0.16976731228573191,0.16976727286880686,0.16976704001787302,0.1697669936839461,0.1697671915891635,0.1697672465228113,0.16976726583548213,0.16976727276104234,0.00970007242304444,0.1229867902401766,0.0,6.2245373227874925,0.04129045629249562,0.04129045626189953,0.041290456208646464,0.04129045612897392,0.04129045601676578,0.04129045586238245,0.04129045565052844,0.0412904553561991,0.04129045493646225,0.041290454312338326,0.04129045332403442,0.041290451602294026,0.04129044811351626,0.04129043905605004,0.041290411208281946,0.04129043885117861,0.04129045830322496,0.04129046088292628,0.04129046129576906,0.04129046135110892,0.002409878550187628,0.06126942789850465,1.6,-11.077087758381383,-0.034321136045758927,-0.034321136060375235,-0.03432113608536613,-0.03432113612170784,-0.03432113617080623,-0.03432113623448674,-0.034321136314856004,-0.034321136413716265,-0.034321136530672924,-0.03432113665696185,-0.0343211367542991,-0.03432113667224737,-0.0343211357489453,-0.034321130102531794,-0.034321089253944385,-0.034321071431146044,-0.034321107381488775,-0.034321118184507504,-0.0343211221266688,-0.03432112356751748,0.030281605713602413,-0.3487922053696372,0.0,3.782359039926156,-0.047157012504531685,-0.047157012501737816,-0.04715701249700949,-0.04715701249025034,-0.04715701248135795,-0.04715701247028728,-0.04715701245720516,-0.04715701244287629,-0.047157012429665884,-0.04715701242433538,-0.047157012446758864,-0.047157012561460786,-0.0471570130215401,-0.047157015192610764,-0.047157028928491086,-0.04715703284187757,-0.04715702101726324,-0.04715701763392252,-0.047157016427039976,-0.047157015991686174,1.569741240727888,1.5651249106467562,0.0,0.7118297816584586,-0.10813906333463147,-0.108139063360022,-0.10813906340421203,-0.10813906347031756,-0.10813906356340364,-0.10813906369145054,-0.10813906386711528,-0.10813906411107777,-0.10813906445881848,-0.10813906497555603,-0.10813906579309693,-0.10813906721558368,-0.10813907009271334,-0.10813907753963818,-0.10813910027216177,-0.10813907729891756,-0.10813906147338692,-0.1081390594154862,-0.1081390591017644,-0.10813905906600928,0.0001392167325911507,0.013832361231370952,1.6,-860.8557299970888,-0.5746014759618703,-0.5746014759632629,-0.5746014759635614,-0.574601475959156,-0.5746014759433749,-0.5746014759037195,-0.5746014758169551,-0.5746014756373583,-0.5746014752702813,-0.5746014745041137,-0.5746014728182091,-0.5746014687183028,-0.5746014569143227,-0.574601411256566,-0.5746011625373413,-0.5746011399664255,-0.5746013479696543,-0.5746014034501226,-0.5746014225221074,-0.5746014293045505,1.0719490168596584e-05,-0.0036014334568052874,0.0,1584.8038366337728,-0.27085984513365696,-0.2708598452312856,-0.27085984539996844,-0.2708598456487437,-0.2708598459921916,-0.27085984645179906,-0.2708598470590005,-0.2708598478597821,-0.2708598489213685,-0.2708598503402229,-0.27085985224518083,-0.27085985471825325,-0.270859857205906,-0.2708598527726167,-0.27085976075106544,-0.2708596568551087,-0.2708597464560825,-0.27085977804667394,-0.27085979061575216,-0.27085979515651104,7.8932439294192e-06,0.0030441960761423393,2.0,-219.2886925028046,-0.03188088310447057,-0.031880883160614104,-0.03188088325839189,-0.031880883404848966,-0.031880883611446365,-0.031880883896343803,-0.03188088428841418,-0.031880884835175934,-0.03188088561880065,-0.0318808867915692,-0.031880888665264166,-0.031880891970366136,-0.03188089878964995,-0.03188091701353546,-0.031880976835717334,-0.031880926874505285,-0.03188088389321031,-0.031880877215267216,-0.03188087576622856,-0.031880875464842195,4
2022-06-08 16:44:45.725446500,-2.0353303794213966,-0.2610470040172728,0.08937874648499175,-0.2182726063665733,0.16356325989800571,0.18088905785774909,0,0,0,0,1,0.0,-20.12757157972377,39.06334507561935,-5.300294602504748,0.0712166817756265,-0.20687673369725887,-0.017920009208744828,0.1224052101960416,-0.13839105476304925,-0.00018547788756011508,-0.06332286906407318,-0.040768697632392964,-0.5044974529038023,-0.9293338344977043,-0.21182941135293826,-0.059034161030217164,-0.11154502156630604,-0.4160638185142089,7.514710844332603e-12,-21.442567053417406,38.40439368652033,-4.690632520271833,0.015997175962756526,-0.20457818183485826,-0.021697354315773663,0.11702772465451365,-0.12457148578207902,0.054293431963004006,-0.010613310110925991,-0.04452368388960195,2.4529690070168053,3.238648816907177,0.6110550980480863,0.2809948571771317,0.19485635765232576,0.9645289139542264,4.414211878538279e-06,4.74962499201446,2.5488902313608333,1.0917550274440355,0.0242876841986789,0.020209345288938863,0.010330870449879922,0.05466823399679155,0.018075368198540127,0.08677990442517321,0.11748360160181615,0.04054365814567148,0,0,0,0,1,0,0,0,0,0,0,0,1,1,0.0014256300231911367,0.04676539631208258,0.1,-92.0282704380366,-0.21449312196230608,-0.21449312196856415,-0.21449312197955628,-0.21449312199620607,-0.21449312202009985,-0.21449312205375204,-0.21449312210137084,-0.2144931221701425,-0.21449312227315254,-0.2144931224360649,-0.214493122715,-0.2144931232525471,-0.2144931244966,-0.214493128390886,-0.21449314517310425,-0.2144931404647803,-0.21449312722830927,-0.2144931242344388,-0.2144931232931726,-0.21449312298508194,0.2647084125955721,-6.8973048362658265,1.4,-3.912232290774565,0.16976736865781386,0.1697673687550798,0.1697673689234213,0.1697673691730472,0.1697673695201739,0.1697673699895345,0.16976737061867925,0.16976737146551962,0.16976737262203473,0.16976737424034433,0.16976737658447572,0.16976738013262327,0.1697673857104801,0.16976739327730955,0.16976736654368418,0.1697672688365236,0.16976730329929554,0.1697673207134204,0.1697673282111009,0.16976733115754364,0.012913935135947406,0.14117645737260062,0.0,5.316147137530262,0.04129046178199303,0.04129046178519191,0.04129046179067092,0.041290461798660416,0.04129046180950019,0.04129046182364926,0.04129046184167723,0.04129046186419391,0.04129046189155118,0.041290461922814575,0.04129046195202245,0.04129046195313695,0.041290461805682105,0.04129046078025689,0.04129045298283498,0.0412904491794005,0.041290456092618485,0.041290458203640516,0.0412904589786432,0.04129045926367253,0.002744053616163048,0.06547190947442831,1.6,-10.322022606491906,-0.03432114373256145,-0.034321143752792826,-0.03432114378782414,-0.03432114383980589,-0.03432114391216245,-0.0343211440101312,-0.0343211441416974,-0.0343211443192481,-0.03432114456262145,-0.034321144905021805,-0.03432114540522371,-0.03432114617368537,-0.034321147420947606,-0.034321149330340917,-0.03432114559128513,-0.03432112542412569,-0.034321131069760015,-0.034321134286283195,-0.034321135706816434,-0.03432113627106925,0.01959593167605886,-0.2554502847534146,0.0,4.819813259859223,-0.04715700989560368,-0.04715700988945226,-0.0471570098788055,-0.04715700986301696,-0.04715700984106136,-0.04715700981137255,-0.0471570097715732,-0.047157009717996495,-0.047157009644816436,-0.04715700954239119,-0.04715700939397065,-0.04715700916917855,-0.047157008815259915,-0.04715700833230399,-0.04715700999827388,-0.04715701617746383,-0.047157014016680036,-0.04715701292089894,-0.04715701244850959,-0.04715701226260825,0.1844226495019644,-2.4468280191774703,0.0,3.0908890567189204,-0.10813905878201767,-0.10813905878023933,-0.10813905877721793,-0.1081390587728704,-0.10813905876709262,-0.10813905875978358,-0.10813905875091316,-0.10813905874070562,-0.1081390587301214,-0.10813905872225392,-0.10813905872677118,-0.10813905877624756,-0.10813905900169876,-0.10813906012410823,-0.1081390674587774,-0.10813906982943013,-0.10813906347904476,-0.10813906163933426,-0.10813906097876744,-0.10813906073952527,0.00014312570084587441,0.014035756729524096,1.6,-848.2144964682402,-0.5746015152095367,-0.5746015152755319,-0.5746015153899009,-0.5746015155598911,-0.574601515797049,-0.5746015161191522,-0.5746015165535071,-0.5746015171431225,-0.5746015179581363,-0.5746015191184419,-0.5746015208447695,-0.5746015235784938,-0.5746015283038339,-0.574601537028709,-0.5746015386116489,-0.574601473947915,-0.5746014809433788,-0.5746014883364552,-0.5746014919274547,-0.5746014933706259,1.064368640088964e-05,-0.003587897272374196,0.0,1590.7627535209729,-0.27085985932592394,-0.2708598593743261,-0.2708598594585112,-0.270859859583652,-0.2708598597586587,-0.2708598599969747,-0.2708598603199093,-0.27085986076017576,-0.2708598613733884,-0.2708598622555272,-0.2708598635891661,-0.27085986575358234,-0.2708598696706872,-0.2708598778069202,-0.27085988829260543,-0.27085984176618183,-0.27085983867850416,-0.2708598423609452,-0.2708598442227128,-0.2708598450219366,7.941244890247707e-06,0.003053933735373609,1.2,-218.58731338374702,-0.03188087200722478,-0.031880871999284466,-0.03188087198564915,-0.03188087196560119,-0.031880871938088966,-0.03188087190163813,-0.03188087185405308,-0.03188087179250587,-0.031880871713207526,-0.031880871612277595,-0.031880871488477965,-0.031880871363116466,-0.03188087137471651,-0.031880872553271544,-0.03188088447563153,-0.03188089329723631,-0.031880882318438886,-0.031880878766550325,-0.03188087737760359,-0.03188087685787133,4
2022-06-08 16:44:48.475446500,-1.920236507145588,-0.35214169255092365,0.06722288793345756,-0.1998563830190616,0.1888670212400141,0.23891489308194594,0,0,0,0,1,0.0,-19.819248791465547,39.20868451916497,-5.283187796127777,0.07544404744226288,-0.20808758333473104,-0.01770173673827931,0.11932834723955554,-0.13828544238107945,-0.005110186387258308,-0.05604510328784506,-0.03737917857239452,-0.5332373166660421,-0.9557843451348904,-0.19723809864070352,-0.06469112993146782,-0.10166441418893306,-0.3879068110566762,7.514710844332603e-12,-21.29376476600241,38.49486583837833,-4.723761750335557,0.017678335611509163,-0.20515651970222168,-0.021385319232991955,0.1159977456102527,-0.125053763439703,0.051913864815821824,-0.011308607051032172,-0.04385530922780312,2.4625849047898587,3.2287370491005243,0.6101791413523721,0.28145776312188314,0.19830311930981515,0.9645255489332158,4.414211878538279e-06,4.691589724567897,2.5029164024825903,1.0875130068641232,0.02563842536264395,0.019921977993529256,0.010237602905594112,0.05416155314534412,0.01815478520096357,0.08688979294828413,0.11767890600157235,0.040389780051579206,0,0,0,0,1,0,0,0,0,0,0,0,1,1,0.0015711733356334725,0.04917457198539093,0.1,-87.30942179517064,-0.21449311669810636,-0.214493116703216,-0.2144931167122568,-0.21449311672615146,-0.21449311674643126,-0.21449311677568428,-0.2144931168182591,-0.21449311688182204,-0.21449311698077045,-0.21449311714437247,-0.21449311743897947,-0.2144931180391727,-0.2144931195174926,-0.21449312447779745,-0.214493147858724,-0.2144931448419105,-0.21449312593993386,-0.21449312135609103,-0.2144931198441027,-0.2144931193388493,0.08413986990763675,-0.8385019411653191,1.5,-7.647114440273222,0.16976737172874012,0.1697673717680771,0.16976737183641974,0.16976737193837388,0.16976737208138182,0.1697673722770619,0.16976737254362714,0.1697673729103982,0.16976737342674034,0.1697673741812286,0.1697673753473358,0.16976737730861108,0.16976738107166026,0.16976738993474674,0.16976741063389295,0.16976737380238266,0.16976736141573429,0.16976736145555826,0.16976736207929702,0.16976736241870288,0.018118872719149512,0.16568047162239224,0.0,4.407756948087986,0.041290463075446315,0.041290463078769164,0.04129046308452866,0.04129046309309009,0.041290463105036916,0.041290463121267766,0.04129046314316706,0.0412904631729108,0.04129046321404843,0.0412904632726808,0.041290463360065366,0.04129046349890458,0.0412904637398908,0.041290464192580235,0.04129046433417191,0.04129046108596389,0.04129046138235935,0.04129046174290213,0.041290461918051455,0.04129046199024217,0.0031550843325012057,0.07029330862994428,1.7,-9.56695744751148,-0.03432114432224709,-0.03432114432918432,-0.03432114434122302,-0.03432114435915423,-0.034321144384248485,-0.034321144418479,-0.034321144464917575,-0.03432114452845486,-0.03432114461723248,-0.034321144745599115,-0.0343211449410345,-0.034321145262284865,-0.03432114585539914,-0.034321147147089816,-0.03432114932459723,-0.03432114270480402,-0.034321141750866514,-0.034321142084555945,-0.0343211423070916,-0.03432114240695251,0.01378153034746467,-0.20152046265056905,0.0,5.857267477423588,-0.047157009657988525,-0.04715700965648517,-0.04715700965387698,-0.047157009649993635,-0.047157009644562216,-0.04715700963715913,-0.04715700962712663,-0.04715700961341912,-0.047157009594304584,-0.04715700956674326,-0.04715700952494359,-0.047157009456677716,-0.04715700933196548,-0.0471570090669062,-0.04715700867501485,-0.04715701011633497,-0.047157010256092764,-0.04715701016618182,-0.047157010111983866,-0.047157010087893865,0.06865069182064719,-0.6866662926185884,0.0,5.46994832823312,-0.10813905778595434,-0.10813905778849353,-0.10813905779290887,-0.1081390577995004,-0.10813905780875964,-0.10813905782145272,-0.10813905783878566,-0.10813905786271172,-0.10813905789654313,-0.10813905794627836,-0.10813905802379184,-0.108139058155808,-0.10813905841416208,-0.10813905904602007,-0.1081390607048514,-0.1081390583542668,-0.1081390572858928,-0.10813905721677182,-0.10813905723152392,-0.10813905724473476,0.00014720504498308442,0.014245221027096631,2.0,-835.5732628867344,-0.5746015017987247,-0.5746015019259971,-0.5746015021478996,-0.574601502480732,-0.5746015029514027,-0.5746015036023735,-0.5746015045018567,-0.5746015057628391,-0.5746015075825,-0.5746015103304956,-0.5746015147723327,-0.5746015227319194,-0.5746015395271442,-0.5746015860209539,-0.5746017497746116,-0.5746016388447508,-0.5746015179766529,-0.5746014966115318,-0.5746014911828912,-0.574601489670818,1.0568694800225843e-05,-0.003574461891744628,0.0,1596.7216704293885,-0.2708598523149135,-0.2708598523515775,-0.2708598524156685,-0.2708598525120465,-0.27085985264871226,-0.2708598528386972,-0.27085985310219485,-0.27085985347387265,-0.2708598540150078,-0.2708598548411203,-0.2708598561951732,-0.2708598586660429,-0.2708598640030431,-0.270859879325009,-0.2708599368771658,-0.27085990594702025,-0.2708598624151861,-0.2708598538979245,-0.2708598513685132,-0.2708598508260254,7.989698099720915e-06,0.003063734951987522,1.5,-217.88593427441097,-0.031880870648521416,-0.03188087062853029,-0.03188087059382383,-0.031880870542000395,-0.03188087046918575,-0.03188087036933851,-0.03188087023298713,-0.031880870044691534,-0.03188086977839344,-0.0318808693865984,-0.03188086877537266,-0.03188086773407228,-0.03188086569100612,-0.03188086068860852,-0.03188084738118046,-0.0318808658863734,-0.031880874492273385,-0.031880875067404,-0.03188087493757585,-0.031880874838552176,4
2022-06-08 16:44:51.225446500,-1.8051426445217296,-0.4432363763162075,0.0450670293022829,-0.18144015983730066,0.2141707822361701,0.296940725562576,0,0,0,0,1,0.0,-19.510926090220988,39.35402393757108,-5.266080980663748,0.07967141310889925,-0.2092984327331985,-0.01748346449211055,0.11625148516305235,-0.13817983019048974,-0.010034894564742904,-0.0487673379024154,-0.0339896596558198,-0.5694788314812868,-0.9813450632582008,-0.18232962119781146,-0.07024355335366421,-0.09085448353153863,-0.35586400759890763,7.514710844332603e-12,-21.140057612448267,38.58592848333551,-4.758349615896963,0.01945610059992621,-0.2057290178468681,-0.0210652145731998,0.115038595582534,-0.12560965740023672,0.04912750108387842,-0.01219666432284727,-0.04312013778560607,2.4701036526280005,3.219801935437164,0.6082073160827683,0.2814819816057255,0.20172117215751667,0.962628342585162,4.414211878538279e-06,4.632541804536803,2.4573221339901314,1.080414047631991,0.02701905673047119,0.019655647745446904,0.010132365726974022,0.053750289064010984,0.018177746443859125,0.08680864747655978,0.11783564913519325,0.04024234726036762,0,0,0,0,1,0,0,0,0,0,0,0,1,1,0.0017408294788402727,0.05184545244923932,1.7,-82.5905731565462,-0.21449311570773497,-0.21449311581046704,-0.2144931159888888,-0.2144931162549124,-0.21449311662774395,-0.21449311713734875,-0.21449311783054004,-0.21449311878244792,-0.21449312011900207,-0.214493122064892,-0.21449312505682405,-0.21449313004985204,-0.21449313950780532,-0.21449316123343776,-0.2144932075699648,-0.21449311072867386,-0.21449308483249707,-0.21449308664747455,-0.21449308885983587,-0.21449308995201435,0.04169641840154988,-0.4463843058476352,1.5,-11.381996595644978,0.16976736895349953,0.16976736901720454,0.16976736912790047,0.16976736929307212,0.16976736952482385,0.16976736984206464,0.16976737027446806,0.16976737086985794,0.1697673717088902,0.16976737293657096,0.16976737483771148,0.16976737804451827,0.1697673842259858,0.16976739891645876,0.1697674342644343,0.1697673747753783,0.16976735318848252,0.16976735284477076,0.16976735371650276,0.1697673542148753,0.02743690884900952,0.20047732856344652,0.0,3.4993667570736493,0.04129046279688031,0.0412904628004378,0.04129046280663329,0.04129046281591281,0.0412904628289994,0.04129046284703836,0.04129046287185378,0.04129046290644117,0.04129046295597491,0.04129046303004378,0.04129046314822556,0.04129046335630937,0.04129046378454662,0.041290464924740485,0.041290468634820186,0.04129046546091701,0.04129046280474494,0.041290462399541664,0.0412904623154988,0.041290462296090465,0.003668913835271436,0.07588124969587216,1.7,-8.811892287614269,-0.03432114399785724,-0.034321143999742836,-0.034321144003016564,-0.03432114400789698,-0.034321144014737286,-0.034321144024086925,-0.03432114403680514,-0.03432114405426756,-0.034321144078784636,-0.034321144114476954,-0.03432114416934995,-0.03432114426088087,-0.034321144434231184,-0.03432114483199458,-0.03432114567824826,-0.034321143900349266,-0.03432114342901979,-0.034321143464323106,-0.034321143504879865,-0.03432114352437103,0.010254401423081334,-0.1663922774544663,0.0,6.894721694419129,-0.047157009988725414,-0.047157009990425484,-0.047157009993364814,-0.0471570099977171,-0.04715701000375688,-0.047157010011898925,-0.04715701002276729,-0.04715701003731268,-0.04715701005701461,-0.047157010084245436,-0.047157010122921984,-0.04715701017939264,-0.04715701026103256,-0.04715701033214556,-0.04715700953321384,-0.047157007795697516,-0.04715700867727177,-0.04715700905483865,-0.04715700921129025,-0.0471570092713382,0.03619870220571507,-0.3993720967858461,0.0,7.849007596994617,-0.10813905954478042,-0.1081390595583268,-0.10813905958175417,-0.10813905961645308,-0.10813905966462377,-0.10813905972960257,-0.1081390598164213,-0.10813905993275012,-0.1081390600906008,-0.10813906030935873,-0.10813906062137454,-0.10813906108066083,-0.10813906175771984,-0.10813906242710278,-0.10813905661582633,-0.10813904283109224,-0.10813904937395004,-0.10813905226387628,-0.10813905346691174,-0.10813905393457296,0.0001514649483996652,0.014461030372077075,1.7,-822.9320293245061,-0.5746015078870812,-0.5746015087536875,-0.5746015102582902,-0.5746015125000952,-0.5746015156392588,-0.5746015199245136,-0.5746015257437449,-0.5746015337167591,-0.5746015448772219,-0.5746015610562836,-0.5746015857810711,-0.5746016266561256,-0.5746017028805817,-0.5746018724165687,-0.5746021886655797,-0.5746013653296167,-0.5746012090663193,-0.574601241166544,-0.5746012655328805,-0.5746012767683881,1.0494505832479479e-05,-0.0035611264935241646,0.0,1602.6805873322683,-0.2708598509175317,-0.2708598511825073,-0.2708598516426832,-0.2708598523285701,-0.2708598532898065,-0.2708598546028185,-0.2708598563881353,-0.2708598588378237,-0.2708598622742571,-0.2708598672698628,-0.2708598749374431,-0.2708598876924242,-0.2708599117377091,-0.2708599664046289,-0.2708600785093367,-0.2708598281786081,-0.2708597675424187,-0.2708597738787617,-0.2708597799908219,-0.2708597830783228,8.038606143742632e-06,0.003073600269036597,1.5,-217.18455516458144,-0.031880868778763734,-0.03188086869317175,-0.03188086854468963,-0.03188086832356163,-0.031880868014184216,-0.031880867592324336,-0.031880867020317886,-0.03188086623824393,-0.03188086514652877,-0.03188086357011688,-0.031880861174750315,-0.031880857248906665,-0.031880850039279984,-0.031880834517358465,-0.03188080987329212,-0.031880891750745384,-0.03188090163654067,-0.03188089703442465,-0.031880894091441465,-0.031880892853200615,4
2022-06-08 16:44:53.975446500,-1.690048839463451,-0.5343310268098628,0.022911172686578364,-0.16302393700500384,0.23947454257434475,0.3549665540065948,0,0,0,0,1,0.0,-19.20260383896321,39.499363212984,-5.248974123908852,0.08389877877553563,-0.21050928078454567,-0.017265193349328675,0.1131746278838757,-0.13807421910249576,-0.014959602083316368,-0.04148957455504817,-0.03060014141569372,-0.6132220833037401,-1.0060159523796341,-0.16710398274821675,-0.07569143150956266,-0.07911522963073075,-0.3199354048685726,7.514710844332603e-12,-20.98144599308426,38.67758134544359,-4.79439611964675,0.021330470928007682,-0.20629567415678796,-0.020737040644535704,0.11415027959426592,-0.1262391682597256,0.04593434042625378,-0.013277484825536446,-0.042318170436568416,2.4735203203712675,3.2118115747747864,0.6050748767925153,0.2810858624176463,0.20501033982620487,0.9582181563616134,4.414211878538279e-06,4.572379565083184,2.4121272803693974,1.070125940719838,0.028421496989584467,0.01941093352976413,0.010014074656896457,0.05342819053775708,0.018123754341774736,0.08645929645562052,0.11791200296135665,0.040104200048167865,0,0,0,0,1,0,0,0,0,0,0,0,1,1,0.0019403191253856407,0.054823124922414236,1.6,-77.87172454811217,-0.2144931449674088,-0.21449314534982997,-0.21449314601238176,-0.2144931469964213,-0.21449314836798014,-0.2144931502284648,-0.21449315273330027,-0.2144931561253549,-0.21449316079761796,-0.2144931674177979,-0.21449317719549987,-0.21449319250065724,-0.21449321831033447,-0.21449326299415186,-0.2144932389761056,-0.2144928617346431,-0.21449292948240206,-0.2144929799278965,-0.214493003206266,-0.21449301259205236,0.02510906050763677,-0.3041509159597231,1.4,-15.116878733694124,0.1697673835470237,0.16976738377615908,0.16976738417324122,0.16976738476325634,0.1697673855861347,0.1697673867033056,0.16976738820915827,0.16976739025166734,0.16976739307133926,0.16976739707950378,0.16976740302873478,0.16976741241795146,0.16976742850926513,0.16976745769813162,0.16976745642195146,0.1697672315116896,0.16976726114425933,0.16976728845393002,0.16976730140318705,0.1697673066700161,0.04690186219141225,0.25377643219468576,0.0,2.5909765665605464,0.041290463024539835,0.04129046304360068,0.0412904630766841,0.04129046312596327,0.04129046319493485,0.04129046328903002,0.041290463416700784,0.04129046359142705,0.04129046383562924,0.04129046418889158,0.04129046472704513,0.041290465612515766,0.04129046725008997,0.04129047082945561,0.04129047697449112,0.04129045879792724,0.041290456040480886,0.04129045692298093,0.041290457522201285,0.041290457791158884,0.004323568598300813,0.08243433650297405,1.6,-8.05682712823689,-0.03432114419438559,-0.03432114419454335,-0.034321144194799265,-0.034321144195135767,-0.034321144195520126,-0.03432114419588112,-0.03432114419607224,-0.034321144195784525,-0.03432114419433169,-0.03432114419011228,-0.034321144178992374,-0.03432114414869966,-0.03432114405455941,-0.03432114366932895,-0.03432114146784193,-0.03432114112642759,-0.034321142984195224,-0.03432114349268603,-0.034321143669558754,-0.03432114373216985,0.007947171109122051,-0.14169296528825048,0.0,7.932175910924535,-0.04715701080840229,-0.04715701080965196,-0.047157010811782696,-0.04715701081486523,-0.04715701081899648,-0.047157010824291024,-0.047157010830850936,-0.0471570108386768,-0.04715701084742024,-0.047157010855632515,-0.04715701085830954,-0.04715701083763571,-0.0471570107196147,-0.04715701008637699,-0.0471570057765619,-0.047157004183439655,-0.04715700793859631,-0.04715700904453768,-0.04715700944364352,-0.04715700958927175,0.02253005535215049,-0.28156722626838737,0.0,10.22806686165449,-0.1081390653965082,-0.1081390653943155,-0.10813906539020968,-0.10813906538338104,-0.1081390653723987,-0.1081390653547526,-0.1081390653259407,-0.10813906527753253,-0.10813906519276197,-0.10813906503552967,-0.10813906471932502,-0.10813906400366452,-0.10813906205755863,-0.10813905487775573,-0.10813901741734573,-0.10813901637258977,-0.10813904739686324,-0.10813905546350737,-0.10813905820384072,-0.10813905916896363,0.0001559163527613089,0.014683474689052263,1.6,-810.2907960052999,-0.5746017573966355,-0.574601760220915,-0.5746017651119928,-0.5746017723721906,-0.5746017824831355,-0.5746017961826269,-0.5746018145978553,-0.5746018394818933,-0.574601873653652,-0.5746019218593723,-0.5746019925770582,-0.5746021020051906,-0.5746022823022798,-0.5746025726223145,-0.5746021798081635,-0.574599375492685,-0.5746000559712918,-0.5746004762240862,-0.5746006646149375,-0.5746007397770425,1.042110843772821e-05,-0.003547889507829706,0.0,1608.6395041593655,-0.27085992544684245,-0.27085992637830714,-0.2708599279919213,-0.2708599303878429,-0.2708599337266833,-0.2708599382540058,-0.2708599443461708,-0.2708599525906763,-0.2708599639351945,-0.2708599799868878,-0.270860003643854,-0.2708600405358652,-0.2708601023046171,-0.27086020692027546,-0.2708601255065517,-0.2708592046180627,-0.27085938870426673,-0.270859516900785,-0.2708595752746774,-0.270859598785659,8.087972784476511e-06,0.0030835309836139808,1.4,-216.48317603176858,-0.031880843895429216,-0.031880843652107416,-0.031880843230844384,-0.03188084260600732,-0.031880841736647625,-0.031880840560340566,-0.03188083898206173,-0.03188083685486909,-0.031880833944180516,-0.03188082985999152,-0.03188082391804237,-0.03188081485279648,-0.03188080036258967,-0.03188077936155587,-0.031880835023012644,-0.03188107849908128,-0.03188100166890706,-0.03188096060330281,-0.03188094269010211,-0.03188093561973804,4
2022-06-08 16:44:56.725446500,-1.5749551804477335,-0.6254255856484191,0.0007553256674953853,-0.14460771352131596,0.26477830385463164,0.4129923957792527,0,0,0,0,1,0.0,-18.894282591702886,39.64470214083216,-5.231867188187279,0.08812614444217197,-0.21172012558447392,-0.017046924539451017,0.1100977818587764,-0.13796861073564795,-0.01988431037267048,-0.03421181581603765,-0.02721062451742136,-0.6644673588485811,-1.029796905092328,-0.15156121071878206,-0.0810347678839757,-0.06644664936613022,-0.2801209666130271,7.514710844332603e-12,-20.81793038217684,38.769824047209674,-4.8319013030969025,0.023301446595753568,-0.20685648557795044,-0.020400797589057548,0.11333280564186166,-0.12694229782926933,0.04233437818242868,-0.014551078409981832,-0.041449408743196164,2.4707570064133044,3.204732177094858,0.6007087626076159,0.2802857924812628,0.20806413476260952,0.9505995126082458,4.414211878538279e-06,4.510979214735608,2.3673526958800237,1.0562704467397654,0.029838182066056974,0.019188367312792224,0.009881524583556138,0.053188100957601694,0.017970320075330923,0.08575540135540295,0.11786517379343092,0.03997787754366392,0,0,0,0,1,0,0,0,0,0,0,0,1,1,0.0021771837750244683,0.058163663014974075,1.6,-73.15287604518919,-0.2144932796866037,-0.21449328018989888,-0.2144932810568516,-0.21449328233269505,-0.21449328408737056,-0.21449328642325005,-0.2144932894866982,-0.2144932934838701,-0.21449329869807987,-0.21449330548785595,-0.21449331416287776,-0.2144933241853697,-0.21449332917379849,-0.21449327640103344,-0.21449263891126116,-0.21449209077988995,-0.2144926861326637,-0.21449288717845194,-0.21449296413035024,-0.2144929929038124,0.016874334065083908,-0.23065593477562055,1.3,-18.85176080729696,0.16976746257424313,0.16976746292947964,0.16976746354221905,0.16976746444590218,0.16976746569268508,0.1697674673599412,0.16976746956054678,0.1697674724587116,0.16976747629283845,0.16976748140164155,0.16976748821473234,0.1697674969541474,0.16976750524410167,0.16976748635609926,0.1697671361043459,0.1697667577193268,0.1697670946379961,0.1697672143775587,0.16976726107450468,0.1697672786802412,0.1002153702723017,0.3456789702064377,0.0,1.682586381410077,0.04129046862247943,0.04129046868038494,0.04129046878064438,0.041290468929405216,0.0412904691364559,0.04129046941676347,0.04129046979313883,0.04129047030094585,0.0412904709967727,0.041290471975252215,0.0412904734036,0.0412904755951211,0.04129047914257986,0.04129048452022725,0.04129047334494549,0.04129041558092247,0.04129043213764174,0.04129044145106664,0.04129044555258712,0.041290447178363165,0.005176666605287059,0.09022625628667252,1.5,-7.301761969114794,-0.034321144643124746,-0.034321144632160294,-0.034321144613095884,-0.034321144584619316,-0.034321144544602784,-0.034321144489710964,-0.03432114441468731,-0.034321144311005684,-0.034321144164177884,-0.034321143947892964,-0.03432114360982288,-0.03432114303163883,-0.03432114189254126,-0.03432113907484552,-0.034321131418192465,-0.034321141523216525,-0.03432114655294932,-0.034321146960377184,-0.034321146930635336,-0.03432114688782298,0.0063518388165578615,-0.123378613496882,0.0,8.969630127220508,-0.047157011831459816,-0.047157011813726335,-0.04715701178287923,-0.04715701173677378,-0.04715701167193098,-0.04715701158288249,-0.04715701146098605,-0.04715701129218497,-0.047157011052497866,-0.04715701069814476,-0.0471570101414415,-0.04715700918240296,-0.04715700727170513,-0.047157002450869866,-0.047156988639402125,-0.04715700486136118,-0.04715701418969073,-0.04715701516691781,-0.047157015226773534,-0.047157015196692915,0.015454495158188803,-0.21743060124042946,0.0,12.607126127464626,-0.10813907004595613,-0.10813906986888001,-0.10813906956114594,-0.10813906910186356,-0.1081390684572493,-0.10813906757447078,-0.10813906637055093,-0.10813906471157786,-0.10813906237136713,-0.1081390589423704,-0.10813905362194264,-0.10813904462135976,-0.10813902719048574,-0.10813898539887036,-0.10813888194423173,-0.1081390468556292,-0.10813911120871522,-0.10813911331559206,-0.10813911129359867,-0.10813911004992516,0.00016057103731341118,0.01491286072637052,1.6,-797.6495634617081,-0.57460278184044,-0.5746027845321038,-0.5746027891527348,-0.57460279591524,-0.5746028051398042,-0.5746028172755544,-0.5746028329212365,-0.5746028528199751,-0.5746028777465497,-0.5746029079719115,-0.5746029410928948,-0.5746029626565559,-0.5746028975972628,-0.5746022621318545,-0.5745969347624822,-0.5745938398294079,-0.5745986261440663,-0.5746001276538575,-0.574600685848889,-0.5746008917775489,1.0348491209971527e-05,-0.003534749007947392,0.0,1614.5984207295455,-0.27086025673600034,-0.27086025784933554,-0.2708602597654135,-0.27086026258103857,-0.2708602664451547,-0.2708602715730848,-0.2708602782687848,-0.2708602869490804,-0.2708602981585457,-0.270860312511104,-0.27086033024375666,-0.2708603488982533,-0.27086034986663776,-0.2708601943700657,-0.2708585737221867,-0.2708573430284602,-0.2708588361793289,-0.2708593274944633,-0.270859513907169,-0.2708595831690346,8.137803454221355e-06,0.003093528554357073,1.0,-215.7817968324849,-0.03188075263027201,-0.0318807525021505,-0.03188075228439047,-0.03188075197097362,-0.031880751554114184,-0.03188075102623955,-0.03188075038458038,-0.031880749643955035,-0.03188074887108172,-0.031880748283112936,-0.03188074856223011,-0.0318807520137403,-0.03188076793581196,-0.031880847568755755,-0.031881369337882326,-0.03188153953280004,-0.031881087649342284,-0.03188095657233792,-0.03188090950740108,-0.03188089239881608,4
2022-06-08 16:44:59.475446500,-1.4598615102351231,-0.7165201186739156,-0.02140050180287453,-0.12619148313174333,0.2900820769160187,0.4710183434406939,0,0,0,0,1,0.0,-18.58596064180697,39.790041163950015,-5.214760375767691,0.09235351010880836,-0.2129309713871864,-0.016828653428541843,0.10702093080061226,-0.1378630018078663,-0.0248090296829549,-0.02693405417467768,-0.023821105819571087,-0.7232149470115643,-1.0526878627498866,-0.1357013846016103,-0.0862735755708484,-0.05284872839051611,-0.23642056879243745,7.514710844332603e-12,-20.649508285391434,38.86265808237576,-4.870865320410207,0.025369027603163882,-0.2074114628079187,-0.02005648249216037,0.1125861515526413,-0.12771904732295775,0.038327597491813775,-0.01601745562053072,-0.04051384961393471,2.4596195597582957,3.1985280767455584,0.5950259415427718,0.2790964191086239,0.21076930208693995,0.9389772286190587,4.414211878538279e-06,4.448189320574237,2.3230176133235574,1.0384085056235632,0.03126199334888725,0.018988410213141814,0.00973336161590787,0.053022028132794885,0.01769180063974437,0.08459802735358972,0.11765103141634226,0.03986560251858347,0,0,0,0,1,0,0,0,0,0,0,0,1,1,0.0024615336672233765,0.06193772621769265,1.5,-68.43402767206179,-0.21449354329069514,-0.21449354112650632,-0.21449353735466128,-0.21449353170004493,-0.21449352371318486,-0.2144935126814529,-0.21449349746539426,-0.21449347618395545,-0.2144934455690337,-0.21449339951939092,-0.2144933254631236,-0.2144931936635377,-0.2144929182123576,-0.21449216711830488,-0.21448959776968926,-0.21449150202579714,-0.21449337878463126,-0.21449369455243628,-0.21449376958805946,-0.2144937897478668,0.01216861998754732,-0.18576716875878316,2.0,-22.586642787315196,0.1697676346819974,0.16976763361970626,0.16976763176607654,0.16976762898197562,0.16976762503923593,0.16976761957425968,0.16976761200187074,0.16976760134835334,0.1697675859055785,0.16976756244760194,0.16976752423351316,0.16976745504196078,0.16976730695736164,0.1697668886916055,0.16976535824394678,0.16976626999162114,0.16976741617307226,0.1697676310131374,0.16976768842900866,0.16976770562344834,0.3708827979603675,0.5419352676658749,0.0,0.7741962121422091,0.04129049008473279,0.041290490125342465,0.041290490194741514,0.04129049029556658,0.04129049043158951,0.04129049060764352,0.04129049082912006,0.041290491100147306,0.0412904914177878,0.041290491753623135,0.04129049199123719,0.04129049168403702,0.041290488891249325,0.041290472329612235,0.0412903540861936,0.04129030416357101,0.04129040801572188,0.04129043908443798,0.04129045040028633,0.04129045453197897,0.006319033690694778,0.09964498105879473,1.5,-6.546696806949305,-0.03432114203834069,-0.034321141985283354,-0.03432114189328639,-0.034321141756471274,-0.03432114156541926,-0.034321141305591274,-0.034321140954540134,-0.034321140476849976,-0.03432113981445789,-0.034321138866844465,-0.034321137446725825,-0.03432113516990573,-0.034321131149844045,-0.03432112325888695,-0.034321117405454266,-0.03432116896111895,-0.03432116723505979,-0.03432116227861634,-0.03432115975017906,-0.03432115869694285,0.00520079773018129,-0.1092567744676906,0.0,10.007084348645394,-0.047157007707225314,-0.04715700761433439,-0.04715700745324492,-0.04715700721362481,-0.047157006878906116,-0.04715700642349308,-0.04715700580782256,-0.047157004969372085,-0.04715700380542681,-0.04715700213763446,-0.0471569996323028,-0.04715699560018005,-0.04715698843038585,-0.04715697410843533,-0.047156961111479316,-0.04715705113935637,-0.04715705041422424,-0.04715704234841167,-0.047157038130964085,-0.04715703636155003,0.011301310261082543,-0.1770919107668248,0.0,14.986185443719295,-0.10813902411533904,-0.1081390233491384,-0.10813902202103344,-0.10813902004693232,-0.10813901729228848,-0.10813901354982224,-0.10813900850041792,-0.1081390016424415,-0.10813899215763273,-0.1081389786393152,-0.10813895849397476,-0.10813892648973794,-0.1081388709419176,-0.1081387666392502,-0.10813873453017164,-0.10813948351352842,-0.10813941480457913,-0.10813933157139503,-0.1081392910576986,-0.1081392744200955,0.00016544170511147193,0.015149540463147806,1.5,-785.008331585188,-0.5746044658173162,-0.5746044452987604,-0.5746044095806582,-0.5746043561325536,-0.5746042808367449,-0.5746041772007402,-0.5746040349143513,-0.5746038371055633,-0.5746035547723309,-0.5746031344790019,-0.5746024679034463,-0.5746013041110132,-0.5745989382486201,-0.5745927631115073,-0.5745735395652076,-0.5745920316504538,-0.5746055338659168,-0.5746073860204852,-0.5746077048383391,-0.5746077568483594,1.02766428485012e-05,-0.003521706808109642,0.0,1620.5573370154184,-0.2708608700246202,-0.2708608642553827,-0.2708608542049262,-0.270860839148483,-0.2708608179037242,-0.27086078859987595,-0.2708607482529857,-0.27086069195495105,-0.27086061121011795,-0.2708604902377161,-0.2708602967164211,-0.2708599547723267,-0.27085924740778466,-0.2708573488975929,-0.2708510629433718,-0.27085618726295024,-0.2708607196113704,-0.27086143621836106,-0.27086159330166026,-0.2708616316770893,8.188104198817465e-06,0.0031035847138918,1.9,-215.08041760523082,-0.031880634126608236,-0.031880636353815106,-0.031880640227530684,-0.031880646016254836,-0.031880654155621364,-0.031880665329598656,-0.031880680618403545,-0.031880701777570415,-0.031880731798854534,-0.0318807761347335,-0.03188084568593208,-0.031880965246169346,-0.03188120267972572,-0.03188179838016314,-0.031883480021410726,-0.0318814382326309,-0.03188031099530697,-0.03188019997021474,-0.03188019632212402,-0.03188020165390859,4
2022-06-08 16:45:02.225446500,-1.3447661085965548,-0.8076155916771257,-0.04355635255685425,-0.10777522946885734,0.31538589169686,0.5290446099992305,0,0,0,0,1,0.0,-18.277623997965676,39.93538461386039,-5.197655022553127,0.09658087577544472,-0.21414185909916325,-0.0166103451934269,0.10394392771555504,-0.13775735904770556,-0.029733789279581826,-0.019656226527879274,-0.02043156364681555,-0.7894628352371065,-1.0746898004510403,-0.11952454320751685,-0.09140787285494227,-0.03832143863434272,-0.1888340755526749,7.514710844332603e-12,-20.47616311569355,38.956094460236244,-4.911288381390687,0.027533213950238597,-0.20796068872755485,-0.019704080715710327,0.11191012635172104,-0.12856940130261782,0.033913976809252004,-0.01767655007023241,-0.03951146126849119,2.4377332426521137,3.193161445177429,0.5879311540352287,0.2775308347220725,0.21300472271793175,0.9224208257183708,4.414211878538279e-06,4.383814009042616,2.2791288834517607,1.0160196124642595,0.03268618491046432,0.01881138970674251,0.00956803941573449,0.05292120267710036,0.017257595165619543,0.08287020967958714,0.1172236057611914,0.039769253108739834,0,0,0,0,1,0,0,0,0,0,0,0,1,1,0.0028071826022491053,0.06623577532002863,1.5,-63.715178664032756,-0.21449316852125652,-0.21449315307148,-0.21449312626263686,-0.21449308634642072,-0.21449303051237845,-0.21449295440268207,-0.21449285124878686,-0.2144927102849272,-0.2144925136700173,-0.2144922300559988,-0.2144917997912954,-0.21449109640617306,-0.21448981011409307,-0.21448706691215705,-0.21448294417815394,-0.21449775055740594,-0.2144992685385025,-0.2144983625643524,-0.21449781129408607,-0.2144975699800924,0.009217267533923558,-0.15550433870466968,1.7,-26.321525082751165,0.16976748929319774,0.1697674804551017,0.1697674651154104,0.16976744226741006,0.1697674102911877,0.16976736667154355,0.16976730749474145,0.16976722652079626,0.16976711337582615,0.16976694975384898,0.16976670061083554,0.16976629097583076,0.1697655343559109,0.1697638850395724,0.1697610918967608,0.1697695248778064,0.1697707564346186,0.1697703347878149,0.16977005265929113,0.1697699263925048,2.605080169712974,1.2537308452992186,1.9,-0.13419394759826972,0.04129052090795854,0.04129052042187889,0.041290519576198885,0.04129051831184003,0.041290516532857036,0.04129051408837076,0.0412905107396332,0.0412905060976506,0.04129049949743864,0.041290489722185686,0.041290474326757004,0.04129044771153258,0.04129039439848595,0.04129025863724845,0.04128986039326985,0.04129030333738342,0.04129057544813036,0.041290606625277726,0.04129060980791014,0.041290609491576376,0.007900886249579981,0.1112593777345638,1.4,-5.791631630060557,-0.034321124704667534,-0.03432112459244974,-0.03432112439848728,-0.03432112411147892,-0.034321123713592305,-0.03432112317789754,-0.03432112246407859,-0.03432112151118438,-0.034321120225182467,-0.0343211184574396,-0.03432111596961361,-0.03432111239891813,-0.03432110746087498,-0.034321104496652634,-0.034321166647466844,-0.034321282043887125,-0.03432121612664893,-0.03432118907851789,-0.0343211780341548,-0.03432117378616313,0.004341857730694895,-0.09803570635141466,0.0,11.04453859592074,-0.04715697771885563,-0.047156977509219766,-0.047156977146752384,-0.04715697661011276,-0.047156975865560564,-0.04715697486201542,-0.047156973522710144,-0.047156971730946906,-0.04715696930522778,-0.04715696595490365,-0.047156961202747205,-0.047156954279720435,-0.047156944331621375,-0.04715693600925613,-0.047157036990387036,-0.047157251274614516,-0.047157140769168576,-0.047157093599906434,-0.047157074123787696,-0.047157066598492114,0.00864735205395837,-0.14937871653922702,0.0,17.365244972084348,-0.10813876606592987,-0.10813876468724626,-0.10813876230662743,-0.10813875878953794,-0.10813875392482797,-0.10813874739622263,-0.10813873873567936,-0.10813872724752548,-0.10813871188609092,-0.10813869106909374,-0.10813866246921694,-0.1081386233425835,-0.10813857625411237,-0.10813859212238308,-0.10813963958951732,-0.1081410815184624,-0.10814003448772712,-0.10813963908466934,-0.1081394816998067,-0.10813942181634636,0.0001705420887896099,0.015394015525649512,1.5,-772.3670937637238,-0.57460017907853,-0.5746000565464442,-0.5745998439942213,-0.5745995276816059,-0.5745990855510783,-0.5745984834654507,-0.5745976685392833,-0.5745965569402216,-0.5745950103684763,-0.5745927873136516,-0.5745894322112228,-0.5745839920210223,-0.5745741866091265,-0.5745539557641699,-0.5745295413833276,-0.5746476767313169,-0.574652795699663,-0.5746437696710593,-0.5746387643778252,-0.5746366259591613,1.0205552689595206e-05,-0.0035087842687399817,0.0,1626.516254985606,-0.27085979052708353,-0.2708597519674072,-0.27085968506537483,-0.2708595854710865,-0.2708594461958853,-0.2708592564100343,-0.2708589993075634,-0.27085864818988625,-0.2708581588793706,-0.27085745391681115,-0.2708563863499194,-0.2708546460114505,-0.270851479136077,-0.27084479992163324,-0.27083541891382623,-0.2708724501802351,-0.27087547969589565,-0.27087301664259306,-0.2708715713837542,-0.270870944535746,8.238880137002919e-06,0.003113648985038337,1.6,-214.37903901739296,-0.031881157273176086,-0.03188116868526336,-0.03188118847497634,-0.031881217910147086,-0.03188125902325645,-0.03188131495362967,-0.03188139055179917,-0.03188149347936253,-0.031881636315374884,-0.031881840882971524,-0.0318821479587843,-0.031882641592906324,-0.031883517482023116,-0.031885257908292004,-0.031886751011723995,-0.03187568179706357,-0.031875857371063354,-0.031876871544478824,-0.031877397391381734,-0.031877617723173664,4
2022-06-08 16:45:04.975446500,-1.2296631121925676,-0.8987155549553119,-0.06571253224975379,-0.08935895151105741,0.3406897569397264,0.5870710799400999,0,0,0,0,1,0.0,-17.969229896175523,40.08074671432145,-5.180554759036959,0.1008082414420811,-0.2153529222178644,-0.016391897845157478,0.10086630440592556,-0.13765157182419582,-0.03465860169560105,-0.012378137856032558,-0.017041937476210488,-0.8631987206808163,-1.0958077426792463,-0.10302994464714403,-0.09643759054279023,-0.02286482007287006,-0.13736230903457042,7.514710844332603e-12,-20.297849506209484,39.05016514764029,-4.953169663646147,0.029794005636977736,-0.20850441027911604,-0.019343560296538297,0.111304132438915,-0.1294932769301861,0.029093613959867794,-0.01952794439693915,-0.03844213743481452,2.402455373014411,3.1885914751059814,0.5793131499771549,0.2756007993934512,0.21463969302902705,0.8998105894334438,4.414211878538279e-06,4.317586161931629,2.235662091499944,0.9884735364239159,0.034104313503981916,0.018657407225577703,0.009383765313544831,0.05287617150445218,0.016629223351553063,0.08042831285171631,0.11653458432411155,0.03969031671663401,0,0,0,0,1,0,0,0,0,0,0,0,1,1,0.003233418044254753,0.07117573648197921,1.4,-58.996325329095384,-0.21448846183943449,-0.2144884178381572,-0.2144883416757324,-0.21448822872097306,-0.2144880716119859,-0.21448785911400134,-0.21448757415304032,-0.2144871903622008,-0.21448666578332126,-0.21448593082491046,-0.21448486413916745,-0.21448324394296006,-0.214480677441288,-0.214477088298376,-0.21448828003295928,-0.21453240397705373,-0.21451756714659,-0.21450989010470312,-0.2145065670408568,-0.2145052583964146,0.007239400161944542,-0.13372173469838275,1.6,-30.056409859689552,0.1697648589346814,0.16976483173718693,0.16976478464612654,0.16976471477226251,0.1697646175159404,0.16976448584272874,0.1697643090302685,0.16976407045196007,0.16976374349473933,0.16976328363497414,0.1697626121472764,0.16976158134049554,0.16975991091801226,0.1697573688099434,0.16976252920545165,0.1697896527116851,0.16978195012266573,0.1697775954406161,0.16977567576169672,0.16977491448899173,0.22729929997827245,-4.000010729162766,1.7,-1.0425842473472071,0.04129041119171591,0.041290408555445635,0.0412904039833074,0.041290397181356894,0.04129038767810941,0.04129037474476421,0.041290357254074234,0.04129033342302862,0.04129030031865852,0.041290252839487146,0.04129018141732545,0.041290066212599036,0.04128986052057814,0.041289445549897635,0.04128903047423328,0.04129158154527514,0.04129159961175991,0.041291380924802924,0.04129126481258033,0.0412912158212729,0.010185926137641604,0.1259384981892068,0.1,-5.036566423071687,-0.03432107736264434,-0.03432107747245283,-0.034321077665602384,-0.034321077959300395,-0.034321078382349435,-0.03432107898188638,-0.03432107983628852,-0.03432108108107995,-0.034321082964717864,-0.034321085980545174,-0.03432109121952004,-0.0343211014823227,-0.03432112569657207,-0.034321203228112024,-0.03432154765174586,-0.03432146928045643,-0.03432119521784427,-0.0343211316225686,-0.03432111145308335,-0.03432110463013587,0.003683120041337211,-0.08890488678585251,0.0,12.08199289964031,-0.04715689143666113,-0.04715689157118818,-0.047156891809291716,-0.04715689217475694,-0.04715689270786061,-0.04715689347549301,-0.047156894590794085,-0.04715689625316522,-0.047156898835795935,-0.047156903096084994,-0.04715691074779305,-0.04715692629756507,-0.04715696448664797,-0.04715709229275528,-0.04715769246310941,-0.04715761164284837,-0.04715712699381519,-0.04715700947600488,-0.047156971142676966,-0.04715695795440535,0.00684408988820667,-0.12916562418045846,0.0,19.744304866125788,-0.1081381438625888,-0.10813814653463537,-0.10813815120705672,-0.10813815824791684,-0.1081381682645488,-0.10813818223270877,-0.10813820173890264,-0.1081382294557256,-0.10813827014015254,-0.1081383329305865,-0.10813843730725242,-0.10813863127085284,-0.10813906080255486,-0.10814033254763034,-0.10814537487044797,-0.10814318317409456,-0.10813930365495827,-0.10813849817998168,-0.1081382625917448,-0.108138187028024,0.0001758871162774767,0.01564708839749229,1.4,-759.7258217452817,-0.5745616671979406,-0.5745613568409311,-0.5745608199166979,-0.5745600242679245,-0.5745589189064972,-0.5745574263071944,-0.5745554292575363,-0.5745527480526817,-0.5745490996740727,-0.5745440220155658,-0.5745367300436737,-0.5745258615379959,-0.5745093606907385,-0.5744902121513213,-0.5746026377398756,-0.574916714656343,-0.5747840884356066,-0.5747224973902121,-0.5746964989242773,-0.574686361299523,1.0135212849139729e-05,-0.0034960468061149648,0.0,1632.4751837417843,-0.2708479138133271,-0.2708478082304282,-0.27084762550592245,-0.2708473545826138,-0.27084697789837264,-0.2708464686833025,-0.2708457863204785,-0.2708448682289415,-0.2708436151462408,-0.27084186323763504,-0.27083932909756925,-0.27083550271256485,-0.2708295199419837,-0.2708215839963728,-0.27085211172324364,-0.2709583021632298,-0.2709196321543104,-0.2709003944001118,-0.2708921398697477,-0.27088890038039004,8.290131468165358e-06,0.0031235961454520373,1.6,-213.67766360322318,-0.03188485562469623,-0.03188488088991903,-0.03188492456991554,-0.03188498922869698,-0.03188507891761105,-0.031885199765678614,-0.031885360973882726,-0.031885576506944346,-0.031885868034323465,-0.0318862701275604,-0.03188683918191959,-0.03188766467211401,-0.03188883820280797,-0.031889743393954006,-0.03187704203409325,-0.03185117142061422,-0.03186493330730933,-0.03187073601958623,-0.03187312377991791,-0.0318740451972257,4
2022-06-08 16:45:07.725446500,-1.1145461717547145,-0.9898247260884327,-0.08786991121428868,-0.07094283314297514,0.3659933669396023,0.6450947854259521,0,0,0,0,1,0.0,-17.660748664740254,40.22614104319451,-5.163460398997569,0.10503560710871747,-0.2165642852684664,-0.016173257370887227,0.09778766475890094,-0.13754552970541725,-0.03958318588310891,-0.005099644756422025,-0.013652206887132822,-0.9443908772075988,-1.1160528803414196,-0.08621383848520797,-0.1013622095524815,-0.006479374061805136,-0.08201049991343483,7.514710844332603e-12,-20.114553779285714,39.144887648505026,-4.9965031837857765,0.03215140266338128,-0.209042786674834,-0.01897494516614113,0.11076767801978972,-0.13049048257241785,0.023867189048292943,-0.021570543914280246,-0.03730576642868569,2.350748358413216,3.184774212312877,0.5690374223101455,0.2733172119788395,0.21553185093126664,0.8697554163955779,4.414211878538279e-06,4.2492150244010025,2.19258887416575,0.9549932285345116,0.03551017298508431,0.01852644415362987,0.009178536690721129,0.05287693442173609,0.015755048547198183,0.07708797997587459,0.11553279118639705,0.03962990935146731,0,0,0,0,1,0,0,0,0,0,0,0,1,1,0.003767850008921772,0.07691335202938562,1.0,-54.277460002305965,-0.21447178095793173,-0.21447176255953335,-0.214471731480514,-0.21447168719128085,-0.21447162921051266,-0.2144715575963252,-0.21447147411574766,-0.2144713851043196,-0.21447130881073684,-0.2144712957324213,-0.21447149136858806,-0.21447236252284574,-0.21447572381588909,-0.21449129779567544,-0.2145886912737871,-0.21461504488821534,-0.2145313817211492,-0.21450756649606692,-0.21449908999218611,-0.21449603075638152,0.005846451443033872,-0.11729425806802088,1.6,-33.7913020742689,0.16975479940156202,0.1697547798367154,0.16975474638697374,0.16975469775491006,0.16975463207329697,0.16975454692182554,0.1697544395312316,0.16975430757801746,0.16975415178691022,0.16975398431429567,0.16975385746343966,0.16975397559989902,0.16975523558699468,0.1697628853442098,0.1698180644991697,0.16984196372009608,0.16979342380730056,0.1697788529225973,0.16977353786176136,0.16977159575458511,0.0773817824044194,-0.7706547049958374,1.6,-1.9509752812507917,0.04128956686818608,0.041289560704636574,0.04128955004570839,0.04128953426037296,0.04128951235006054,0.041289482800850534,0.04128944333308092,0.041289390471690716,0.04128931878944718,0.04128921953920911,0.041289078190861965,0.041288870714522,0.04128856697476985,0.041288278950019255,0.041291012611923424,0.04129729274495463,0.041294240327544765,0.04129290582383967,0.04129235121521975,0.04129213631306845,0.013673672504373187,0.14507941895234844,1.7,-4.281501251385399,-0.03432106579715305,-0.03432106757902486,-0.03432107067383172,-0.034321075288449084,-0.034321081756687244,-0.03432109059885693,-0.03432110262876359,-0.03432111915270561,-0.0343211423616404,-0.03432117616745131,-0.034321228180721725,-0.034321315071276906,-0.034321479936932235,-0.03432185990360531,-0.03432268065020841,-0.03432100241697533,-0.03432053889119574,-0.03432056664683747,-0.034320603835983766,-0.03432062231324977,0.003166348355794411,-0.08132980867938414,0.0,13.119447157533195,-0.04715685180971452,-0.04715685482355258,-0.04715686005912145,-0.04715686786824613,-0.047156878819070165,-0.04715689379812826,-0.04715691419402712,-0.047156942239903576,-0.04715698169032812,-0.047157039270369135,-0.04715712812010292,-0.0471572771977643,-0.04715756209718108,-0.04715822805495423,-0.047159742694988786,-0.04715691492850632,-0.047156025290761794,-0.047156044137081465,-0.04715609737195045,-0.04715612519896285,0.005560576497052834,-0.113769592316886,0.0,22.123363949295893,-0.10813833941875473,-0.10813836721244874,-0.1081384154657421,-0.1081384873695419,-0.10813858806426646,-0.10813872554421344,-0.10813891227556648,-0.1081391681903986,-0.10813952654871528,-0.10814004633431384,-0.1081408412427346,-0.1081421569926101,-0.1081446152589316,-0.10815010567936616,-0.10816053858794694,-0.10813415948319673,-0.10812890871720254,-0.10812986818409498,-0.1081306293516446,-0.10813098175121524,0.00018149315119710602,0.015909319929409256,0.1,-747.0844656275999,-0.574439227170501,-0.5744392535165304,-0.5744393056492285,-0.5744393983189866,-0.5744395580428048,-0.5744398320355018,-0.5744403063437673,-0.5744411445530346,-0.574442676508351,-0.5744456215195584,-0.5744517229248309,-0.5744658771602058,-0.574505166477671,-0.5746526813886703,-0.575435301078965,-0.5754761718085177,-0.5748256037573682,-0.5746547775926096,-0.5745964318294163,-0.5745758291277201,1.0065622785941556e-05,-0.0034835324290881427,0.0,1638.4341412198594,-0.27080736267043903,-0.2708073356450882,-0.2708072908297936,-0.27080722898149645,-0.2708071522256432,-0.2708070658351005,-0.2708069821206749,-0.2708069293245785,-0.2708069732951799,-0.27080727503069113,-0.27080826230689325,-0.2708112311553137,-0.2708210055772753,-0.2708625071065285,-0.2711066994051876,-0.2711540315830732,-0.2709466471351405,-0.27088918918581584,-0.2708690076421547,-0.2708617737267822,8.341850265505403e-06,0.003133455942832253,1.5,-212.97629498405067,-0.03189533010795742,-0.03189531141665114,-0.03189527841331241,-0.03189522793791255,-0.0318951546614219,-0.031895049779476985,-0.03189489848826632,-0.031894674869015205,-0.03189433075248438,-0.03189376909404018,-0.031892771971326006,-0.03189077078648195,-0.03188592096946508,-0.031869920069082625,-0.03179606968807658,-0.031808112045899506,-0.03186748098349845,-0.03188168932713165,-0.03188628623981815,-0.031887860082068335,4
2022-06-08 16:45:10.475446500,-0.999454473375661,-1.0809232721390218,-0.11002885264644817,-0.05252770641343147,0.3912952573166914,0.7031038172905366,0,0,0,0,1,0.0,-17.35254031885046,40.3714644004129,-5.146333771822863,0.10926297277535384,-0.21777496667977972,-0.015955357108976474,0.09471163250489514,-0.13744001385610716,-0.04450614381624637,0.0021776470527299164,-0.010262977635756534,-1.0330373765914158,-1.1354181626590951,-0.06906774943464987,-0.1061802086625797,0.010833120113891844,-0.02279254564880765,7.514710844332603e-12,-19.926869453841267,39.23990145534479,-5.041241836663469,0.03460540502944925,-0.209573178164188,-0.018599093724817942,0.11030681714649496,-0.13156110374502825,0.018236890132151143,-0.023803994926358176,-0.036103195057732636,2.278859386934988,3.181667638945596,0.5569357238026631,0.27069087104236994,0.2155249177115112,0.8304537100630397,4.414211878538279e-06,4.178694032626719,2.149985798261957,0.9146568935272372,0.03689773353015994,0.01841788458636698,0.008951046867709261,0.05290845161712498,0.014558286367632397,0.07259917011319962,0.11416121693124237,0.03958927331463743,0,0,0,0,1,0,0,0,0,0,0,0,1,1,0.00445116011042182,0.08365146764610472,1.8,-49.558591000467885,-0.21445156138816834,-0.21445198593791392,-0.2144527242186136,-0.2144538271905425,-0.21445537747002466,-0.21445750467145294,-0.2144604132641601,-0.21446443509397328,-0.21447013466514095,-0.21447853850414852,-0.2144916928439796,-0.21451423361080268,-0.2145587781836562,-0.21466957664766692,-0.2149751779332232,-0.21458470303938704,-0.2143823201343813,-0.21436447527589486,-0.21436492373478053,-0.21436634436144736,0.004826826983635015,-0.10445828585496003,1.5,-37.52619889581932,0.16974021058629685,0.16974043645701364,0.16974082943991942,0.16974141701349366,0.16974224380789724,0.16974338001960845,0.1697449367506083,0.1697470950718798,0.16975016463446513,0.16975471230356232,0.16976187782892538,0.1697742733501355,0.16979912695100918,0.16986252099999588,0.17004925276078842,0.16984356902197562,0.16971572448292005,0.16970086459682832,0.16969925759384025,0.1696993592144243,0.03936202920895032,-0.42641302683572496,1.5,-2.859367978091917,0.041287063701830606,0.04128706656049791,0.041287071655043216,0.0412870795549419,0.04128709123427973,0.0412871083309114,0.04128713365445688,0.041287172232332026,0.04128723362395456,0.04128733754681593,0.04128752935014489,0.04128793026862843,0.041288943621366495,0.041292436670722535,0.041309410303975516,0.04130805266755904,0.0412942281978691,0.041290793054617934,0.04128965590821625,0.04128926133355439,0.01941064173784456,0.17107959896653913,1.6,-3.5264365837205185,-0.034321559310505845,-0.034321565994941065,-0.03432157757667087,-0.034321594780421016,-0.03432161876366552,-0.03432165130472739,-0.03432169513147565,-0.034321754510784765,-0.034321836355569235,-0.034321952436089695,-0.03432212414120793,-0.034322393586759564,-0.03432285023550725,-0.034323652536469136,-0.034323348143303886,-0.034316764064649105,-0.03431785185530085,-0.03431870790197687,-0.03431910602938118,-0.03431926701296105,0.0027531425325124925,-0.07494315120032019,0.0,14.156900561102276,-0.047157668471004666,-0.04715768036646195,-0.04715770098023553,-0.04715773160791836,-0.04715777432019208,-0.04715783230162296,-0.04715791044393813,-0.047158016413029635,-0.047158162660765335,-0.047158370466378614,-0.04715867871433782,-0.047159164695058375,-0.04715999589709002,-0.04716149512096307,-0.04716134149963192,-0.047149657717244,-0.047151269304326726,-0.047152706457953775,-0.04715338529105756,-0.04715366125992572,0.004613123053943881,-0.10164748841094334,0.0,24.502415204932014,-0.10814637570701537,-0.10814646892596837,-0.10814663038083673,-0.10814687006807078,-0.1081472039257516,-0.10814765638080392,-0.1081482647766978,-0.10814908725630534,-0.1081502174177036,-0.1081518131624789,-0.10815415738192014,-0.10815779352592902,-0.10816381401326404,-0.10817366349043234,-0.10816214709247153,-0.10806970778953172,-0.10809095280442316,-0.10810450698646877,-0.10811061496895402,-0.1081130570109044,0.00018737818251263465,0.016176780257188515,1.8,-734.4431280909519,-0.5743364556749952,-0.5743401465960858,-0.5743465612032139,-0.5743561355498343,-0.5743695749927298,-0.5743879827644989,-0.5744130922694026,-0.5744477023354868,-0.5744965429901754,-0.5745681435865428,-0.5746793196961235,-0.574867598127323,-0.5752328509520908,-0.5761113703715743,-0.5783080970959205,-0.5748741903499237,-0.5734991168094172,-0.57344623113568,-0.5734852989734041,-0.5735101153981201,9.996791426682364e-06,-0.003470653879328765,0.0,1644.3931026354235,-0.2707632150262498,-0.27076431013225033,-0.2707662140750529,-0.2707690575382742,-0.2707730522136842,-0.2707785298468792,-0.2707860130096407,-0.27079634823348897,-0.27081097214982464,-0.27083248931385384,-0.2708660710780677,-0.2709233710604764,-0.2710358581629748,-0.2713123643160884,-0.2720501871119225,-0.2710386737161912,-0.27055879520487025,-0.2705239801533068,-0.2705289942915172,-0.2705340257092148,8.39409231116305e-06,0.0031448180707042564,1.5,-212.27492013551452,-0.031899473374956244,-0.03189909909614741,-0.0318984489485743,-0.03189747931443776,-0.03189611977503048,-0.03189426048613697,-0.03189172947195473,-0.031888250324671574,-0.031883358668182815,-0.0318762235465444,-0.031865223512030035,-0.031846791916743555,-0.031811645628493146,-0.03172984530926026,-0.03154664872863844,-0.031898237702699284,-0.03200462371997137,-0.032001193922820186,-0.03199420805580644,-0.031990619595500425,4
2022-06-08 16:45:13.225446500,-0.8846359259997723,-1.1718684033693478,-0.13218095586239084,-0.034115165778552725,0.4165924154834581,0.7610792213005931,0,0,0,0,1,0.0,-17.04655247644302,40.51610008985792,-5.1289952332103965,0.11349033844199022,-0.21897915402200088,-0.015742982462114606,0.09165893343269106,-0.13733978044675518,-0.04942447500692808,0.009444923533245973,-0.006877187046192503,-1.129485603117424,-1.1537540801381452,-0.051580420140976815,-0.11089058339678608,0.029070221049007517,0.040287886690383454,7.514710844332603e-12,-19.7765148341028,39.315092674244774,-5.061600847486257,0.03715601273518163,-0.20997463288748205,-0.01848102339729881,0.11037310017700072,-0.1326225821404393,0.012275677938123286,-0.02618809480601066,-0.03484496494174499,2.1807483811501296,3.1792059053259503,0.5427864451796113,0.267730983367918,0.2144421937102064,0.7793626112304616,4.414211878538279e-06,4.111674996246584,2.098351827855822,0.8929375180891557,0.03826108529467903,0.01819565341943787,0.008792916512796508,0.052439473818326386,0.01316833071667298,0.06679953578788254,0.1123960354832934,0.03956611603903741,0,0,0,0,1,0,0,0,0,0,0,0,1,1,0.005345344727742072,0.0916368239185662,1.6,-44.839843676722964,-0.21455342495329788,-0.2145555306557263,-0.21455918187753253,-0.21456461204412136,-0.2145721952390356,-0.21458250898782485,-0.21459644505886727,-0.2146154108311178,-0.21464171437972634,-0.21467935350095435,-0.21473578094711265,-0.21482630234784186,-0.21498630913868103,-0.21530125207975506,-0.2155431324674515,-0.21349783890206875,-0.213558315181419,-0.21375291578395567,-0.21385251322054155,-0.2138940739262889,0.004057061496851293,-0.09412007804099813,1.5,-41.261030632947076,0.16979095527444074,0.16979218812342056,0.16979432630848468,0.16979750734630186,0.16980195182566193,0.1698080007518974,0.16981618162270218,0.16982732892691255,0.1698428156370606,0.16986503050614554,0.16989845561383166,0.1699523903800607,0.1700487521207552,0.17024346760060471,0.17044113316828646,0.1692484306697446,0.1692370111468967,0.16933848945281504,0.16939251749086276,0.16941533186670082,0.024030024844799776,-0.2947335108858813,1.5,-3.7677596401814863,0.04128561876466808,0.04128570248285257,0.04128584793401252,0.041286064924060506,0.041286369295627116,0.04128678578600828,0.0412873531762023,0.04128813390415803,0.04128923310150079,0.04129083943867082,0.041293322510375964,0.04129749980628538,0.04130551745897791,0.041324415808232116,0.0413686582961976,0.041290293709795416,0.04126376935449247,0.04126381082754768,0.041265123818761996,0.041265838009375416,0.029919790959470737,0.2084293009158136,1.6,-2.7713737579534734,-0.03432389398181024,-0.034323903284148444,-0.034323919315857786,-0.03432394292792357,-0.034323975440272325,-0.03432401879503735,-0.034324075790914434,-0.03432415042145245,-0.03432424829806849,-0.03432437688580703,-0.03432454397104544,-0.0343247454942269,-0.034324884318079764,-0.0343240884218434,-0.034313280631921086,-0.03430323269457864,-0.034313422155963294,-0.034316921301028404,-0.03431826911532866,-0.03431877450223357,0.002417324406789419,-0.06948391280836101,0.0,15.19435068126996,-0.047161767756881634,-0.04716178612032085,-0.04716181779455053,-0.047161864508193714,-0.04716192895680671,-0.04716201513898255,-0.04716212888796112,-0.047162278688472566,-0.04716247685734881,-0.04716274088751998,-0.04716309294561893,-0.04716354439488518,-0.04716397200833161,-0.047162992159105854,-0.047144867571470406,-0.04712530598614861,-0.047142738218761526,-0.04714893219938021,-0.04715134745006769,-0.047152258123943934,0.0038929228642175977,-0.09184914695817832,0.0,26.881440879089,-0.10817997304056703,-0.10818006886769548,-0.1081802335190778,-0.10818047484815764,-0.10818080476692173,-0.10818124019614728,-0.10818180418720624,-0.10818252661434602,-0.10818344205765228,-0.10818457576901208,-0.10818588062268976,-0.10818695172403686,-0.10818550437073647,-0.10816622600473937,-0.10799473005556516,-0.10788609347463853,-0.1080413214007534,-0.10809073789483836,-0.10810922092893303,-0.10811605715115817,0.00019356512619410682,0.0164282329476134,1.6,-721.8028417446716,-0.5752877558143723,-0.5753039172301868,-0.5753319317813066,-0.5753735748175757,-0.575431687540835,-0.5755106477162713,-0.5756171971322779,-0.5757619375355922,-0.5759621712442282,-0.576247664706635,-0.5766733577076231,-0.5773502762992635,-0.5785272562253869,-0.5807477683319284,-0.5815361668930628,-0.5657473353191946,-0.5671038197948572,-0.5688347635809539,-0.5696808228651724,-0.5700287427220379,9.928803985712953e-06,-0.003454358120383957,0.0,1650.3517509171884,-0.2710331757670588,-0.27103837206803405,-0.2710473813213809,-0.2710607777800789,-0.2710794812996227,-0.27110491104745904,-0.2711392564132637,-0.27118596849216203,-0.271250697764998,-0.27134320914186105,-0.2714816460582554,-0.2717030717113005,-0.27209232236586445,-0.2728479429776911,-0.27332769748438324,-0.2682704807402985,-0.2685175879942605,-0.2690238435566599,-0.2692785774601489,-0.26938431186165696,8.447873130471961e-06,0.003164458049172869,1.4,-211.57343926218843,-0.031797354714598214,-0.03179590030892854,-0.031793380071054145,-0.03178963581146377,-0.03178441475733074,-0.031777328279101624,-0.03176777966008615,-0.03175483430261128,-0.0317369752907144,-0.0317116131809021,-0.031674024001391736,-0.03161484408882709,-0.03151390053337266,-0.0313332302728524,-0.03136631180106253,-0.03279605583018963,-0.03258706779717624,-0.03240817550125863,-0.032324084462032936,-0.03228995563428705,4
2022-06-08 16:45:15.975446500,-0.7707452399261193,-1.2622515046941738,-0.15428456470324106,-0.01570274385940995,0.44188826324388897,0.8190735648476771,0,0,0,0,1,0.0,-16.74732803623831,40.65848534659288,-5.111082900489303,0.1177177041086266,-0.2201622205173871,-0.015546734193415087,0.08868029941597108,-0.13725705189833193,-0.05434089133654356,0.016681354213388958,-0.003500963555229541,-1.1887783752367764,-1.1653578628719647,-0.044652560673729656,-0.11550637738909482,0.0482409440946937,0.10738847172005724,7.514710844332603e-12,-19.663417425033128,39.379329494695035,-5.048327309149714,0.0395193947104074,-0.2103357878499759,-0.018677697037501963,0.11058738775308848,-0.13345584696865542,0.006426249479304471,-0.026622232692140632,-0.033615850774605736,2.0933905869006924,3.176544417239625,0.5340621389501746,0.2644216213143017,0.21204141034918347,0.7117937524042077,4.414211878538279e-06,4.079399086212332,2.050362080224998,0.8843791295002714,0.039388306019245305,0.017937876207572825,0.008579120310759294,0.05167324999732429,0.01203628191763723,0.06053804685241473,0.1106350777235065,0.03961240059556992,0,0,0,0,1,0,0,0,0,0,0,0,1,1,0.0065488378901325675,0.10115754936021146,1.6,-40.121681458071436,-0.21524063042661545,-0.2152451355289493,-0.2152529227704134,-0.21526444668694375,-0.21528042479202547,-0.21530194100298766,-0.21533061917138285,-0.21536891663744065,-0.2154206298550292,-0.2154917732863062,-0.21559203283391185,-0.21573630791107656,-0.21593720135402292,-0.2160664114730624,-0.2136267733721342,-0.20899881725584055,-0.21159879559878814,-0.21267234817029668,-0.2131114769541559,-0.21328051745521448,0.003461096703845955,-0.08553403983234342,1.4,-44.995518992467396,0.17018529419352468,0.17018819315303624,0.17019320661070034,0.17020063163001442,0.17021093836794776,0.17022483977976055,0.17024340976270236,0.170268286055004,0.1703020280601919,0.17034876494212647,0.1704153678610667,0.17051324474051932,0.1706569433031886,0.17079563860022695,0.16952740562559174,0.16657510570689493,0.16799614370415328,0.1686199205748471,0.16887943600691818,0.16898003817197793,0.0162859137727438,-0.2250842795386492,1.5,-4.676127539648325,0.04130799403535984,0.04130833457807176,0.04130892476077175,0.04130980176965604,0.0413110250613859,0.04131268612817629,0.04131492561807276,0.041317964174720695,0.041322160712648166,0.0413281298451714,0.041336998148654436,0.041351016475791966,0.041375114732353835,0.04141919973316231,0.041421128955215575,0.041087185366847495,0.0411280358309554,0.04116777244452608,0.041186722431441634,0.04119445140452952,0.05271336254926028,0.26665083856816835,1.5,-2.0163133454603583,-0.034328626451383286,-0.03432859098463467,-0.034328529150246395,-0.03432843640000481,-0.03432830529499742,-0.03432812402356328,-0.034327873662158684,-0.034327522897513514,-0.03432701716743746,-0.034326254251947394,-0.03432502261768064,-0.03432281924116986,-0.03431818074616357,-0.034305392797580665,-0.034260685243442016,-0.034291670477476346,-0.034324599840396215,-0.034330352749336976,-0.034331781223768336,-0.03433218215811844,0.0021405344769541363,-0.0647660115790487,0.0,16.231795991097492,-0.047170651299522685,-0.0471705962545057,-0.04717050020623503,-0.047170355948672686,-0.04717015166491123,-0.04716986852568717,-0.0471694762299204,-0.04716892436331832,-0.047168124501200726,-0.04716690967223863,-0.04716493105032993,-0.047161349417836285,-0.04715368664045783,-0.04713205385062619,-0.047052970957226985,-0.04710023399689428,-0.04715944162278585,-0.047170525121191735,-0.04717348329883253,-0.047174368266051835,0.003332094027328302,-0.08378218920069642,0.0,29.26044256209157,-0.10823731841481797,-0.10823667258208004,-0.1082355481101036,-0.10823386493489816,-0.1082314926862149,-0.10822822559840817,-0.10822373653494743,-0.10821748931467834,-0.10820856052383987,-0.10819524475736207,-0.10817407463343244,-0.10813698677887706,-0.10806121148947513,-0.10786180783769006,-0.1072293822653968,-0.1078090969198472,-0.10825693913083068,-0.10832131985181924,-0.10833344429732417,-0.10833582262933446,0.00020012329321436224,0.016617598058358073,1.6,-709.167030655536,-0.5807146449435123,-0.5807442428509262,-0.5807953564169139,-0.5808708846686841,-0.5809753805876241,-0.581115670552542,-0.5813018709423439,-0.5815490499563438,-0.5818799309298228,-0.5823290937514152,-0.5829480081251326,-0.5837998735545433,-0.5848448116803073,-0.5846351786222357,-0.5628594575197532,-0.5319647249874677,-0.5538481456550901,-0.5621785547651683,-0.5655028801741526,-0.566769167029447,9.862777575501596e-06,-0.0034277795124411327,0.0,1656.3089570244254,-0.2727457324998568,-0.2727563038343135,-0.2727745715759795,-0.27280159274130256,-0.27283903334047466,-0.2728894044843741,-0.2729564560379885,-0.27304583619639544,-0.2731662101114693,-0.2733311497560393,-0.27356204922161,-0.2738900662248156,-0.2743313195006252,-0.274518424871637,-0.2681634092816978,-0.257250147603024,-0.26387768372456577,-0.26653687180695584,-0.26761546987517804,-0.26802920145575904,8.511176008952163e-06,0.0032042818252051943,1.3,-210.871557149343,-0.031294111395077095,-0.03129193281269238,-0.03128817596077127,-0.03128263737872672,-0.03127500026063679,-0.031264795694820435,-0.031251341886514794,-0.031233652199148313,-0.031210306567103,-0.031179321227240212,-0.031138292096584582,-0.03108651463187861,-0.03104088405133965,-0.031176768018052137,-0.033433632901199495,-0.035763423635784435,-0.033606246780158784,-0.032847722056608575,-0.032553036910506705,-0.03244210949174586,4
2022-06-08 16:45:18.725446500,-0.6578486277648714,-1.3518938481330838,-0.17625058050174255,0.002738924297670166,0.4672327512269696,0.8775395801947253,0,0,0,0,1,0.0,-16.452710148334354,40.79874867788294,-5.093050658873379,0.12194506977526295,-0.2213258344336062,-0.0153588081722097,0.08576342901526396,-0.1371915943119608,-0.059302032432761886,0.023895503136179348,-0.00012782768703157096,-1.1918198831027822,-1.1723957028810423,-0.052963414489818415,-0.11621343986804078,0.06166718498702741,0.140940597386191,7.514710844332603e-12,-19.643252861836906,39.38832891942418,-5.033796764966628,0.04225843286904765,-0.2103760953535743,-0.018845810239443442,0.11087581942926192,-0.13376393650585394,0.0038705170443706868,-0.02539906360269788,-0.03284841318932443,2.069404982199064,3.1682540025283212,0.5274740264540124,0.2629682505016309,0.21550880074757128,0.6809583930914846,4.414211878538279e-06,4.072759431431654,2.0448011528657077,0.8720571128283571,0.04071635024605556,0.01785229760091989,0.008343171792325809,0.051022331655192175,0.011563343361473674,0.0584559738715756,0.11012800159150613,0.03979508335775445,0,0,0,0,1,0,0,0,0,0,0,0,1,1,0.008227450903672762,0.1128072143479156,1.5,-35.40472834252607,-0.21713333188691,-0.21712918411184168,-0.21712188286680426,-0.21711076818245575,-0.21709473369872345,-0.2170719651589832,-0.2170394387741532,-0.21699191223234027,-0.2169197464415279,-0.21680374150916748,-0.21660129576287626,-0.216202647873165,-0.21525652723330224,-0.21220672896876025,-0.1985388218186841,-0.20144317817742646,-0.212345037823556,-0.21489341945817486,-0.2157055691924872,-0.21598111500177072,0.0029902439904814604,-0.07826711426292493,0.1,-48.729224958166675,0.1713601254202013,0.17135886261372146,0.17135660851462384,0.1713531049542838,0.17134790944095668,0.171340276129909,0.17132892206637296,0.17131154489857206,0.1712837537349554,0.17123646472640286,0.1711487236221476,0.17096434823876572,0.1704958825072571,0.16887267130606198,0.16093934900451454,0.16150204248243138,0.16797259737655426,0.1695867823509858,0.17012237793405816,0.1703084706564157,0.0118119989721804,-0.18181295353601692,1.3,-5.584401351745443,0.041424443244431175,0.04142499846586223,0.04142595653169906,0.04142737042349537,0.04142932296412344,0.04143193747325291,0.0414353948545543,0.0414399604844099,0.04144602498789873,0.04145415779134679,0.041465129015322434,0.04147956708920625,0.041494753654381315,0.04147382065542929,0.040973027488700665,0.040385619159975385,0.04087324255618111,0.041050023696786835,0.04111943901671393,0.041145693698120385,0.1198967390006469,0.37014845901250576,1.5,-1.2612424910233329,-0.03432285646084059,-0.03432259114250105,-0.034322130720531974,-0.03432144510780026,-0.034320485922812075,-0.034319178113775266,-0.03431740504133833,-0.034314981039715114,-0.034311598104588184,-0.03430671429349208,-0.034299296330011005,-0.03428714702633332,-0.03426485685355581,-0.0342169751213227,-0.03414197891690947,-0.03439589054976318,-0.03442546491595591,-0.034410839431283945,-0.034401693193675836,-0.034397662778593914,0.001909586085645832,-0.060674141405339964,0.0,17.269257647043418,-0.047163081312870066,-0.04716262433018503,-0.047161831178742515,-0.04716064981019708,-0.04715899647455668,-0.047156741137593834,-0.0471536814668504,-0.04714949487838038,-0.04714364510622271,-0.04713518590026483,-0.047122305964991895,-0.04710113081446698,-0.047062024592682834,-0.046976805046665904,-0.046832708773466784,-0.04726877223164838,-0.04733217888711566,-0.047310304705174284,-0.047295692030289854,-0.04728915441456799,0.002886588353719243,-0.07715510677543487,0.0,31.639631763795126,-0.1081062958586836,-0.10810231154031767,-0.108095399639915,-0.10808511257835997,-0.10807073163706304,-0.10805114409721783,-0.10802462523230494,-0.10798843923500157,-0.1079380687169056,-0.10786561532105066,-0.1077561540615336,-0.10757837705846553,-0.10725701697247424,-0.10658946828006156,-0.10574286545793143,-0.10957972633633116,-0.10979023097682272,-0.10950845301083888,-0.10934972841371103,-0.10928162685053767,0.0002075794110155787,0.016792589176432133,1.5,-696.5390808896616,-0.5939711680509134,-0.5939171364427551,-0.5938226197701368,-0.5936801105042306,-0.5934772078790544,-0.5931939616692645,-0.5927978801845875,-0.592234119873428,-0.5914048384759667,-0.5901215761640124,-0.5879813737640696,-0.583987814861489,-0.5750978794309347,-0.5485960419977367,-0.4423782575157631,-0.4863472596121312,-0.5683460107314922,-0.5855765806253181,-0.5906646616509974,-0.5923076296217591,9.809561247742156e-06,-0.003395288521376305,0.0,1662.2633348649724,-0.2772772165060076,-0.2772645500688213,-0.2772423186167714,-0.2772086260061002,-0.27716031379253536,-0.2770922447712252,-0.2769959399238786,-0.2768568620100353,-0.2766486095209828,-0.2763192977071256,-0.2757554666727202,-0.2746693683133365,-0.2721560959727185,-0.2642906784637873,-0.2304174956654705,-0.2399616294736901,-0.26668033611004915,-0.2727134665536397,-0.27459198827028786,-0.27522020912597345,8.649072368855137e-06,0.003239058912207907,2.0,-210.1691057951273,-0.0302248693533258,-0.030231896396099245,-0.030244154541950508,-0.03026255753276885,-0.0302886025054363,-0.03032467230728741,-0.03037459603848447,-0.030444733292529943,-0.030546215035127663,-0.0307000068741603,-0.030949776864553687,-0.031400197358954614,-0.03235891301778082,-0.03504534240137413,-0.044732194334676116,-0.03866346602108983,-0.03144685622449828,-0.030122866465993162,-0.029776481364963917,-0.029674579948151706,4
2022-06-08 16:45:21.475446500,-0.538704394712583,-1.4447023432951889,-0.19816105362379632,0.0213124224764166,0.4928093050248762,0.9378915866026248,0,0,0,0,1,0.0,-16.10086885943285,40.95542221030645,-5.081088098344576,0.12617243544189932,-0.2226455315713578,-0.015022496826393613,0.08227029002930013,-0.13700185910284335,-0.06448453578852964,0.03136550198370647,0.0033415784205045,-1.2653913037661453,-1.119048695802342,-0.05461242527344195,-0.11806322531035394,0.06680272845275294,0.1482770161195542,7.514710844332603e-12,-19.71111094285592,39.344645395649344,-5.061151675295017,0.04509841955615685,-0.20992933534504046,-0.01875132452287915,0.11225956395264508,-0.13436207046282386,0.002812755127194027,-0.02819824209317915,-0.03319973796943625,1.9454456709733965,3.119096091179227,0.523119662852921,0.2616353519533093,0.2190612618083117,0.6778202281529729,4.414211878538279e-06,3.9407053633076234,1.9649489904011743,0.8472002079314467,0.04199731970813495,0.017065244113936867,0.008131471489642184,0.048362852464330634,0.010780329268072852,0.058485907127865534,0.1055114303710274,0.03918235369541473,0,0,0,0,1,0,0,0,0,0,0,0,1,1,0.01072188201782564,0.12928268425589082,1.5,-30.686432794387326,-0.2176647834002834,-0.2175944107296504,-0.2174721814935614,-0.2172899181604211,-0.21703442396930409,-0.2166851254878648,-0.21620983674593908,-0.2155568780378836,-0.2146395366877236,-0.2133029101088472,-0.2112454248080799,-0.2078058736797752,-0.20127211026094485,-0.1861791868516829,-0.15329695626553874,-0.21953748661631897,-0.23823354373434905,-0.2372411719703519,-0.2358082961011065,-0.23509130760564825,0.002617559444089704,-0.0727296635778577,1.8,-52.46339405283826,0.17206085141601868,0.17202184124987865,0.17195406390620516,0.17185294744512716,0.1717111047335318,0.17151699988627378,0.17125254518814706,0.1708886134471479,0.1703761485534665,0.16962708491734646,0.16846883145430036,0.16651940795089504,0.16277506907099706,0.15393704645286574,0.13314926292457985,0.1696511450773741,0.1821537700998137,0.18217247139980894,0.1815737815688616,0.18124565655888025,0.008986336427748532,-0.1524217261941928,2.0,-6.492528991376232,0.04168634208897404,0.04168489828481636,0.041682377471860654,0.041678587863687,0.04167321438535704,0.04166575377315029,0.041655393677115515,0.04164077751629064,0.041619515376011516,0.04158707076980492,0.04153390746459945,0.04143691129850373,0.041227188846655605,0.04062619601572096,0.03836992773586745,0.03959442188637588,0.04129925127505907,0.04163033450196027,0.0417218171662795,0.041749955854229207,0.5413312631316131,0.6056157175490569,1.4,-0.5060972709288093,-0.03424262904025833,-0.034241853841640524,-0.0342405118990681,-0.03423852136432206,-0.0342357520629334,-0.03423200519405211,-0.03422697832394442,-0.034220203752131195,-0.034210935722355555,-0.034197933627517885,-0.03417902368501805,-0.034150196190254216,-0.034104168862942805,-0.03403781172212494,-0.034218016516918325,-0.034993927672,-0.034746712977268945,-0.034615232946203126,-0.034557985779595686,-0.034535390430580716,0.0017148866057167915,-0.05717771225380198,0.0,18.306847606100334,-0.047027029385227966,-0.047025624610917305,-0.047023192326485004,-0.047019583318665285,-0.04701456004517035,-0.0470077592334921,-0.04699862718082537,-0.0469863053349896,-0.04696941957581169,-0.046945671259846215,-0.04691099671406529,-0.04685777488423232,-0.0467715541017058,-0.0466404752860487,-0.046908224641347696,-0.04830927481623987,-0.04791041937769847,-0.04768522844733819,-0.04758598343777304,-0.04754663068349299,0.002528069979924789,-0.07197987915290108,0.0,34.01993368297708,-0.10686156665898006,-0.10685122902683908,-0.10683334271784428,-0.10680683296854276,-0.1067699947063403,-0.10672023335133618,-0.10665362165953017,-0.1065641289560535,-0.10644223563221801,-0.10627234361557923,-0.10602779681731402,-0.10566177413865108,-0.1051006820444984,-0.10441871413893232,-0.10792374056980523,-0.1183647904474482,-0.11414745982956097,-0.1121492234163648,-0.11130157908468752,-0.11097040500729832,0.00022541190351576268,0.01772289757276632,1.5,-683.8947453557613,-0.5906966251973387,-0.590114488426785,-0.5891037819699534,-0.587597590248933,-0.5854880963222868,-0.5826075852518784,-0.5786944426087075,-0.5733302061893077,-0.5658162385764882,-0.554912732110953,-0.5382277198217853,-0.5105851261589399,-0.4588627074700451,-0.34299506568898863,-0.11980792922710393,-0.6716221299244189,-0.7854930434002299,-0.7665039049370961,-0.7509643346108721,-0.7437306179464365,9.961289894457443e-06,-0.0034546190375843605,0.0,1668.2216761378836,-0.2777987213222559,-0.27762041310194263,-0.27731075444060593,-0.2768491028611919,-0.27620216410532805,-0.2753180727869733,-0.27411577077099025,-0.27246527897116835,-0.2701488856639997,-0.2667785690925157,-0.2616012905818579,-0.2529735396208181,-0.2366707242464585,-0.19941009054655007,-0.12144738846102855,-0.2896586172795637,-0.33255175630293365,-0.3288670167681431,-0.3248408009913177,-0.3228852511801623,9.982747900617904e-06,0.003017922316574576,1.7,-209.46873241466332,-0.031246756673404263,-0.03130322650012829,-0.031401232370072314,-0.031547197349642175,-0.03175145459358042,-0.032030043319760886,-0.03240791097413975,-0.03292481191822638,-0.03364678991369008,-0.03469027472460606,-0.03627785064610567,-0.03888473528386216,-0.043689017459793256,-0.054111325789212295,-0.07134055850520582,-0.017441790382202168,-0.01008093088881612,-0.012904089982552769,-0.01474985147604535,-0.015571722039811275,4
2022-06-08 16:45:24.225446500,-0.3802502698947192,-1.5601563276743204,-0.2214056387613407,0.040137280131083364,0.5188610870489656,1.0012264370327568,0,0,0,0,1,0.0,-15.438543099039713,41.21032808688476,-5.097846842012089,0.1303998011085357,-0.22489117753066928,-0.013922532893580787,0.07547441632886405,-0.1360543845021452,-0.07014419903456345,0.04023002944380377,0.007277683973203854,-1.3482388816388469,-0.9606772896067864,-0.03672881425724985,-0.11943439378809692,0.07174466987178807,0.15314951043606848,7.514710844332603e-12,-19.837161912677363,39.27928660025077,-5.07576662873464,0.04803165281285191,-0.2092769655658949,-0.01884988698642455,0.11432592140583248,-0.13497299058849935,0.0015270952682839211,-0.03190337616761688,-0.03418804254953526,1.8286205631046175,2.908024707477368,0.5027322949591891,0.2606881455618334,0.2263385877355821,0.6828458901421625,4.414211878538279e-06,3.722672814713912,1.8566066795501064,0.8416158594611153,0.043233417105902235,0.015954820770756873,0.008054835930801295,0.04489335000508402,0.010127332679640937,0.05937428005807933,0.10021981780723796,0.037613456911694584,0,0,0,0,1,0,0,0,0,0,0,0,1,1,0.015550395621593712,0.16163535724689215,1.4,-25.948239003950146,-0.19825549983837165,-0.1979890819637236,-0.19752746312733027,-0.1968417361147845,-0.19588572732554588,-0.19458848494157446,-0.19284114804349065,-0.19047338834662095,-0.18720913982752407,-0.18257809252299484,-0.17572487088388644,-0.1649627390642936,-0.14669727948969466,-0.11446808879466165,-0.12514378045575347,-0.3872131863932371,-0.3451289896805445,-0.3113850310916613,-0.29565314665737075,-0.28928609666288296,0.002401252187488451,-0.0715039179373723,1.6,-56.20862951145767,0.16166810850808574,0.16150852409704264,0.16123194946008998,0.16082095034933808,0.16024764942110847,0.15946914479578478,0.15841947636052955,0.1569951506890197,0.1550277798867823,0.1522289226417921,0.14806962904390564,0.1414922867968792,0.13017685812396174,0.10943198896613482,0.1080348876754651,0.26439086099018105,0.2456780932513376,0.2271879264437076,0.2183563740047869,0.21475228715625144,0.0071080471901849625,-0.13295683184026313,1.7,-7.401085743991955,0.0415160511590672,0.04150319716004325,0.0414808852251094,0.04144764733677475,0.04140112041619115,0.04133763344827529,0.04125147025535558,0.04113350886912681,0.04096856642392924,0.04072980943878743,0.04036576060451783,0.039765950574687785,0.03865414630604902,0.03621208020374553,0.031910891885161025,0.04413670072007689,0.046130347092570266,0.04557448316910545,0.04518474328208422,0.045008540764780836,1.4119010687506723,1.6587680938289042,0.0,0.2492594622209009,-0.03395117587596541,-0.03395077240069251,-0.033950086966259084,-0.033949100852954744,-0.03394779038885566,-0.03394613282801584,-0.03394412193838808,-0.03394180897613616,-0.03393941335737555,-0.03393764047904535,-0.033938690002169036,-0.033949972812386014,-0.034001288023107104,-0.03425657254343227,-0.03592394528336236,-0.03646173392398476,-0.03501845899581901,-0.034600352670102384,-0.034450292179034045,-0.03439590325192906,0.0015497852103080918,-0.054253783226925666,0.0,19.34482172705689,-0.046507254481604976,-0.046506249410895206,-0.046504531215412426,-0.046502033537071163,-0.046498660994614534,-0.046494290242220286,-0.0464887808707678,-0.046482017126082235,-0.04647404367051422,-0.04646550150229839,-0.04645911814909026,-0.046465507733016616,-0.04653115058958784,-0.04692763609480338,-0.049781163540778,-0.051010373139546934,-0.04850109658464608,-0.04774840096122712,-0.047473922324015705,-0.047373643502698334,0.0022450868839019125,-0.0680763526722563,0.0,36.40304036634464,-0.10281743726977544,-0.10281719286162437,-0.10281697932587308,-0.1028171552280268,-0.10281838903620112,-0.1028219173947278,-0.10283007824412048,-0.10284746721685722,-0.1028836282550134,-0.10295991686085082,-0.1031292624902198,-0.10354327170124232,-0.10474027547111864,-0.1093840700239712,-0.1347674208437294,-0.13716745216504067,-0.11593134717369745,-0.11026203511151532,-0.10830837046906272,-0.10761515276384907,0.00037975537210906975,0.022374213953614133,1.4,-671.0863062034341,-0.4230264646920716,-0.42102450195670826,-0.41755713095805896,-0.4124097122946466,-0.40524005386200207,-0.39552376181577387,-0.3824592732507064,-0.3647988428860352,-0.34053445518377506,-0.3062798636357904,-0.2559709241793051,-0.17795916345939133,-0.04877799167294405,0.16352800896313724,-0.06486866438940453,-2.0242002980404976,-1.5920447084777063,-1.3106271242898284,-1.1831427053555623,-1.1320168978865524,1.2996363422512194e-05,-0.003993844762047968,0.0,1674.230340093027,-0.2278944651945096,-0.2272356414701449,-0.226094289706424,-0.22439926407790267,-0.2220370116909152,-0.2188332385981937,-0.21452093960755286,-0.2086832308187212,-0.20064640937615508,-0.1892675228097147,-0.17248073385179194,-0.1462534365533088,-0.10216227314766256,-0.026253460846710645,-0.06872360359820817,-0.7104632004166547,-0.5955267877381871,-0.5102434243938171,-0.4708341898496471,-0.4549160361024347,2.8069571188039397e-05,0.0016995342440709858,1.6,-208.7843174674317,-0.04824872308470063,-0.048420696864315715,-0.048718423054715736,-0.049160102013402714,-0.049774691684191914,-0.050606441738269226,-0.051722723805802666,-0.053227846982172984,-0.055288421284385166,-0.05818236421997725,-0.06239893533273744,-0.06884933685582073,-0.079234915840388,-0.0947391959765973,-0.05988617391161544,0.11095181077069237,0.060844312734182886,0.033006689326688037,0.020751330362728915,0.01589047728762827,4
2022-06-08 16:45:26.975446500,-0.11670303640523788,-1.7408735483216466,-0.25137881431121056,0.05856710132010848,0.5443618363019485,1.0561800046416079,0,0,0,0,1,0.0,-13.827985097142054,41.789535143070786,-5.180352579577184,0.13462716677517206,-0.2301640769493252,-0.01072116051310216,0.05840903471439229,-0.1326577570347396,-0.07583130337735655,0.05212281448547977,0.012419863778642131,-1.41779435210885,-0.712823365074201,-0.002610190004952427,-0.12065311154533415,0.0796559909053831,0.16031334995932414,7.514710844332603e-12,-19.95601159193486,39.221953482927105,-5.084326670385637,0.0510582958324334,-0.2086691909577517,-0.01899498909052999,0.11628263905007932,-0.1354823287657344,-0.00016240370197762805,-0.035388133611854784,-0.035521201107755425,1.7287137161112642,2.315726848995717,0.4314822313182467,0.2597677483122859,0.236014534429192,0.6902938131908228,4.414211878538279e-06,3.4381008280621344,1.7328123791620489,0.8394609077728495,0.044418915371391664,0.014624927571174562,0.00787937628965016,0.04072975097944136,0.009550605778040674,0.06036157682471785,0.09474913570589467,0.0349332354129652,0,0,0,0,1,0,0,0,0,0,0,0,1,1,0.03479383985109485,0.2369998222376597,1.3,-21.13583908097736,-0.10466580913445167,-0.10428292533932383,-0.1036230362194508,-0.10265106829894544,-0.1013126026221065,-0.09952752397404163,-0.09718027907318083,-0.0941057196689179,-0.09007106928072456,-0.08476434838542846,-0.07785090830027774,-0.06944658963780848,-0.06331079543078337,-0.09376575588172452,-0.521154464619243,-0.9291451060054972,-0.5268509569923729,-0.3876083622933945,-0.33365694205213026,-0.3133545690337736,0.0029096251413528182,-0.07900957760557067,1.6,-59.99823850712689,0.10690635283213544,0.10664054532592447,0.10618187955317636,0.10550499085718634,0.1045702273288005,0.10331854623867454,0.10166332627650032,0.09947747060419276,0.09657380155705164,0.09267910310611027,0.08742226751003201,0.08049125891122788,0.0731233511393381,0.08246817049363186,0.3160439477628614,0.5940284578042685,0.3670580525542975,0.28440107304877005,0.25182560164181234,0.23947529099219855,0.006066264899293985,-0.1253904232770231,1.6,-8.313299919986441,0.037682677512617994,0.037641137638885436,0.03756921560488724,0.0374625024667492,0.037313980214809694,0.037112918057013,0.03684296353190159,0.03647876727609445,0.03597976653756346,0.03527811082512036,0.0342537760244741,0.032680994539778616,0.03012595092042425,0.026165352955783202,0.0330430000882746,0.07365421874864986,0.0630393373509413,0.0567741623375124,0.05397579926194074,0.052858447330614115,0.17759151380272645,-2.2748078968584275,0.0,1.00470449618959,-0.03357376064550835,-0.03358088719085063,-0.03359328210579416,-0.03361180455914037,-0.033637848260329256,-0.03367360155200541,-0.03372252026864358,-0.0337902206782873,-0.033886272874613946,-0.034028116981765485,-0.03425061302440308,-0.03463302829423786,-0.035392231402779195,-0.037295746051522735,-0.042660050789655735,-0.036126389358547104,-0.0325343917856837,-0.032182515758600566,-0.032171802128251235,-0.03218912804227531,0.001414358813037167,-0.05129981687770711,0.0,20.383033176683973,-0.04575417067326959,-0.0457658696502592,-0.045786224062158265,-0.04581665688958037,-0.045859479247914114,-0.045918326013103535,-0.04599894987159747,-0.0461107256642388,-0.046269683718506434,-0.046505165968029887,-0.04687615650190125,-0.04751780182694404,-0.04880392443534387,-0.052082685778667585,-0.061730071440824534,-0.05108197156936112,-0.04447954805086152,-0.04371360713597466,-0.04363130870564727,-0.04363684533341408,0.0021318120133709496,-0.062361492442650185,0.0,38.78586566093485,-0.09909002884985928,-0.09920800219832948,-0.0994130570612759,-0.0997191750503852,-0.10014898260220616,-0.10073789047037084,-0.10154157993367896,-0.10265004654183828,-0.10421557655938274,-0.10651322369973837,-0.11008640035912487,-0.1161513001195238,-0.1279584044490385,-0.15653951819945422,-0.22943729484718656,-0.11994355726915418,-0.07376428425303394,-0.07146896927865154,-0.07250475986228283,-0.07322144467237426,0.0018930059204036605,0.03781231582857884,1.2,-657.5921978160693,0.4298914675185159,0.43201186701166,0.43563674122046336,0.4409070334120315,0.4480280883153896,0.4572731201416076,0.4689749503356033,0.4834775615989138,0.5009622865147474,0.5208757945164955,0.5399858433778064,0.5449676418133951,0.4773904853722222,-0.004133392429420013,-3.749146501912545,-6.2706539195796935,-3.0309286878428012,-1.9337006915408037,-1.4962119042870494,-1.328264511194722,4.569469376519951e-05,-0.005994997083406191,0.0,1680.464725399154,0.04765102312188674,0.048541229944021325,0.05006799662209005,0.052299463196888496,0.05533817947397779,0.05932828365826026,0.0644635366159747,0.07099117567108237,0.07919327899310248,0.08927975451508985,0.10093852926897284,0.11140847409695097,0.10564304997991768,-0.01489605636381697,-1.1543100653682428,-2.129051174692385,-1.1271676617110415,-0.7717588154460877,-0.6275310010317696,-0.5716944188496047,0.00017083489057735538,-0.0018447770037474426,1.6,-208.15364828808555,-0.11892133325204313,-0.1189783492497547,-0.11907393471435412,-0.11920842536693675,-0.11938097378623524,-0.11958727854441698,-0.1198145082329507,-0.12002952376787855,-0.1201499359562792,-0.11996698015506002,-0.11891530870173204,-0.1152647394274906,-0.10250547200838243,-0.04597259153222488,0.3141861983964285,0.4561192953823889,0.1408598024305494,0.0425495616260938,0.005369234996246418,-0.008446717902832246,4
2022-06-08 16:45:29.725446500,0.2059027595627664,-1.9779125601749803,-0.3034713925517748,0.07233388632953873,0.5618763571842248,1.0391414021499212,0,0,0,0,1,0.0,-8.115916139934717,44.11484636429945,-4.891820470510856,0.13885453244180845,-0.2512776183997649,-0.005135151599901145,-0.0005539075415373995,-0.11813043259409545,-0.08288067717799716,0.0582308647093191,0.022370429111116318,-1.4727641689221809,-0.4467872979448595,0.03569919949498974,-0.1217223397233778,0.09050340811094576,0.1697395820153467,7.514710844332603e-12,-19.89851883910967,39.23908458338736,-5.075417880064877,0.05416197392126013,-0.2087354810851316,-0.019048689120348686,0.11643094654152532,-0.13550606645617605,-0.0023082306745900627,-0.03852665403292405,-0.036569429066705794,1.6448010143740392,0.97416998578637,0.2849965685464877,0.25888981288339113,0.2465562661381651,0.6999700595121756,4.414211878538279e-06,3.479061882778707,1.7237237194136918,0.8469250999386269,0.04556572256832801,0.014493239817233541,0.007930881300338454,0.040068487990252616,0.009477964815945893,0.061318950355726126,0.08918550307188793,0.03227260587205897,0,0,0,0,1,0,0,0,0,0,0,0,1,1,0.20569170368852752,0.3532153857336518,2.0,-16.183245847359935,0.12838547696949876,0.12664403652181488,0.1236088751375206,0.11905868940371668,0.11263262803801788,0.10376033185882803,0.09153398701763817,0.0744652020178429,0.0499936826144981,0.013407653263114216,-0.04480779326798834,-0.14655324099716854,-0.3530372592253143,-0.8942493068070716,-2.7127314031892675,-1.5116786864510663,-0.15702296843752134,0.11407467908213098,0.19443108875926848,0.22032964407217565,0.008514563030991436,-0.08929910626738934,1.5,-63.87878009978158,-0.038408537993110066,-0.03761812416761945,-0.036237773299514935,-0.03416202868145035,-0.031217880161880093,-0.02712961658350821,-0.021453824352964283,-0.01345420992750146,-0.0018446641711633567,0.015785469328570608,0.04441211882123497,0.09579302664928924,0.2038420418090248,0.5011270439112259,1.5793285797819296,1.0246817758986229,0.2117628222147463,0.03913896881663992,-0.014344316416136982,-0.03219636550266766,0.00791808186793762,-0.13891970864229694,1.6,-9.242328226686464,0.01705461567367994,0.017044149169583408,0.01702722087112496,0.017004870012087947,0.01697920240032869,0.016954394253080433,0.016938736651959663,0.016948969149383236,0.017020027603698473,0.017228817917714467,0.017759047355255714,0.01910908753658125,0.0229488364885698,0.03741555377007422,0.12294910451038644,0.1660358504678407,0.09326913750390664,0.06830019058406289,0.05810305931199159,0.05414958879905854,0.07024418577781953,-0.6372284095009649,0.0,1.7581155989973645,-0.03523752003029443,-0.03527432065355196,-0.03533813515429046,-0.035433049107757235,-0.035565611191690986,-0.035745934053979384,-0.035989637872671135,-0.0363213842997077,-0.036781638942872334,-0.03744053990041687,-0.03842896985849696,-0.0400161897489673,-0.0428273829930329,-0.048396652006677116,-0.05313174642751504,-0.01775625386527904,-0.01829688158850743,-0.021511053282458108,-0.023179371005624987,-0.02387918577880348,0.001394785014717845,-0.04532622330298479,0.0,21.417855695863146,-0.04840300238362705,-0.048467104857952366,-0.0485782751696342,-0.048743653516311485,-0.04897469099438068,-0.049289084510236725,-0.049714198542828984,-0.05029330108688368,-0.051097533936766304,-0.05225056937812145,-0.05398421254404962,-0.0567787886160005,-0.06176464559600636,-0.0718207734964551,-0.08196702459627614,-0.020243915988671483,-0.019631753008214792,-0.02486895604126127,-0.02766387638144541,-0.028845820904439295,0.004064830256164393,-0.04195866869738536,0.0,41.135197444871324,-0.12895419047215695,-0.12949008912857352,-0.1304190585027154,-0.1318000225511451,-0.13372728986614524,-0.13634619053990704,-0.13988056803558324,-0.14468248954603855,-0.15132666342354673,-0.1608020887853543,-0.17493502863836996,-0.1974201671868148,-0.2365673240322725,-0.3108599238778205,-0.3437470662370021,0.17312466713285302,0.13561449524234526,0.08109375113706596,0.0541597196884141,0.043032520961004295,0.034644219034007294,0.11412772037275143,0.1,-625.1493973748527,15.977348417270756,6.209407300595423,-2.4239503609169475,-4.737623392434756,-0.8342375057206581,4.395915345525617,5.619807815726993,1.6453765945244958,-3.5753900816091893,-4.435972046412552,1.142258236251843,9.136197612977671,11.723425238611634,2.3727046916961854,-22.08892531265573,-17.152700877393304,-8.262818597730854,-6.001050182385335,-5.091869828890782,-4.736216544919164,0.0009624942762621493,-0.01799995656824064,0.0,1696.1482557902532,7.854344044528659,3.3619865098518744,-0.86564022515239,-2.502212071555732,-1.3535397191108416,0.7280308431023599,1.5072669659202091,0.2357043211855512,-1.7887649015863616,-2.4179947626250358,-0.6213265837944633,2.399872351234059,3.890566515385885,1.3670499795679376,-6.5758320820561815,-5.850548837585792,-3.0865443760760063,-2.376968658955384,-2.092432606038315,-1.9813563310329092,0.01502786532243569,0.014938967377129169,0.1,-203.18212072701908,3.4191169944582636,1.6534733846456824,-0.14456231808176767,-1.0721440703392755,-0.9040946209454609,-0.18778592366405175,0.1932741252106034,-0.3364026683932142,-1.644633048137461,-2.9950399985146947,-3.549804629626776,-2.9016672186549886,-1.2710020734079652,0.7783730761574291,2.9924294643809985,1.771550310273228,0.6785912567456824,0.3546785893491826,0.21596150829534544,0.16013131051569918,4
2022-06-08 16:45:32.475446500,1.1419569193282897,-0.4478722547687376,0.9055550919919328,0.06709881111786087,0.5472510106090228,0.7428272372290671,0,0,0,0,1,0.0,-5.1598056475841885,44.961431949419335,-4.703990102498686,0.0008012542264126707,-0.2611776872197169,-0.0004577058258842368,-0.03925138483884108,-0.10004944815989728,-0.06683033114996972,0.05921765219333075,0.019316084536784225,-1.4727206331736136,-0.4626605344679654,0.035784763716652165,-0.12230102323543365,0.10403502046508148,0.18536303236322105,7.514710844332603e-12,-19.76703341793389,39.3033172353433,-5.034410599254548,0.055904578169146985,-0.2093211814862455,-0.019282897694266242,0.1153387703792597,-0.13528646752983178,-0.0035368726933881554,-0.038099414047823785,-0.035592646121380266,1.6167410869177847,0.9623126049374512,0.28199514112421226,0.2583087718821911,0.2559169857893968,0.7048046385644517,4.414211878538279e-06,3.608992019267761,1.7675307183232674,0.8726334417527575,0.04615451242578128,0.014866670391173219,0.008059256104163354,0.04024829558523749,0.00923334700425253,0.06190081636469981,0.08861312435054904,0.033139025644298666,0,0,0,0,1,0,0,0,0,0,0,0,1,1,1.6719008770962729,0.7318452391999447,1.1,-14.189904485713036,-1.6951171407993448,0.4441803307156327,2.477072704365277,3.1207434994668626,1.9740638980322784,-0.1903234157912249,-1.8632886193219675,-1.7320412574057935,0.4354692081590921,3.4974360441677637,5.456222795002789,4.5361462031228585,0.20493609076294075,-6.5778101462564775,-12.897012282699075,-2.64531862425427,0.13918163001618844,0.6029141472170534,0.7642997141284602,0.8232260485811099,0.19058693231279106,0.1665916035390992,0.1,-61.16072119506874,5.421719425904052,2.9297389221598777,0.1337511767807289,-1.7013156824586018,-1.90633478994142,-0.7329544643032913,0.8359901246382591,1.6775878889597156,1.1857211461988186,-0.3758505727269141,-2.0196270558157683,-2.5892027927513728,-1.3865950649252552,1.5704477837945623,5.2105930871945185,-0.2879396939760737,-1.7926879012284895,-1.9493459779147737,-1.9781483486191973,-1.9831076210465268,1.5363617711184012,1.2160901979085628,0.1,-6.9697445332511565,2.745252182868417,1.6179414912112526,0.3836975702752399,-0.3607992575366888,-0.3104654939408193,0.38968676525379176,1.233532578313651,1.6390041442013048,1.2707421009727091,0.22250667420361647,-1.0390497321437866,-1.9345424245582443,-2.087898163917868,-1.5130104128118895,-0.5359805912094406,-0.4226843415797087,-0.516348484728036,-0.5203261662291511,-0.5159756657054664,-0.5128693193486326,0.06129850907509251,-0.2716828115504649,0.0,2.499853308910164,-0.04858136157198917,-0.048668119043466566,-0.04881787461307952,-0.04903900865271077,-0.04934467214504082,-0.049754568861516,-0.050297896766989966,-0.05101821682259114,-0.051981599235667635,-0.05329020927854973,-0.05510318639496506,-0.057652476009868565,-0.06109031450854978,-0.06310138524131384,-0.020558937069590142,0.06422216033130318,0.02115022738299842,0.00239180623328665,-0.005617689342595489,-0.00877835646208842,0.0025478188556246326,-0.028307671595223932,0.0,22.432532158033382,-0.07120258225446374,-0.0713332882323674,-0.07155935302971117,-0.07189420637032118,-0.07235910212307718,-0.07298626439365075,-0.07382421082257518,-0.07494686958424601,-0.07646958462181319,-0.07857787114744008,-0.0815785340487798,-0.08597311698948973,-0.09235033854458907,-0.09782838509220547,-0.029971352558883724,0.12357596160584827,0.0488639150594295,0.01487112861562234,0.0002713889362928601,-0.005480547270498862,0.023562824332392717,0.02871621085086332,0.0,43.305696343739605,-0.3376946433616226,-0.3387781754209751,-0.3406449933962916,-0.3433934289943705,-0.347176299567296,-0.3522193567074185,-0.3588505062747145,-0.3675451722891445,-0.3789943390100064,-0.3941945903102175,-0.4144995303965875,-0.4411791660493849,-0.4710849549165825,-0.4536854235292418,0.2763660690192531,1.360962039368114,0.6714434339524595,0.3927520812333487,0.2752919544770906,0.22909744779479274,0.07271876685953768,0.1574064384769997,1.4,-580.5171545850495,8.476241005459544,-1.0208574023650885,5.743517350285003,-3.3600695374410847,6.6400533895198,-3.1523958158014125,5.251484456373063,-3.727305031588101,4.780486231463765,5.306582065716807,2.3734856828076243,9.171374152622619,-3.656884073895292,19.785649972419087,-47.83501686585296,-18.53698805876848,-8.378787026894521,-6.199391172217312,-5.298603293920137,-4.942336959957705,0.001436095921202237,-0.02194698831629561,0.0,1720.6632467188572,4.8863101742475115,-2.956311363435873,2.2772040175136112,-2.063759569268001,1.9333846461404107,-2.1169844025379376,0.8160058807618356,-2.040333854121656,0.00886741373845723,0.16371027106211497,-0.872390546429834,3.69238160632581,-1.4463819949506345,6.7058986824748965,-13.580006685986215,-6.1128516047735815,-2.9349961462092864,-2.2770042155673242,-2.010140195969221,-1.9057519637375544,0.03956469516139212,0.028192006860899017,1.5,-187.61617796330452,4.78206771502424,-4.939103778500339,-1.700872332846494,-0.6161111018272969,1.2678806203542887,-1.0517571475864056,-0.2892867300413382,-1.9373153391108768,-1.585413532447654,-0.8031598888558031,-5.897386345803431,-0.9017975664296848,-2.0300397716547898,-4.8232659800020565,5.930938982373825,2.2982852668659515,0.923965470423946,0.5643614385015177,0.4098169088492227,0.3475966558898985,4
2022-06-08 16:45:35.225446500,0.3153329145639271,-0.2463532243496309,0.9149208102480376,0.028208283052051687,-0.1045049486921154,-1.0577570113818957,0,0,0,0,1,0.0,-8.420150965725258,44.11635202355621,-4.465859982807257,0.0011734429665983058,-0.2554128165823283,-0.005301925755102812,-0.02671363679682726,-0.08907337863768558,0.07594919836385475,-0.03786286311437555,-0.024683825689048058,-1.501256292098648,-0.45268317628536,0.03990462531955442,-0.12686681234142785,0.11032529841883636,0.17800221034977576,7.514710844332603e-12,-19.647655515089657,39.35576076855296,-5.017617761304549,0.05595509764623258,-0.20980815934761984,-0.01929572382669809,0.11424293264834988,-0.1349768488749943,-0.0029856007859369194,-0.03984095911112461,-0.035501672620442466,1.5867958135908515,0.9827694042587064,0.2864678659384649,0.25031987211588697,0.2585389467314132,0.6888333094542484,4.414211878538279e-06,3.757530826817477,1.8213753580924013,0.8785501547103118,0.046116124108202684,0.015423199807188056,0.008114620338921035,0.04177840206348562,0.010028346198500751,0.06063593333067949,0.08596546977868759,0.0330506315064383,0,0,0,0,1,0,0,0,0,0,0,0,1,1,1.2163089844471635,0.3745253351706341,1.3,-15.049185613173197,-0.15604929043132998,0.3818579064204977,-0.17609434645600894,2.3186603010194435,-1.9805069312985533,2.452123242044121,-1.3628951978933688,0.32914831285222623,1.9464731194864389,-5.296753201634044,5.303472458346786,3.6586106666995732,8.030840584088686,3.639729910478725,-26.74150975002561,0.2686387739482381,1.3768817985503063,1.416512482373786,1.4255346780240088,1.4279244209966977,0.6900540843937554,0.2158130903151381,1.5,-52.125846947543096,2.8344601464244725,-3.851521924931726,3.1328522281627387,-0.7245738783823299,0.18494335194616876,-2.6209803401856333,-1.2962438803275915,0.6493121942376789,0.2895507539044273,8.634834067915225,1.9871323367242697,-7.224292101073277,-7.84006901053125,-1.0138948826790997,14.069492198563228,-2.2803119572689816,-2.7020697315533835,-2.5738436334695347,-2.5083435878220515,-2.4798069716849773,2.160953181572722,1.7878214601309774,1.0,-1.908161761782004,1.7634825310964912,-1.4891844075673677,1.3045323097253398,-0.06734886247456695,0.7135025901975824,-0.35805792689003824,1.4258450762092547,1.4528248963551094,-0.966943589376795,2.8893148768321733,-0.8660926016280223,-4.2030588016787656,-0.5115752147756514,-1.4954412763461482,-0.3500540479106601,-0.5222165096297098,-0.6144933731881995,-0.6126808762271924,-0.6062255464690472,-0.6023434464024473,1.1576864875004564,0.09524199965350387,0.0,2.738436156431136,-0.4724375752758445,-0.2287959353696556,0.07544231906093346,0.32710399879589114,0.4355131592785994,0.3700458356275957,0.16909472059832995,-0.08614939767982394,-0.3160155681961793,-0.4742330648562653,-0.5479623292678706,-0.534543470180016,-0.42217586488902814,-0.18568975384463052,0.27493222331793665,0.3873873079773366,0.2399634386342164,0.1969864846195729,0.1794658508074651,0.17259557038615875,0.29167194948693825,0.2999530057435571,0.0,19.167930543108717,-3.4303648223191074,-1.2689910854228224,0.6607173006934954,1.2891581412903903,0.6874332461611505,-0.18597697878388386,-0.43138259459460426,0.050089019110257434,0.6352678130671142,0.6864805401256531,0.15454695468024038,-0.4555917403907431,-0.6184043065543102,-0.21921908949341884,0.6569736217470811,0.8870574517092136,0.607586652066068,0.5217735989376779,0.4867085297947126,0.4729614948985208,0.5450280083643819,0.4747421986317728,0.0,37.46787100524867,-6.933098765667667,-3.097426127387031,0.61181882070436,2.2043480169994085,1.37247331773813,-0.4892931850299704,-1.5340862736827106,-0.9628684636095356,0.41427257868314027,0.9794569702520584,-0.2009778239609408,-2.421382120158939,-3.7042904998422137,-2.0889581555643435,4.067327483454467,4.923873101754756,2.7696192287817354,2.164564776547932,1.9160825695247024,1.8178987393705184,0.1295774459880778,0.1353440199773887,1.4,-537.1585227571222,-16.88213971395163,-1.8844853457999875,4.5030292447185465,-4.9115709696908985,-4.703610805537495,5.454461964563482,2.8578948722069017,-6.6806292566322885,0.9787153149910388,7.076486810553298,2.8458014447832363,-4.4759077497169,13.94079745880368,22.617872449261565,-75.13562463102149,-4.323886943133903,-2.3327556507951464,-1.6961146214367933,-1.4229927735741477,-1.3115352443745838,0.00230123951961757,-0.01921389078756398,0.0,1743.9051892600476,-11.050617440978217,-0.16309768181383788,1.1186011267964489,-1.6422021517132066,-1.565273838434848,2.1727538534911157,0.1838970573405021,-3.053564735256458,0.044995637110723415,0.8539379010189023,-1.3474864274629468,0.4656066051520647,3.937479228424259,4.900001127392294,-21.97016304015831,-1.7787409969533456,-1.0187514299586835,-0.790061634690197,-0.6949107404782424,-0.6566644857159769,0.07125648585469767,0.0319028633712171,1.5,-176.23362664315144,-9.337905373871944,4.125313081463681,-1.0717087759553507,1.0034055870363758,-2.410019653011773,-0.8516532175623226,-0.4601995961900807,-1.9460128600869304,1.0087130916621354,0.4244765248924818,-7.484740118944851,1.8024113070737071,-0.5571179889216147,-7.546828623473184,8.150601371808799,0.8072308788454619,0.1834486118431098,0.014158946868524591,-0.05744029950402951,-0.08614370960214146,4
2022-06-08 16:45:37.975446500,0.21066934038178825,-1.901640748036577,0.4093412639572137,0.13069150973477098,-0.061915803061915416,-0.8760243940380467,0,0,0,0,1,0.0,-11.101825833826645,44.03952437307288,-3.780207001886708,0.0011554054550313758,-0.2524744913777192,-0.017703680476562463,0.0011813405979557495,-0.1015202482486758,0.06674262287350234,-0.0197929086748826,-0.007908059113625795,-1.556786969686314,-0.4309693009255705,0.049499343436674864,-0.13859396538096286,0.11258065105331942,0.14256183594152266,7.514710844332603e-12,-19.529957244269443,39.40326340606664,-5.015414456426309,0.05596933524217743,-0.2102911013258998,-0.01915581867306089,0.11291438320980672,-0.13442604101181274,0.00011609669126774832,-0.04389152392832248,-0.0362435100325316,1.5305495429128182,0.9954121436380684,0.29305769920267705,0.2319653646556002,0.2584770283470106,0.6657138926655041,4.414211878538279e-06,3.925839801630677,1.894190135490019,0.8833947465700505,0.04610518901151072,0.01618286515003186,0.008145182959938945,0.04394813976088472,0.010879241590343746,0.05754780934778005,0.08154569537445397,0.03249461220887661,0,0,0,0,1,0,0,0,0,0,0,0,1,1,1.2599990320688226,0.4765736989763579,1.4,-17.27149683681266,2.7680660250262594,2.044155319034969,-1.2362398543144502,1.9350916593764664,3.851360440800311,0.154265570313042,1.2245215340514342,3.8343253911813586,-2.331450302547851,-3.1980423388522183,-1.6673575671548644,-1.542706332388896,-7.069423433280878,13.469836621163404,-37.27252786758579,7.923977766137832,4.2871702327380286,3.5070326259716404,3.1977916714446377,3.077556470921192,1.2028485238217637,-0.05701857862507177,1.5,-43.53298320380909,-8.347004422463694,0.9346505513941371,-0.2786854882738108,-3.0587130796819,-4.933772001807722,-0.2539775393287447,-3.88926730106496,-2.1688878612422213,-1.4286350214199928,0.6165941473139389,13.403354426492967,-4.491611169599934,5.61715636327671,-6.2111205759475885,22.217285565240587,-5.97006984304515,-3.1474082450870373,-2.5822422277891706,-2.365571423295162,-2.2832146646731384,2.275813859376158,2.169620302164013,0.0,3.686655261078878,-2.9560310215155585,1.0743473690988916,0.2941441422848463,-0.11816516486596708,-1.2607593751601829,-1.0290866155908591,-0.8819118356576974,-1.3339556421449483,1.6080008511441826,1.7398583896171695,2.367991313450757,-1.8935386827014629,-1.3473232032144966,-0.2071847209495104,0.2616770954425209,-0.5838779879558663,-0.6039756248644403,-0.6114064237531476,-0.6135141117285778,-0.6140503983085985,1.6414547186687332,-0.1804782609979808,0.0,2.123165050741904,-0.363412775600736,0.3789698819152764,-0.06497316159793852,0.5579425128247889,0.01794478687270684,0.08859793262770319,0.4191946450342275,-0.26810030632345394,0.5555042980049351,0.5452872465108577,-1.0478149738126474,-0.4657010687962546,0.26155436664957865,-0.7595791095914721,0.2470612182725249,0.20734103333333534,0.015630739421956003,-0.017444445500868558,-0.028719921224924973,-0.03263949659513417,0.4596591374028236,0.35254116694407583,0.0,13.197001239482185,-1.1148690690031282,1.3796696734698892,-0.8494561746756237,1.315231672215165,-0.4347223814545058,1.0772430560776518,-0.3127002211174417,0.7841067293379612,0.5083267462859773,0.3839583170162861,-0.2474560944115781,-1.1354355672955505,0.3527122018341504,-1.101255195257036,1.0375021126761466,1.026808072112045,0.5952321889146519,0.5034412616586316,0.4666208166007969,0.4522658481782617,0.9534851512818392,0.5150226666335892,0.0,26.134508829717067,-2.9295939129480897,2.472229467956706,-2.51196855449742,2.2794039654471345,-1.4499314783991932,1.7342853040658768,-0.6678460095330087,1.061409722612748,0.9262715439861356,-0.9076762837326701,-1.1764493623944818,-2.5610889955513416,2.130237716622032,-7.118812327604776,7.204511409820513,4.633387509182652,1.9463583320461384,1.4103416737961731,1.1959454207425844,1.1126541376001915,0.17906685153998245,0.2537141767658322,1.6,-503.89222249100584,-11.026600927026243,3.5659006902517016,-3.339212062402765,-6.911901964492074,-1.1045076977160375,-3.803288530617969,-1.3437307946304244,-4.3676193572316695,-4.155819090801897,-10.288358304104461,0.5026124248795529,-8.902446658867818,-11.155072706731756,-2.5791051218216694,-96.99949563297713,12.138956669151304,3.874612308977017,2.198548472874114,1.5737301254270657,1.3373332461064753,0.0031581567754457238,-0.03964431351732135,0.0,1763.0974624925204,-6.104884464037808,0.4302318119105735,-3.1224196094895547,-1.5311778982348585,-0.4785107182384252,-1.4022303375218712,-0.845981103684565,-2.287113222905248,-1.1952951084607832,-2.6545033181308497,-3.8150516512767823,-4.140802411560757,-3.9328156782845767,-2.7784192091518136,-29.73438851543219,2.8044794211408965,0.4757723021325333,0.013643899641607504,-0.1561204034906325,-0.21967059433622094,0.061782468079441766,0.04875871269856804,1.5,-162.0205444664141,-2.3264208879090105,-5.889839106505711,-1.061870060872197,1.2597891111297486,-1.913354564328916,-1.9432815782914723,-2.2783799845493693,-0.4627077542308653,-0.5995191351500333,0.3971334036086081,-7.474186210020042,0.5773893020748142,-0.942610620531834,0.7634863640478411,10.008191470076627,-1.5840523881877588,-1.1456904844828153,-1.090559674426197,-1.0778710997683765,-1.074621396022066,4
2022-06-08 16:45:40.725446500,0.7790075543028573,-2.7186600878011395,-0.21374878178720347,0.005979250806164058,-0.2583911525164974,-1.2582101103087686,0,0,0,0,1,0.0,-10.944893218317132,43.79783470172037,-3.958356614139989,0.0988050848716532,-0.2523245756300098,-0.013898567381773513,-0.01142261972833768,-0.09161891858610267,0.11510780294355495,0.0013741188476344393,-0.02459029514301277,-1.5980306515208662,-0.4102161264897635,0.0593482829926517,-0.14881578696929318,0.11464319977375713,0.11804571783688618,7.514710844332603e-12,-19.37323223820936,39.47512542455213,-5.005451802095222,0.056127588419230594,-0.21095212008475295,-0.019054716478806136,0.1112418619155277,-0.13387336909726014,0.0022021729824371603,-0.047014190973209136,-0.03676711289006182,1.5100439130920238,1.016127036516922,0.2976952832292659,0.2176693885242986,0.2576495566407596,0.6663851566027899,4.414211878538279e-06,4.120961490287689,1.9824054613268656,0.9074276044312922,0.04613192103501933,0.017096586361622403,0.008295815280713062,0.046629572398247714,0.012156435487188998,0.05741215472481941,0.07889310149513397,0.03221949561203087,0,0,0,0,1,0,0,0,0,0,0,0,1,1,1.1179990770649404,1.205269332878385,1.0,-18.81073968725904,2.37675117163207,0.06022092564897453,1.3362326438438006,2.77553711764436,2.5223851882916493,1.802020708463303,4.44286546663202,6.007858999439439,5.127963826895054,8.194407362324961,-9.86008468719746,-2.824527619052539,6.619456415657285,-6.682283301171287,-46.40632915518361,7.785127236260657,2.579522257371141,1.76734752850152,1.4978851976538636,1.4026774960166364,1.6718165975833383,-0.465525879507889,1.5,-33.420046489943736,-3.3412647101400412,-3.9415737959303176,-5.87075011529303,-6.290473376312107,-1.6664551174616076,-4.249264751214271,-4.919955136643966,-2.8024293305395997,-3.729507585646279,-16.906103240142652,20.679964792221973,6.1565779019084825,-1.4931517730977486,3.010619599101769,27.35852126225211,-5.5301760411709475,-1.8979798867760111,-1.3488055535371712,-1.1697590653499643,-1.1077598055727995,1.779833238277551,0.2553974722878606,0.0,8.820808603697799,-1.8000581013189536,-1.2078418763952448,-1.3573382703050405,-1.5628247945281917,-2.119916870642837,0.6384271888729921,-1.6329057633409252,-2.633931490802301,-2.9658862107835904,-4.299422135853047,6.709321336811963,2.7249930259531547,0.4212074490464992,0.3218150894535841,1.341402575969457,-0.12301546470705227,-0.10038975009977902,-0.11947273982102324,-0.132212649756349,-0.13833550747289666,2.0466675877340577,0.4195877361815709,1.0,1.0646586812030967,0.467654235464897,-0.12775143537543704,0.14719568313728087,0.6442410247014257,-0.3649927271106148,-0.26906046878077183,0.3984959995755956,-0.31782455858304737,0.09665880678521738,1.4973083540850023,-0.6307910916790407,-0.2896919538665725,-1.2285739464183445,-0.10239649564009552,0.8990658730549037,0.2102714380051685,0.09893620632080463,0.06927094568638735,0.056608389765184675,0.05160027864923687,1.1572374023889207,0.5462186301201162,0.0,6.682752542652285,3.93532006184274,-0.437197041842859,-0.9653313115502826,0.963336578373614,0.5580022165333464,-0.5550134109192264,-0.1827766681668021,0.5923878418787837,-0.6492678571896493,0.37355906996831,0.29121824273708474,0.6485905592135179,0.17430931221372253,-0.1742730168419208,1.7985568074978435,0.7143730064103687,0.4739562039801197,0.41051894467653977,0.38156725381560497,0.3696767817151438,1.525123147817609,0.751473447260388,0.0,14.059749994401413,7.152371273969988,-1.8846693323502215,-2.610688621740815,1.7177343355359658,0.5690161608574507,-1.8876507751669085,0.12177099009266312,1.666846748927016,-1.4365964472435635,1.7340541065052408,-0.3677769567356267,0.058206148506377835,-5.404851912566416,-1.98569614338677,13.932639811086752,2.4474454488488746,1.4873968753583724,1.1714168349370566,1.0263664205493848,0.9665629207533072,0.2102350326435185,0.1969592625760585,1.6,-497.08284339651533,1.6656262160826714,-4.970405747906021,2.820424155608734,-3.905071431062268,1.3583407489014263,-0.901650759401626,-0.5209693997183535,-0.4640495128560147,-4.501740542377718,-4.605431806268365,1.9301646917393125,1.2720044459345845,-1.2244278469972871,-26.57199790444615,-101.7447112805342,21.040881314056648,9.12821147335967,6.621597185551674,5.653661648288437,5.281498481393681,0.0033927050185185693,-0.022711791122592445,0.0,1768.4471394005786,2.7847698416985054,-1.7828016385097385,0.19653089002056845,-0.44341353454552745,-0.5592682431961009,-0.3985408012230778,0.8867600227297601,-0.490769172657096,-1.8821225214861173,0.9926286279417056,-2.425579125324461,-2.23994665004016,-0.9555811371672576,-6.46798660153268,-31.422071258029604,6.388680618375844,2.757770641563169,1.9439005530595568,1.6233692693021986,1.4990685405865634,0.07951970661994832,-0.16037669943584554,1.5,-148.8352729223231,6.27711101334852,1.7328861827293487,-2.386918630839814,-0.35510522353488483,-0.1783738797530532,-0.3857215526457143,-2.3695276309119606,2.4536233998411907,-1.643791009752032,-0.22992766507549245,-1.715602031513492,1.790822188743384,1.1391419635853852,6.366832803408633,11.914275258014131,-1.7152513034042531,-0.6230140071763586,-0.4439432109896022,-0.3873363035742707,-0.3682378569696725,4
2022-06-08 16:45:43.475446500,3.070402136954208,-3.702323436454535,0.5338939753393133,0.4106098099187844,0.5309834809400267,1.5783178266517457,0,0,0,0,1,1.2461214953271027,-14.093087096304073,43.09635503652378,-2.013558310930045,0.000992775318235032,-0.24314943650246165,-0.03887126829237135,0.04534837529633321,-0.11931903130612327,-0.11646408361990725,0.19629884069339773,0.06053870785709674,-1.6239845645375006,-0.3882807099785758,0.07283043096388529,-0.15562622754053995,0.11975197204012553,0.11113931470375636,0.002596086456112841,-19.27887807240364,39.540713236382,-4.979566675626113,0.0563851171960788,-0.21148966971015465,-0.019236779399427268,0.11031112954200296,-0.1336432107439007,0.002827687867941429,-0.04881988563502637,-0.03686831080562975,1.5115431622985465,1.0283820721018824,0.2966743457611545,0.20897406132122015,0.2582730662811928,0.688042878781009,0.056877404536516685,4.193721185386549,2.0313543143992367,0.9761760426819882,0.04635605020805812,0.0176209707104061,0.008859154175951017,0.04790153740258979,0.012928729108657229,0.059149838468556135,0.07839848073835877,0.0326628213882414,0,0,0,0,1,0,0,0,0,0,0,0,1,1,1.074637785032395,1.390520146138102,1.0,-16.09888334367959,2.1503855491917587,2.192810547505198,1.3461409173657557,2.0376941984107253,-1.7299668659690066,1.9178086343376248,2.7604713026394645,0.7728671098018864,0.8625349970512621,9.263340999813169,-10.914241491636664,-1.4767710587437026,-8.598807087010659,-11.314981960894507,-45.99353899007289,-1.4211742747233194,-3.158840539525161,-3.2550645569804564,-3.2394824846357473,-3.2229847349658485,1.5928982691386484,3.254188992141564,1.5,-30.365155417532364,-0.7199071283088876,-2.777576514125798,-4.490771667479638,-5.658452513675443,1.3019087022200453,-2.061323302677684,-4.074621995829464,0.6614649812093956,-0.6962392036533482,-2.3170394262521623,18.518389684466182,11.063352182762053,4.124690115049717,8.216195430064042,27.88631678128929,2.4266044743728603,3.151448725845317,3.1692387632614487,3.1392884002359667,3.120333220608471,1.3626723886835723,0.424199215151992,0.0,10.40863096985606,0.12156880084920928,0.022349503015748676,0.6192038518741906,-0.5313168367364363,3.219093762446517,-0.7907872438024103,-0.3610451419531421,-1.7028951543340072,-0.8801695012471691,-4.665227064530956,6.692960169579313,2.140724984851029,-0.045426041643549235,-0.7734735261960922,1.697806200299879,0.11160680629671016,0.16466443641226047,0.16402737503097595,0.1589921293749691,0.15605168396235364,2.465039668033889,-0.23154832566288025,0.1,0.4764399001577631,1.0926148390656647,1.0714918129182145,0.8860535631457349,0.5942128436708356,0.3931534616893596,0.8191779543242591,0.7178116089324221,0.17181554085659856,-0.4361250175173941,-1.3825680130972269,-0.2679707320997219,-0.8065393956943456,0.37048559595267216,-0.7058435716760211,1.0202093829459873,-0.18714599648722874,-0.09021870710769332,-0.08639102395496794,-0.08650397243776561,-0.08681970409375167,2.535664652323373,0.6150932617069081,1.5,1.1973728264649846,1.6326415394849851,1.1782903188758698,1.3760331397458758,1.2675243501112703,1.0687447188519108,1.0525554708732594,0.7308624552691756,0.40205072346960063,1.2838408463514643,-0.18683510859020336,0.9335098298933104,1.2934809749285483,-1.4265564037725242,-0.3223572319485547,1.968649481614465,-0.0690322084558451,0.15499059336544632,0.16885340849514596,0.1719079562953581,0.1726200694953527,1.5467417161291497,0.6462568126594748,1.5,4.669131745699012,4.4785049301216695,5.184884966480818,4.703509469822028,3.8726439159243546,3.0973829610989485,3.2838013460547324,2.938267527753476,2.4271967628647184,2.1061303878227413,-0.24850863160464765,-0.06858985728203804,-1.8176494090936768,-1.2755715020325806,-3.609230641508794,16.895205159272017,-1.5031860308642866,0.19144126642426373,0.3401662630178983,0.3761768970849132,0.3862637656092435,0.17716889539788966,0.16561843472978546,0.3,-545.8324316061294,-28.72743325269253,-1.7448750760011364,15.11776891347511,6.3389707172798575,-3.1836911690879437,1.2357403587759777,1.4161628187405668,5.030788793052166,7.396125837142622,7.688282281223673,2.608738006692958,9.280052423407778,1.9556320330677048,-14.26615919260975,-96.68256063964657,7.911994406731602,2.3651521612018804,1.4645383696524537,1.1693824213719886,1.0670340146633914,0.0038805692548131592,-0.021684820945411992,0.0,1754.67900868388,-8.769306471643688,-0.8381070797585153,6.430380598089869,3.2201931431267496,-0.6501233474471775,-0.8280481559099258,1.4295396836337204,1.7300860758171341,3.3934799815644467,2.0170484325627602,1.9872086768075048,3.6990241140946303,-0.848547943216758,-6.028152806839053,-32.1755815082211,2.300974541223681,0.4277740830130128,0.14158714905725134,0.05653884840877765,0.029110338163716776,0.08479347832603566,0.09023153323024434,1.5,-129.90320402927588,2.5609473122226984,-1.1614503478451184,-3.2198038562244267,-2.181127994499164,-0.6340897343302139,-2.9497685695552183,-4.61473102953463,2.2848580993904006,0.5622397101228178,-4.788921180532747,1.7545010801250849,0.3728115487421908,-1.4913998748646409,-2.7979191538305708,9.148138816629743,-2.443094616282836,-1.5145614306863986,-1.329033917470266,-1.2574292652272137,-1.2301188002598704,4
2022-06-08 16:45:46.225446500,1.6049017850324525,-2.679163713189188,0.5268734652356207,0.3883987780886801,0.4771745132932157,1.4883461840667245,0,0,0,0,1,14.953457943925233,-16.356212554238606,42.18970208504322,-1.9479650880759467,0.0009986385193678162,-0.23114675427478976,-0.04057180236850435,0.07967334551098393,-0.12741484072475728,-0.11900070776691395,0.13107882725709818,0.05507215113952711,-1.599752171499799,-0.4157275854840624,0.0935011935384588,-0.15231828521015228,0.13411470994963667,0.14711490163619895,0.2024947429981689,-19.157953301504904,39.62799024401521,-4.960157885228484,0.05630771027928452,-0.21207315909778926,-0.01934183030760842,0.10937698094912526,-0.13388351956441366,-0.0002501064967334121,-0.046986897657103496,-0.0352188589751041,1.5551284197811002,1.0737858179067623,0.2961318693143659,0.2162816144381371,0.2603860926024899,0.7260429031322603,1.437384999255249,4.1925695273413535,2.055050209070459,1.0267865019956828,0.04644573878403963,0.017835378879280137,0.009113397287392494,0.048020443623848434,0.012778268986504915,0.06259704078331796,0.08176094383669202,0.03521621735467555,0,0,0,0,1,0,0,0,0,0,0,0,1,1,1.6089608351472984,1.6646972245979494,1.4,7.752635702953299,8.82759392701349,-6.527788598641247,-3.8902335693165857,1.9284606924738996,0.20925475382646352,-4.813874931188091,0.9205057845133576,-3.2115840887130536,-2.204166407184716,-5.892077763030598,-4.3512613855048565,-3.5948063109727317,3.977710195497453,14.321119635085669,-31.23324433526843,-7.676815019661614,-4.446312779951082,-3.7578994212294465,-3.4771945980013297,-3.3668484891406387,1.1070048359178144,-21.415670574903054,1.5,-51.5519167309781,-12.167070033240694,7.331964404389612,4.945736382733414,-3.1524887109423343,0.4758309592174386,5.960394973378433,-3.1537805893450135,4.998086970659156,5.379915139023428,9.756692406521676,3.5367697909235867,-1.1848634666551778,-1.0881363243601956,-7.9260306389886654,17.558077892433488,5.809113297902748,3.3393010989111307,2.826233053985249,2.6249844481307303,2.5474225619371698,0.8604557428520153,0.4977089074885546,0.0,13.464700916076335,1.9754960159677848,-0.7572770478906303,-0.6396813267967809,-0.6880828320445722,-1.5623714437963239,0.8144114396981625,0.9854176682787658,-1.166322965453656,0.43863798106911295,3.485590009122645,3.8286713292931585,-1.0755346860355646,1.15291893981744,-0.2347895243138095,1.5017765678395247,0.1859435327874797,0.23345609861736535,0.2308393525956269,0.2277820693944691,0.2260668362692525,1.3415495952640852,-0.7238785879970676,0.0,4.403325655741479,2.396635639848417,-1.4537600452814827,-0.3691827285040599,-0.09406893035851403,0.1024684139065731,-0.6795218542860486,0.387270805475124,-0.6007642959243642,-0.6586437353810017,-0.7415687795404639,0.6547516240961818,0.2748115349582161,0.050034079225387766,-0.4799558718927551,0.8842552390099931,-0.3499402829088306,-0.2012091856595172,-0.1747131651950749,-0.1658317614073737,-0.1627308741018373,1.4027657190889824,-0.07743802578784376,0.0,5.897117074215518,2.582184721650174,-1.2363580862426549,-0.4603466796291622,0.5626657829591533,-0.5067387600279221,-0.5443675702153004,0.3794224687006904,-0.5374223597807073,-0.9758661596448648,-0.08727581194749634,0.6124615917170142,-0.9542892412058696,2.3261615008427583,-0.44657676901026544,1.3992542506521897,-0.6453437284443361,-0.32117500777850816,-0.2533046991479043,-0.2281588672427644,-0.2187406572070507,1.5039641425817392,-0.014872916060988159,0.0,21.246796726517683,9.791761500677099,-5.96073254004262,-0.412500981917072,2.162529732328585,-1.5978533018307877,-1.692999340388789,1.492580652846252,-1.7800591108650752,-2.333326908796779,-0.1734567707790795,0.7822634702838058,-1.6945505593471148,4.638936254211859,-4.228353802205996,13.818604330210665,-3.8551789675036137,-1.7725655421898332,-1.3455133123477123,-1.1834106079468296,-1.1216248036483365,0.10395175945892447,0.12645593745228315,1.4,-595.0132842988305,4.2451293581822815,4.088901907916223,-3.0437675697589697,4.911535765866233,-1.3223818438842514,-1.6791449273422143,-1.3752360645779476,4.476409197911359,-2.2260655363378103,5.3701556002632715,0.8680134420510691,-5.531513441602922,-3.314486844892052,37.583481322165106,-69.69127688611765,-6.8255493835196885,-2.745416997063288,-1.9455645810441384,-1.6218321493959529,-1.4944944912775622,0.002419170331129039,-0.016907727130843528,0.0,1743.7874498223196,0.6068094940963533,1.0330159155567458,-1.3846954024345448,1.2877294935020984,-0.6740105040539817,0.6212310237286118,-1.1430028217049255,1.2771306159651346,-1.9799905075385311,-0.8568802712896044,2.924152671484194,-2.74239095562514,0.3852246504652754,11.01296276233199,-24.000059774159066,-1.5567472000877274,-0.8003946532368502,-0.6174817703803441,-0.5416089843460163,-0.5114371178460733,0.10725274470348642,0.023888329388092086,1.5,-107.338253189897,-6.518433560130912,-2.218956078149441,0.4170982432306101,-1.6824293382665356,-1.4186538259163957,0.6268449427870921,-4.90774620866758,1.1925977629129465,-1.8953716247363603,-0.0025367907417410684,3.0201689643203644,-2.409921772898298,1.7531119045586698,-4.773360841525274,7.1872718691139115,-0.2202545852412752,-0.4052604922931282,-0.4269658240270369,-0.43822247359600985,-0.4433833931230887,4
2022-06-08 16:45:48.975446500,1.4336414100348316,-2.559595016972481,0.5380811017627309,0.4034381183129008,0.4941344126699452,1.4319373079415252,0,0,0,0,1,28.66079439252336,-16.467319644451464,42.14187855549472,-1.941572094364656,0.0010045017205006002,-0.2277048723605857,-0.03773329873816765,0.08260910838211616,-0.1269113098487597,-0.1154397445323333,0.12069632124955798,0.06333658867051475,-1.5657170208923739,-0.4444117859160776,0.11604047979375087,-0.14667321098636432,0.14913902751996788,0.1911748905372974,0.7165198598205987,-19.03671967511191,39.71467474690031,-4.9475874627764345,0.05620916449199315,-0.21255761717321656,-0.019319897693764125,0.1085186958786732,-0.13421262427329525,-0.004075867002891928,-0.044492214171297034,-0.033173438928539294,1.6060865493928365,1.115343461651067,0.2913701537633554,0.2271461600008227,0.26170422863079906,0.7491850330590925,3.6746482566370786,4.160700731381742,2.0559661728232244,1.0553424134698883,0.04655849775405595,0.017846122343391904,0.008996919823458727,0.04784877850771108,0.012417321146776218,0.06480077697622759,0.08531426547479938,0.03801752372766738,0,0,0,0,1,0,0,0,0,0,0,0,1,1,1.8519271308268972,2.2066301075813564,0.0,29.573583680688547,-9.62972948369442,2.962211439086248,-6.6054494605225935,0.4528997651452329,-4.285222302700697,0.02841144845621013,-0.9124640725120514,-4.732506069574093,-2.6542186374775762,-8.686457856020711,3.4132363592160537,0.8234111098719491,1.245272658495615,15.367405445829911,-19.29539074036303,-11.689121966127296,-6.159508996712898,-4.8734882613152495,-4.355912786742686,-4.1541073319205335,0.6290772004637462,-0.4456046199024477,1.5,-72.53862261432427,7.638158077084477,-4.952613785751975,8.508422700163925,-1.533237561689269,2.8598385143620004,-1.318457096362364,-1.1280125837319313,5.6117908310440345,1.3366868422823166,7.3891372056345235,-4.927639806463338,-9.81857179480857,-2.6065611230684667,-11.157783279978966,9.412821977132602,6.975799335959188,3.3674335971090708,2.5304171690551787,2.1997003772039188,2.072409154079814,0.30430786547795474,-0.3956402873521718,0.0,16.979229145431766,-0.4315435071097404,1.338286328539791,-0.4482170670138823,0.9520096728316892,-0.09470340125753364,-0.5100977487506337,0.9711059119409264,0.11537849068389837,0.31992232051836544,1.3042984051405306,-0.0998914570374788,-2.2933222983280124,-1.6693874812114795,0.2853453639245018,0.2329041695495282,-0.4839931052094393,-0.4655724996648769,-0.4421188224923012,-0.4281698327265781,-0.4215669803799424,0.5342040368509013,0.28686823157914004,0.0,8.95452774380696,-1.6634332193958985,1.1495319259048866,-1.0704825985205846,-0.15598107309820985,-0.4391032857068421,0.06903484992432429,0.26205134433190913,-0.7636424626535427,0.2582701583298897,0.07752692498230229,0.5646518068609161,0.9797080934042852,-0.15324355944026016,0.9433802735196916,0.7386888525301305,-0.13697589256262016,-0.08520344482843845,-0.06906836030774205,-0.06363928947964215,-0.061800403237074475,0.5259019492999527,-0.360598503021234,0.0,11.52520529920904,-1.8260369402940624,1.1480472205378476,-1.2621820214093449,0.43568075003750906,-0.4636160986839817,-0.30853446141904617,0.5205563517474686,-0.21674484845307476,0.2213515759200001,-0.3852752362130038,0.4390898843677109,-0.4393421621623764,-1.7202760020112673,1.3620632166861406,0.8676363027679601,-0.5117251764308164,-0.3831280086152917,-0.332209969278786,-0.31091109869368705,-0.30250452711909304,0.8104217786034981,0.4306678514610069,0.0,38.18437993134472,-7.041848690305071,6.000946920716492,-3.7563757811793583,1.8184977993425775,-0.8874904829760046,-0.262004251400076,1.3527997411960773,-2.3761485414553496,2.0232744271205423,-0.5357668678664602,1.718836615747814,3.2722198605198587,-3.8321253756768323,7.556332203375232,10.542065147386577,-1.1943888939713974,-0.6713089349479179,-0.4485378219018814,-0.3575913820226257,-0.3222381794994893,0.08221080225300473,0.13481359612944513,0.1,-640.9016201357485,34.28045527819145,3.620658203718378,-11.179142648514626,2.483623843483258,4.1324624277316895,3.5547404327898993,-0.2340285941390512,4.719187572674943,3.9626439454887996,-3.6569980708594905,4.5413244231969925,-6.545284247512446,12.62910330895262,23.212107979890924,-45.956802522581405,-18.36392082857955,-8.51440204383671,-6.219222369393368,-5.2762951955479105,-4.903628900444203,0.002090968839915228,-0.017611308884799084,0.0,1733.9986884339685,10.148823102337305,1.086089826166642,-5.133988123805807,0.20894644666068984,1.6011347766818176,0.5964544494509596,-1.3177720495640557,1.46991423146288,0.5007654818632119,-1.6715810505547142,3.4539681918364806,-3.633755007092376,2.6602708580502465,9.17036717535349,-16.009233615428847,-5.325236808515719,-2.4872865106770945,-1.848000949000472,-1.5866321925033375,-1.4837680009726704,0.0988971795454478,-0.032899649032192564,1.5,-88.75247702713139,-6.898785560203095,-1.0301602410736128,1.1048182395612862,-0.9218958533952506,-0.965523580082036,-2.361623039924861,-2.7382045163637745,0.9002537812138991,0.8918660432469585,0.28831649454931,1.111670551235144,-2.486462300300641,-3.3585643765237148,1.4643084774032071,4.682015374484863,1.236774618521309,0.3536333326331713,0.16895618368106913,0.09343515878621368,0.06358490128905192,4
2022-06-08 16:45:51.725446500,1.3745135559906592,-2.4995823922604967,0.5464399122927256,0.4160996207913086,0.5083342421301851,1.3112532831894883,0,0,0,0,1,42.36813084112149,-16.306651459698855,42.20928435329881,-1.9504727554909675,0.0010103649216333843,-0.22547374152919705,-0.03419760364232602,0.08095054987261885,-0.12472121702856245,-0.10550524478486656,0.11258456246431774,0.0716398679843753,-1.5190507873036518,-0.4770339011959451,0.1394341356188187,-0.13872619286827614,0.1647601709742739,0.24316129450393556,1.5446714369234025,-18.97271114595044,39.773684279032416,-4.8658459200699715,0.05610263395666271,-0.21285263633298396,-0.01987469416235793,0.10837006310749302,-0.13426838665308066,-0.008503784394916539,-0.041134620244285984,-0.030669345612524088,1.6590189783522116,1.1516027525361516,0.2825000733305997,0.2400951628418348,0.26205909260853744,0.7506216328653353,6.478652965183858,4.097079965424121,2.048719558914045,1.134741923696392,0.046678750539000016,0.017669971436467414,0.009052882939049758,0.04709574884521103,0.012304155154742565,0.06530038427543643,0.08856535542613901,0.04089703167891675,0,0,0,0,1,0,0,0,0,0,0,0,1,1,0.9042745258856478,-6.9203571460699145,0.0,51.121803209402636,-11.138248990953818,-6.6102512272957465,-1.5239647106208478,1.841843946565032,2.309440008201,0.3850575873914481,-2.1064054141999065,-3.1218815581409096,-1.612248749284555,1.8379446842345948,5.3031188873766535,6.5715991364027895,4.33678187401279,-1.3650010191893764,-10.82430526737685,-9.724410334100225,-5.750580521284663,-4.544795329854497,-4.036843682781687,-3.8345008222152495,0.3110141074136782,-0.4988734174814735,0.1,-93.66890363487691,13.72589698007732,8.465777370261794,2.4038211842423434,-1.8747049806572829,-2.881771550310149,-0.9127097387350264,2.2270083935363028,4.281107014827096,3.7962736720840775,0.8892735336035096,-2.870180458515884,-5.362027051488152,-5.06189556060683,-1.649741712242225,5.1307594132667615,5.763243255580248,3.3843004665899628,2.6715624366440816,2.3791383909237886,2.2645978284615307,0.11380437898309728,-0.08886778042469101,0.0,20.064762904699602,-1.5283410562064916,-0.9276115917388692,-0.17315552823573044,0.4815832920957122,0.8550704977618877,0.903064366199874,0.7139244338570095,0.4427163334706747,0.22375771058564453,0.10942904340134736,0.06514762175673182,0.017243989494824308,-0.07885571089114696,-0.19197948710097545,-0.24543050147636525,-0.3771746763435157,-0.3575952508208959,-0.3264895198996275,-0.30801721891474443,-0.2995489192742289,0.2474835769721364,-0.4620090780510468,0.0,13.935692478681727,-2.0939541518790903,-1.4248718234329132,-0.6220916802880582,0.0037591119157587283,0.2509067146059853,0.11083194904742466,-0.2458317447325943,-0.5696869526099987,-0.6636459208500274,-0.4763254725937444,-0.1128607524330692,0.2360058983310996,0.403008109753331,0.3290107277002457,0.019018473849153502,-0.31673497025906744,-0.2929219569874976,-0.27451243860995755,-0.2653177224319056,-0.2614349609568274,0.2406369079704496,0.08690619506081264,0.0,17.3037602951959,-2.3832006229117946,-1.4993282963433316,-0.4451988096073063,0.36942456571504656,0.690203826554407,0.5267414449318735,0.12168867684531536,-0.1971829032747875,-0.19854925179682675,0.13527122227944496,0.6149370780266573,0.964581679361725,0.9847605828393374,0.6626441365542322,0.07722717490371113,-0.4050871278565591,-0.3374704096402821,-0.2918282257155296,-0.26842044576385565,-0.2583685128836153,0.3998961385382041,0.3054611649726174,0.0,53.71131624260064,-9.122281435601183,-5.8596362890346025,-1.9260048842861608,1.1728954876955229,2.4429200521354084,1.816667481781556,0.104821737451664,-1.4681043379428385,-1.8903241170048903,-0.8314806529695962,1.2666792034197272,3.4916460135238703,4.970138508196717,5.306510791607493,3.9628248293792496,-0.5541934151331585,-0.7378766080983237,-0.6215258553022678,-0.5537458196960217,-0.523844765664135,0.02708231756954077,0.154285773391832,1.1,-682.4618040322338,-5.224451404999698,-2.392450235582253,0.5142751349630714,1.957389740453408,1.4070198878019085,-0.31416635648917435,-1.5329674553931447,-0.8039288398645752,2.0661766472705345,5.6775674177496525,7.636185136970157,5.79779701875435,-0.5828264172568147,-10.84909455461606,-25.209743188835372,-17.370451061595713,-9.813338435001377,-7.661426299544015,-6.766055615290982,-6.410907408191775,0.0009725829898375953,-0.02228032878604393,0.0,1723.4208863643155,-2.809390498568007,-1.5927656935242285,-0.31686437441115345,0.3854903904071989,0.3052523254789321,-0.206187702998875,-0.4570407518296804,0.12636264962835494,1.5724211485446986,3.23521941295391,4.067936595136544,3.1676490951565626,0.2747917802807152,-4.191151497589978,-9.751676717989609,-6.130000795263888,-3.4813879971256654,-2.747652079132262,-2.4389279272149094,-2.3156028249681992,0.022757590615085952,-0.1897320181828355,1.1,-79.34304559424962,0.2017550870925735,-0.0859353724378904,-0.4352910377435171,-0.6993674378680712,-0.7519436259982122,-0.5331147521828794,-0.07241640709936581,0.5190041612099661,1.0850503744245057,1.47796710286008,1.6102144558503864,1.4880810296248814,1.220841365365232,1.031986142069343,1.3562329640424662,0.7749353797560121,0.3193162822950721,0.2309643990504417,0.20487582352390832,0.19654649374635624,4
2022-06-08 16:45:54.475446500,1.3016670442042997,-2.425701493359146,0.5541971207810865,0.4272445796421982,0.5203656028734915,1.1696969719995756,0,0,0,0,1,56.07546728971962,-16.14589854849044,42.2826391069206,-1.9586441333782167,0.0010162281227661684,-0.2233126082836472,-0.03065933832487442,0.07907995750802133,-0.12235869837851295,-0.09385446504120963,0.10313507921514176,0.07955894742617163,-1.4890961446236166,-0.5192063647173154,0.14914305764854294,-0.12924622939862732,0.17930598838624698,0.2925140379764065,2.6869494743065805,-18.95584190249554,39.80783513155731,-4.790067279676241,0.05579394976517698,-0.21286307394466505,-0.020365572286594986,0.10882584512502608,-0.13447322484335267,-0.012752353228709106,-0.03826172612644292,-0.028037099878765948,1.651899534808107,1.1693438934933362,0.281886130961924,0.2534614518713727,0.2623859131049972,0.7313066741371549,9.723235932654099,4.023743978954704,2.029169346246983,1.211910296836907,0.04652833416988955,0.017246409961664162,0.00902813941394194,0.0451422713493991,0.01155224474496423,0.0640091837207903,0.0897847793053359,0.043763361840176936,0,0,0,0,1,0,0,0,0,0,0,0,1,1,0.02644512422346651,-0.2485546436471628,0.0,60.2181468316329,-0.05167099011535648,-0.05061299289700116,-0.04879303682623348,-0.046120349468107065,-0.04245534862728606,-0.03759515827045679,-0.03125231323301003,-0.023026081176981798,-0.012372308410370179,0.0013914787867190805,0.018864070798990884,0.03917252871300825,0.0513361232375682,-0.037639928853247184,-1.2257547809349625,-2.4974771346163847,-1.3860525841261335,-0.9721185364781112,-0.8036270423693864,-0.7386517682041737,0.004365738588263264,-0.06904997688355571,1.6,-105.93302977031234,-0.04169886984443849,-0.04264023052914112,-0.0442626046615171,-0.04665232700582855,-0.04994378898233887,-0.05433598797953465,-0.06011891193113339,-0.06771490397429591,-0.07774168855902319,-0.09109846228534037,-0.10902495116134504,-0.13272765933831532,-0.15940001374921484,-0.14128407101410098,0.5649337115535338,1.6068629269730303,0.9214945163700748,0.6436393019847575,0.5270959560040136,0.4815158455186227,8.441741419960634e-05,-0.007002802661340406,0.0,22.133712647683996,-0.011201881656820234,-0.01119410404718568,-0.011180424881150676,-0.011159620568677251,-0.01112962482053037,-0.011087013030141256,-0.0110259945804807,-0.010936343371615531,-0.010798834882855156,-0.010574227695438254,-0.010173415265387951,-0.00936366553282697,-0.007410263082132051,-0.0013155906530989414,0.020911619550006973,0.003382199359571847,-0.011665389536074322,-0.013374166240338936,-0.013515066614280702,-0.013486175462219946,0.0007658325756176906,-0.033131218256470536,0.0,16.7143918847099,-0.016507027938936325,-0.016430326018648245,-0.0162976068647791,-0.016100870177387483,-0.015827391267458024,-0.01545772460640482,-0.014962230702374126,-0.014294867834572013,-0.013381530010736388,-0.012096571693519964,-0.01021107414816369,-0.007265043893372625,-0.0022115737145056986,0.007425653802573152,0.012422923113695472,-0.06065439131482792,-0.05822441274482493,-0.05084606549595988,-0.04684270392067042,-0.045118602181583145,0.0009376568757541488,-0.036295167543320496,0.0,20.481223547437352,-0.01864264770751456,-0.018540439891117533,-0.01836365203863677,-0.018101736225094145,-0.01773792987749845,-0.017246643044077192,-0.016588913020471833,-0.015704274422926212,-0.014495464079436637,-0.01279755023755036,-0.010309660878468796,-0.006426004504792915,0.00022903382764211108,0.012753734453642362,0.014822953721834509,-0.09153484489917596,-0.08304266865490945,-0.07047235941422131,-0.06388115872019551,-0.061080336205605476,0.013577641780178156,0.12571228955066574,0.0,58.63103329350852,0.3881936458276147,0.3891583289394536,0.3908321320743093,0.3933239818020766,0.3968089762049592,0.4015586311442054,0.4079947762962286,0.4167888234267656,0.42905518687997296,0.44675848524451295,0.4736633459662112,0.5178736112948712,0.5999640324259202,0.7842740810171509,1.1651419841275483,0.31847333961166696,0.09340052602205452,0.10723541111858803,0.12641495668196726,0.13615630043858412,0.0017223688940818298,0.05330785291528625,1.0,-671.6105631570127,-0.7708952626562251,-0.7701664075161574,-0.7689288074526104,-0.7671493922032013,-0.7647859118147835,-0.7617962417258184,-0.7581627897607497,-0.7539557657090015,-0.7495012462659485,-0.7458547494288723,-0.7462739459633365,-0.7615526109809707,-0.8344877867366769,-1.202146585404165,-3.725392527777149,-4.97324189296436,-2.7581714663002828,-2.0474443370483217,-1.7745025559459595,-1.6721373437727038,5.506847366310671e-05,-0.008784227878056905,0.0,1728.9186927391895,-0.3465254521405541,-0.3465526421863672,-0.3466100945811377,-0.3467195704617154,-0.34692012264898153,-0.3472810080133257,-0.3479275373656634,-0.3490952862488186,-0.3512517099154522,-0.3553944689375044,-0.36387587357965856,-0.38309099179070216,-0.4346462824756827,-0.6222644551117327,-1.6367438114962167,-1.8454573995487067,-0.9908168062647532,-0.7384202581317467,-0.6443876528316359,-0.6096240668127173,0.00041471137917649197,-0.025091846881744283,1.6,-79.86350475662364,0.03463346656138633,0.03451828592836215,0.03431996790439662,0.03402832129253497,0.03362765570706916,0.03309515120076156,0.03239851815232875,0.03149304640085049,0.030319280257133038,0.028807544712449836,0.026918043552380144,0.024860061485831864,0.02436314947352169,0.03840328177531928,0.18781130819281436,0.2999184871621781,0.16422289414633373,0.12018549928314083,0.10356518714671836,0.09737792012489632,4
2022-06-08 16:45:57.225446500,1.2138855688430104,-2.3412864581717057,0.5619866675996377,0.4379991017703291,0.5317966348866057,1.0254838302867624,0,0,0,0,1,69.78280373831775,-16.008300782248394,42.34849434863565,-1.9651813140819323,0.0010220913238989527,-0.2210756120256872,-0.027179989421970224,0.07751880749552084,-0.12007269605410475,-0.08207815108845147,0.0929689049733504,0.08732511361424973,-1.4480645237688765,-0.5643956393850297,0.1610539464446032,-0.11976431311940752,0.1923749836883189,0.3169307439468439,4.143353971970131,-18.89358459823249,39.870322768187044,-4.692113181478138,0.05570990225407488,-0.21312391947532155,-0.02088242498433525,0.10840745511045864,-0.1341576767441935,-0.014837110659957443,-0.03592035699400016,-0.025293662910637955,1.6711898854661589,1.1887960852108863,0.27504024731900323,0.2657843089536301,0.2609664060340328,0.7139007015301564,13.3296810740621,3.9572499531314422,2.018432801478831,1.2586884677186492,0.046599748878977006,0.016861469300580974,0.008717379734656753,0.043867325094775166,0.011306403678873266,0.06334165579643335,0.09063332758648612,0.04660814651739705,0,0,0,0,1,0,0,0,0,0,0,0,1,1,0.004693935816446029,0.039581630391672284,0.0,56.68107980476696,0.20437710456161184,0.20513764150389413,0.20645551943473264,0.20841345194116645,0.21114360502338905,0.21484917300897652,0.21984213585834134,0.2266111058850766,0.2359491106750111,0.2492099314716973,0.26886393471919345,0.29981263674487035,0.3526551569415777,0.4477745835857114,0.4382059552887343,-0.30285589162124404,-0.2023482092410536,-0.11184957963432762,-0.06896628539136551,-0.05149730825602839,0.0011480236806138966,0.028181507233724173,1.6,-102.50704696741407,-0.19226353014977704,-0.1927842263605424,-0.19368682453109895,-0.19502854487447865,-0.19690096365861454,-0.19944518962106272,-0.2028785446901047,-0.20754280554564095,-0.21399583137075906,-0.2231975673606721,-0.23692065777426885,-0.2587519849368729,-0.29676297895247106,-0.36892318433210347,-0.4007154150008474,0.10269937995084176,0.06602653584466145,0.012743822669943228,-0.013600878750339218,-0.024486974542359152,0.00010029459195117864,-0.010794353911049616,0.0,22.454203410489264,-0.013715613876921662,-0.0137196883722992,-0.013726704568964188,-0.013737024459574698,-0.013751206140808936,-0.013770063083304862,-0.013794750280969659,-0.013826875844871744,-0.013868598743141504,-0.013922500633769984,-0.013990218012670808,-0.014064617772748866,-0.014082861284692385,-0.013555600908134345,-0.007778696401291363,-0.003298741507638314,-0.008664706048841621,-0.010425931092841843,-0.011089033462024278,-0.011334845584419162,0.00027528055476292004,-0.01960044508654446,0.0,17.155375539693758,-0.017277178239677667,-0.01726160175368574,-0.01723452291476879,-0.017194087263887603,-0.0171372920436077,-0.017059434316701094,-0.016953111799636874,-0.0168063459012171,-0.01659883619559271,-0.01629384540472151,-0.01581860024575571,-0.015009563910474644,-0.013426358501869906,-0.00954738618776918,0.0008230984685074216,-0.013244083638733806,-0.02006470759081863,-0.020607070289007712,-0.020559264169024927,-0.02049673615500988,0.00019901925069355282,-0.015766646932121313,0.0,20.951651200426067,-0.017304493297270795,-0.017279883695646037,-0.017237119873958706,-0.017173305942631778,-0.01708376038779491,-0.016961167176391845,-0.016794044234492156,-0.016563878979947266,-0.016239442610233357,-0.015764551611473943,-0.015028749562851771,-0.01378631134333008,-0.011385143944937115,-0.005630773572461335,0.008777881459237191,-0.013629707549469572,-0.022778877221420583,-0.02319287309806212,-0.022960136218636903,-0.02280451778993076,0.009198619644391684,0.12367113636247165,0.0,52.69255852461054,0.3028570499297913,0.3029206724656843,0.3030323336688721,0.3032015464267346,0.3034441522276605,0.30378590720167864,0.3042692994577747,0.30496712244106483,0.30601145224745,0.307661519392102,0.31048326374248103,0.3159089769198371,0.32843214518986386,0.3675049192863342,0.5355302689247711,0.4888271755449123,0.3561864965640692,0.3260292756797463,0.31657725574996354,0.31340449132043874,0.00015698638403144268,0.013716782707829906,1.4,-665.8323986801772,-0.2243843731186672,-0.2231230791322432,-0.2209391128651532,-0.21769830005703736,-0.21318698790275906,-0.2070783219891723,-0.19887385745704125,-0.1878001667754141,-0.17261805041557032,-0.1512510510589884,-0.12001733579233866,-0.07196900757892878,0.00630457467740264,0.12808701068315995,-0.08324856953835535,-1.3306611141668585,-1.000477426627329,-0.8065498583814517,-0.7202598494747416,-0.6858948532485512,5.686683685086636e-06,-0.0025635650458043393,0.0,1731.6812434838428,-0.12092570003477475,-0.12049301717539153,-0.1197442490645244,-0.1186341644997526,-0.11709094107855833,-0.11500514434122522,-0.11221082285361206,-0.10845246837536138,-0.10332518770164968,-0.09616152605271112,-0.08580877261589848,-0.07019678406050645,-0.04582615422268788,-0.013517792689107466,-0.1367822853197893,-0.5684182170590475,-0.4130708791050069,-0.3353979168802255,-0.30195138958000106,-0.2887951531307316,3.762401162600842e-05,-0.005600363265985239,1.6,-80.13225430333628,0.008832426147210803,0.00874699668192136,0.008599007924821933,0.008379252546320437,0.008073039286456305,0.007657827427581587,0.007099105453063803,0.006343030606440703,0.005302685300524468,0.003830855893835139,0.0016622068889027286,-0.00171829046013805,-0.007370344748075962,-0.01689941087820657,-0.009017476529493251,0.07539650485797877,0.05813911824596829,0.04632912044773385,0.04095038439014731,0.038791740005966184,4
2022-06-08 16:45:59.975446500,1.1214947817385612,-2.253983421185532,0.5698409462225167,0.44873333344363786,0.5431822208403018,0.8820515551516639,0,0,0,0,1,83.49014018691588,-15.87970237865688,42.41091845797641,-1.971148610641274,0.0010279545250317368,-0.21880306059839927,-0.023723726208785576,0.07609624858268567,-0.11783137319603455,-0.07040213661068592,0.08264054032341972,0.09506519761213016,-1.3991564115832575,-0.6163183125542907,0.16972132470748716,-0.10615025368793997,0.20666206701148587,0.3451711453889777,5.913884929914057,-18.8010178413447,39.92847546140665,-4.606236068207688,0.05498724487127152,-0.21330662594322852,-0.02114011174392574,0.10777523492344443,-0.1338029830585037,-0.0174440852052618,-0.03306164224771173,-0.02203286327961206,1.6915014136944475,1.2022940490720562,0.2745801910839145,0.2740304295141885,0.26119815633884863,0.7059430075756497,17.241494618489394,3.914102416107196,2.019982408875069,1.2857007240079406,0.04645243547481658,0.016603514576757582,0.008300459548843567,0.04329629428804277,0.01135639268868268,0.06268946201084931,0.09138709431699256,0.04925997200650063,0,0,0,0,1,0,0,0,0,0,0,0,1,1,0.003976127660031962,0.07678922904663663,0.0,52.88383096519356,0.20015549176581704,0.20034623089012715,0.20067758096991284,0.2011718130986031,0.2018648925333637,0.20281294131692465,0.20410386900085165,0.20587905689157535,0.2083762226575807,0.21202118277517654,0.2176459869519375,0.2270844241696419,0.24512386821503496,0.2872990241016649,0.3833210369419009,0.2044898119624912,0.1480371361781163,0.14916628739273974,0.15250728731642105,0.15425723566448385,0.001027785346753157,0.039109391583371615,1.8,-98.92015857385924,-0.18192828169204311,-0.1820431964292606,-0.18224293418762366,-0.1825411126355352,-0.18295976891650767,-0.1835333908394201,-0.1843162070075577,-0.18539586224745766,-0.1869206592513275,-0.18915844442178956,-0.19263836359009145,-0.19854461924859115,-0.2100420744647633,-0.2378720572344677,-0.308854851882348,-0.20223196598122994,-0.15725476615555767,-0.155016801108804,-0.15602517891492165,-0.15672323868679627,0.00012843960871735007,-0.01334624639872496,0.0,22.77614600502265,-0.014773416256737447,-0.014776777608931368,-0.014782600607430531,-0.014791247820248987,-0.014803297850093822,-0.01481963864180269,-0.014841630140235762,-0.014871395025610856,-0.014912362235080634,-0.01497034546723419,-0.015055841178786666,-0.01518928728845359,-0.015413035835471491,-0.015793588530325198,-0.015513080098079944,-0.012185906368098798,-0.01284118957441016,-0.01330122093363273,-0.013511682827806765,-0.013596276262840127,0.00033245572984711384,-0.02227433963735873,0.0,17.594979816582512,-0.019411921212184158,-0.01941234636131095,-0.019413054858244738,-0.01941404119757051,-0.01941528375832502,-0.019416721256042657,-0.01941820065195821,-0.019419356947325,-0.019419318075597547,-0.019415916507663944,-0.019403325975489997,-0.019363744655776338,-0.01923047903791492,-0.018657042400828383,-0.0152489480892114,-0.014539490024502775,-0.017439028506861576,-0.018247034196958608,-0.018531799251186167,-0.01863405635524812,0.00024412936430284258,-0.018627458754724508,0.0,21.417740785103675,-0.02028699409151624,-0.020286873129593985,-0.02028662108411861,-0.02028614696346831,-0.020285286085151236,-0.02028374308213765,-0.020280975799730986,-0.020275946664210957,-0.020266551095227903,-0.020248175617134438,-0.02020958864111749,-0.020119122764850398,-0.019865921260197927,-0.018908872261580004,-0.013797239689459784,-0.013472971659203026,-0.01772864202598534,-0.018852073763138518,-0.019237078597411084,-0.01937327936754589,0.008040978503101998,0.11474312997712065,0.0,46.80636701540124,0.27006038912137953,0.2700078449919996,0.2699170455841706,0.26978273561429233,0.2695966315914617,0.26934624722386724,0.2690129346141599,0.2685686010678037,0.2679701374981056,0.267149994285794,0.2660015972492489,0.2643693524771725,0.2621702816993917,0.26121424060004106,0.29263248625673577,0.34683531686896885,0.3140491655426755,0.3008753288525077,0.2955287153150417,0.2934772278480719,3.439475084626211e-05,0.006240151593537219,1.5,-660.5696279911052,-0.19372242473711765,-0.19332659971728816,-0.19263953207330786,-0.19161602346600404,-0.19018331907030728,-0.1882283976793744,-0.1855752774053343,-0.1819431315743536,-0.1768645571981331,-0.1695135061310573,-0.1583053000393484,-0.1398391887701056,-0.1056111578919019,-0.030432815093984544,0.10184024963349003,-0.27499206223188466,-0.3361881950533938,-0.3189540416770349,-0.3068960776938177,-0.3014473808347091,1.5604462759075712e-06,-0.0012931034996384436,0.0,1734.238623279256,-0.10073695781761673,-0.10058084444938233,-0.10030998044450712,-0.0999067513246814,-0.09934285346268723,-0.09857442713163778,-0.09753340571468527,-0.09611164455262866,-0.094130188386103,-0.09127522754138084,-0.08695131201911721,-0.07990143800699201,-0.06706958037275967,-0.03998987785357855,-0.0017732684439621949,-0.15157046456756262,-0.16405379098265627,-0.15415929862205147,-0.14833874778290834,-0.14581237572483194,5.230871279078521e-06,-0.001998087829253512,1.7,-80.37607281079755,0.007972556939254359,0.00794817091128852,0.00790582733329792,0.007842714750717406,0.0077543012541125824,0.007633532896516471,0.0074693973752504314,0.0072442610944905015,0.006928642302296284,0.006470122786113475,0.005767304812277274,0.0045999184433305204,0.0024059947110448565,-0.002553563762708766,-0.012475817949113566,0.010609805810998909,0.015856501876125195,0.015184039360897296,0.014574382967692643,0.014285820848212838,4
2022-06-08 16:46:02.725446500,1.0286150993867074,-2.1664762670314475,0.5777174830188615,0.4594936133945714,0.5546023278589399,0.7391526445490646,0,0,0,0,1,97.197476635514,-15.752580051109446,42.472664353293894,-1.977037061682433,0.0010338177261645213,-0.21652332045278885,-0.020271290974310036,0.07470051675938147,-0.11560071782062112,-0.0587758928996359,0.07231157759260437,0.1028084557774641,-1.2855127980534076,-0.6943951254742159,0.17266854431956574,-0.08396052992620384,0.2248364272839958,0.3808163119023201,7.998542348138355,-18.588363124766754,40.05952592782454,-4.52372393232791,0.05493766758469838,-0.21399787580622892,-0.021149136934698932,0.10556097684388607,-0.13326397620888614,-0.02071959515920639,-0.02716289381565828,-0.017575381651075608,1.6870006092853245,1.1922440118005917,0.2781954964586767,0.2792854333568444,0.2567729671384919,0.6887208890781228,21.414789203936525,3.817257411324932,1.993209900227333,1.3355596936341787,0.04650855906571859,0.016130674930943164,0.008302165055766262,0.042416504782977496,0.011599373001074062,0.06128848239209779,0.08997976336074985,0.05120228936172037,0,0,0,0,1,0,0,0,0,0,0,0,1,1,0.003573490623080405,0.07617689380738958,0.0,49.07094689567024,0.1804254683153141,0.18043389251912068,0.18044880615526093,0.18047170495156228,0.18050512264533136,0.18055326905295302,0.18062326877518586,0.18072768557376984,0.18089004794729524,0.18115813791907495,0.18164014232830408,0.18262074923463525,0.1850317930317793,0.19311031922688127,0.2310992699025982,0.2260699201691183,0.19538323347241585,0.1879346222164744,0.1855033843878523,0.18466663376870374,0.0008969501273077008,0.03730824761234144,0.3,-95.3291155202383,-0.167533463465384,-0.1675332238020495,-0.1675330129801651,-0.16753317997775866,-0.1675343754360279,-0.16753780310722988,-0.16754573889829727,-0.16756265675939108,-0.16759784837259506,-0.1676721055925814,-0.16783696249723912,-0.1682400326476534,-0.16940548080413032,-0.17392707924388473,-0.1986439427269904,-0.20098367414581772,-0.18030475915699065,-0.17478386120876488,-0.17288127019837018,-0.17220616283385065,0.00012957333741060977,-0.013648118006491095,0.0,23.09911599976635,-0.014803266322851004,-0.014804215522195019,-0.014805863774539853,-0.014808320650431472,-0.014811762803847772,-0.01481646526799052,-0.014822857558056568,-0.014831627746609066,-0.014843926897458169,-0.014861803175743371,-0.014889222786302891,-0.01493481516190226,-0.015020653038530285,-0.015215422017659574,-0.015611176515657356,-0.014713596477267553,-0.014501305975275547,-0.014525317619606737,-0.014548306104134934,-0.014559276321764375,0.0003558685249717293,-0.02351662881812069,0.0,18.03606581716994,-0.020060058224732117,-0.020061543659501302,-0.02006411447208789,-0.020067926369429667,-0.020073226704788283,-0.020080392598239797,-0.020089996415304068,-0.020102920410629662,-0.020120564834550103,-0.02014524296636666,-0.020180962504763644,-0.02023495729464397,-0.020319592613963374,-0.02043304147647296,-0.020013447024022638,-0.018520511759674785,-0.01905621577350891,-0.01932462248006161,-0.01943998007823375,-0.01948528379892045,0.0002746790910843387,-0.020342443256569958,0.0,21.88582741708437,-0.02126515107141591,-0.021267192012806916,-0.021270722986153068,-0.02127595564706541,-0.02128322564106999,-0.021293043409651657,-0.02130618092748482,-0.021323822243922708,-0.02134783324375666,-0.021381263298379197,-0.021429300854870825,-0.0215009784157722,-0.021610080036741475,-0.021738298844683368,-0.021011658856586624,-0.018947608734875887,-0.019809059623735303,-0.020211209133092045,-0.020381186608350144,-0.020447502374287857,0.009297191562656546,0.12107823755898853,0.0,40.94731034106971,0.2644452261286192,0.2644194765112027,0.2643748320601809,0.26430844672303433,0.2642157615084355,0.26408974251528394,0.2639195378939643,0.2636880411148106,0.2633672415339543,0.2629087273374777,0.2622225345176565,0.2611248406812925,0.2591946844812242,0.25544540035298136,0.2530410463011301,0.2780980053598068,0.2768962963693325,0.2743938698308908,0.27313376261712136,0.2726105925883594,3.541406153972932e-05,0.006519513341677804,1.5,-655.3658380218053,-0.22187274103535515,-0.2218281372942528,-0.2217502630939876,-0.2216331968310783,-0.2214672109075124,-0.22123676901174605,-0.22091679584508486,-0.22046542273374212,-0.21980890074929785,-0.21880726754758584,-0.2171663697718849,-0.2141734113784075,-0.20770449055625664,-0.18917584854881755,-0.11967185826030755,-0.15751086553608218,-0.21001547434714496,-0.2202008594958489,-0.2230122100457148,-0.22387619635898748,1.505633194635544e-06,-0.0012555700155063804,0.0,1736.7673253311475,-0.10917884064417648,-0.10915560348118447,-0.10911512232502217,-0.1090544752317726,-0.10896889535732156,-0.10885083985924382,-0.10868827733722243,-0.10846140722961906,-0.10813595627739404,-0.10764823192949537,-0.1068677292379121,-0.10548794133452688,-0.10263168270692093,-0.09495735802983774,-0.06949072781913658,-0.09011908937785053,-0.1084973070328772,-0.11141613644057458,-0.11205961735118207,-0.11221866433809248,5.126651741419273e-06,-0.002303936663674923,0.1,-80.61694931774659,0.010042020274670271,0.010039985101323978,0.010036420616575724,0.01003103599277999,0.010023349285317451,0.010012581841357004,0.009997458876720431,0.009975815335596216,0.009943761116113723,0.00989374228522344,0.009809458085421552,0.009650175152753349,0.009289946070746293,0.008193955723954538,0.003661894959924528,0.005272353691940346,0.008804971642130344,0.009572137908064882,0.009804421244445137,0.009880706520669745,4
2022-06-08 16:46:05.475446500,0.9359463373404968,-2.079140865973692,0.5855970212952265,0.4702657481699357,0.5660397574128978,0.596392561589023,0,0,0,0,1,110.90481308411213,-15.625247986254776,42.53444548861175,-1.98294446085924,0.001039680927297305,-0.214243883210812,-0.016818333781534564,0.07330314168435538,-0.1133703148990116,-0.047160221158966925,0.061996470148105776,0.11055520915284192,-1.1766564895184792,-0.7684156620329451,0.17629940099167069,-0.061935581718895474,0.2426949111701776,0.4118957719443752,10.397326226643028,-18.379947776328784,40.188659605414436,-4.441714464821467,0.054791347533290784,-0.21460894602886296,-0.02108453895707291,0.10338685113835484,-0.13267721473858865,-0.023619766839759342,-0.02166684645502753,-0.013016956294530056,1.6762302233595756,1.1779932265924502,0.2824553102743802,0.2838130047348123,0.2523725600208841,0.6698012777546456,25.813658226727462,3.72046206314466,1.9647401141876448,1.3787444496631485,0.04666755759998368,0.01565479960617876,0.008313791094751777,0.041539079264730924,0.011889320387924006,0.059704754221640725,0.08819885031846794,0.053204630376878094,0,0,0,0,1,0,0,0,0,0,0,0,1,1,0.0036265770307678797,0.07608653230698822,0.0,45.27042933241049,0.17311443976136687,0.17310114880423375,0.1730781681168443,0.17304414432719284,0.17299693773796632,0.17293330866019385,0.17284838791045276,0.1727347728366384,0.17258094768368393,0.17236846708421116,0.17206702620895842,0.17162773760221728,0.17099598087658885,0.1704643058565316,0.17684461179298386,0.19042825355678072,0.18344049018576347,0.18045491730115326,0.1792218706999102,0.17874531131814658,0.0008733975754064997,0.036482234668864105,1.4,-91.74771754705273,-0.1628181438374785,-0.162808076978612,-0.1627906591606436,-0.1627648437630791,-0.1627289703589554,-0.16268051230007075,-0.1626156451559564,-0.16252849611018938,-0.1624097946880494,-0.16224435090096326,-0.16200620567972912,-0.16164976089870242,-0.16110333838591684,-0.16043912650092418,-0.16385174855444795,-0.17401925121237394,-0.16991289314897173,-0.1679671324187353,-0.16714173669386712,-0.16681925328987496,0.0001249145426360795,-0.013410766585091678,0.0,23.42219872934739,-0.014720885158387988,-0.014720960443823206,-0.014721092384994085,-0.014721291892886956,-0.014721577077428272,-0.014721977258618455,-0.014722540559679363,-0.01472334895396854,-0.014724550227334874,-0.014726432449523319,-0.014729619904222504,-0.014735680087804737,-0.014749486660914912,-0.014791881452760338,-0.014969589096157532,-0.01491087910850897,-0.014771796252735947,-0.014741180406167119,-0.014731818187927903,-0.014728723415862066,0.00034757888916669315,-0.0233633437529926,0.0,18.477729987939448,-0.020129370613022782,-0.020129909035800475,-0.02013084323539616,-0.020132233982880443,-0.02013417893286662,-0.02013682942414197,-0.020140420346833388,-0.02014532494996102,-0.02015216100037831,-0.020162012095963574,-0.020176935192437573,-0.020201275314352563,-0.020245607672981503,-0.020339302456411468,-0.02047263302432561,-0.019955753365822226,-0.0199114957928414,-0.01994536741168168,-0.019965369717645454,-0.01997405970853383,0.00027270160523750695,-0.02044505275786944,0.0,22.354767202143606,-0.021389045238551674,-0.0213898457980215,-0.021391234524778424,-0.02139330123112937,-0.021396190108378562,-0.021400124331187875,-0.021405449693228773,-0.02141271442872961,-0.021422823185001102,-0.021437356241676864,-0.021459295874506342,-0.02149488545839068,-0.0215590811795846,-0.021691768382944177,-0.0218540472872566,-0.02108245614997684,-0.021046697931168142,-0.02110505272342289,-0.02113754226126793,-0.021151437437920726,0.012238146618742436,0.1375578372390199,0.0,35.0945163058168,0.2650905652773887,0.2650851498235762,0.2650757344655035,0.26506167278287673,0.2650419176179217,0.265014827866757,0.26497781826404365,0.2649267004948386,0.2648543658964469,0.26474792497522004,0.2645817809906811,0.26429823775459305,0.2637414388462249,0.2623720217264189,0.25871224012284755,0.2637133756011593,0.266095744613995,0.2662703851871457,0.266246441866485,0.26622186167990564,4.279020661068137e-05,0.007328761469283475,1.6,-650.147579995795,-0.2354603399789568,-0.23547741424112445,-0.23550687649404975,-0.2355503553980185,-0.23561039675973205,-0.23569079077287824,-0.2357970965869001,-0.2359374672473677,-0.2361238991404875,-0.2363738673983207,-0.23671096630175725,-0.2371542689799693,-0.2376192876111247,-0.2369678479166275,-0.22152544848012926,-0.2034575214962864,-0.21848808310568305,-0.22393386651889455,-0.2260717741082825,-0.2268803109832369,1.701679450054211e-06,-0.0013488718759696132,0.0,1739.2994064338193,-0.11420730727138563,-0.11421185266067367,-0.1142196757280658,-0.11423117305739085,-0.11424695410190112,-0.11426790283097432,-0.11429526501601114,-0.1143307546954162,-0.11437662446286367,-0.11443543383189335,-0.11450830474404228,-0.11458560431020005,-0.11459281606806115,-0.11397049678337368,-0.10742208016387167,-0.10240440315909184,-0.10844213431897742,-0.11043357653178988,-0.11118902964003753,-0.11147031286496922,6.5786416705898625e-06,-0.0027287870270241072,1.4,-80.85900943230561,0.010921669915965992,0.010923000005779393,0.010925297678393342,0.01092869449294831,0.010933397418524391,0.01093971755296952,0.010948117621127018,0.010959290573028023,0.01097429015239082,0.01099474280297219,0.011023140179938109,0.011062831860597644,0.011113827616512806,0.011119954151951106,0.010225797600784679,0.008844609738965836,0.009757498346592008,0.01011309873352051,0.010256038784131285,0.010310657636007692,4
2022-06-08 16:46:08.225446500,0.8434017554708002,-1.9918897365835184,0.5934757892932075,0.4810402135999416,0.5774809001454456,0.4536399417404935,0,0,0,0,1,124.61214953271029,-15.497706460612465,42.59629918170475,-1.9888660491480543,0.001045544128430089,-0.2119651876821379,-0.013364841893792648,0.07190279995639573,-0.11113908329168314,-0.03554432269119906,0.05168678270882511,0.11830304102115025,-1.0725540994717229,-0.8383899747449859,0.18061718037318145,-0.04007765465629185,0.2602332871715762,0.43837283669274413,13.110236565428073,-18.175630095929712,40.315905591601904,-4.3602372812125605,0.05454828471704873,-0.215140245155832,-0.02094570833892649,0.10125068812045378,-0.13204181429671627,-0.026141319562455374,-0.016573619407546106,-0.008357951803275865,1.659888363022387,1.1600840471842744,0.2872723699930104,0.28766417919069337,0.24802680909876684,0.6503598434618011,30.4076221506402,3.6236609849391095,1.93462175259608,1.415970900165801,0.04691873262613012,0.015190170214080938,0.008366044058877272,0.04066245542663775,0.012224669934420791,0.05802945562557577,0.08611283206900139,0.05525597966418985,0,0,0,0,1,0,0,0,0,0,0,0,1,1,0.004121804041746105,0.08060547475997391,0.0,41.47609177233496,0.17199291837961406,0.1719870370207155,0.17197683767321206,0.17196166606145535,0.17194047309392868,0.1719116379175656,0.171872655182588,0.17181956556203115,0.17174586384336987,0.17164025358578838,0.1714815974272068,0.17122622949790478,0.17077205877959178,0.16986444245827026,0.16903703193372333,0.17473672292315978,0.17469465167518927,0.17418486183789494,0.17391828526091568,0.17380631722972062,0.0009209640785223717,0.037312831238945236,1.5,-88.17045120631133,-0.16223967969012598,-0.16223579998057325,-0.16222906955192684,-0.16221905257428482,-0.16220504919537504,-0.16218597590409978,-0.16216015324402422,-0.16212491721176914,-0.16207586897198345,-0.16200531742549273,-0.16189872916129078,-0.16172561748694525,-0.16141268836903655,-0.1607626416717607,-0.1599381326952134,-0.1636742440607648,-0.16387933388246645,-0.163604983950699,-0.16345043700659856,-0.16338412712237474,0.00012085702781112195,-0.013166772977281149,0.0,23.74523378207348,-0.014686424488163041,-0.014686371211380944,-0.01468627916697507,-0.01468614306502847,-0.014685954577901228,-0.014685701175908504,-0.014685364196022066,-0.01468491563149854,-0.014684312757889728,-0.014683489278861985,-0.014682342558026362,-0.01468073034988182,-0.014678623692148672,-0.01467813176361199,-0.014712608493407497,-0.014767817806112802,-0.01473237054875165,-0.014718424515688775,-0.014712801384212937,-0.014710649893307863,0.0003321436001700673,-0.02281658940635955,0.0,18.91949297329101,-0.020100028491274013,-0.020100108102864226,-0.02010024680004574,-0.020100454606152732,-0.020100747875915204,-0.02010115249413857,-0.020101709760925623,-0.020102487669891863,-0.020103603964668704,-0.020105277575503618,-0.020107957388366068,-0.020112698569966336,-0.02012252436431228,-0.020148972260502662,-0.020237071238560892,-0.02016647435039387,-0.02010279731956349,-0.02009260756891068,-0.020090337895465386,-0.0200897699824064,0.0002621078800530041,-0.02004433107359641,0.0,22.82386783329171,-0.02135228128209388,-0.021352414215345842,-0.021352645633337275,-0.02135299195219931,-0.021353479888900573,-0.02135415158158227,-0.021355073962738724,-0.02135635661066415,-0.021358187975042298,-0.021360915483619847,-0.02136524396073125,-0.02137280780361173,-0.021388204256414637,-0.0214284757368719,-0.02155445606870088,-0.021434774459931142,-0.021346097481229957,-0.02133377781503509,-0.021331602750239403,-0.021331226830463703,0.01713350731596829,0.16131379205328092,0.0,29.241819418890394,0.26582821738519513,0.2658283555368457,0.265828584953129,0.2658289023603535,0.2658292979893815,0.2658297468951434,0.265830189910778,0.2658304899961734,0.2658303256652027,0.2658289075396191,0.2658241317604456,0.26580960955880306,0.26576151705184065,0.26555657886744,0.2643474597540755,0.2641088410717061,0.265136246482508,0.2654212615368537,0.2655214336131326,0.26555735088739946,4.5696746213665204e-05,0.0076632498531028935,1.6,-644.9185803138021,-0.23828399333515904,-0.2382944828035676,-0.23831266168670595,-0.23833967531184186,-0.23837735491020595,-0.2384285183411592,-0.2384974973078897,-0.2385910870162036,-0.2387203405465517,-0.2389041842772244,-0.2391773067514205,-0.2396090035798011,-0.24035100079306204,-0.2417078296196671,-0.24176135719913816,-0.231474655959655,-0.2327378651591605,-0.2339631506404487,-0.23454730291042655,-0.2347855321725456,1.7701676364956573e-06,-0.001386837962933514,0.0,1741.8352897998025,-0.11542418612984305,-0.11542796551293576,-0.11543451256156345,-0.1154442347114184,-0.1154577821076117,-0.11547615235669186,-0.11550087308044965,-0.1155343280861203,-0.1155803667945321,-0.11564551259533573,-0.11574153449451785,-0.1158913202314551,-0.11614218219871475,-0.11656758904344855,-0.11624228254990497,-0.11250658030365203,-0.11324961387334298,-0.11376767145820565,-0.1140044835923888,-0.11409965472733676,6.989573231580368e-06,-0.0028604886776893053,1.5,-81.10178686078216,0.01108269879886592,0.011083390894109256,0.01108459069821599,0.011086374442391468,0.011088864174202406,0.011092248055528664,0.011096816086161976,0.011103024788990279,0.011111620301331948,0.011123888867964116,0.0111422116493749,0.0111714242609815,0.011222469450498096,0.011320033658231754,0.011367225234501177,0.010692230535743086,0.010739100709892035,0.010810241881113349,0.01084544692438949,0.010859982350394036,4
2022-06-08 16:46:10.975446500,0.7508869667480758,-1.9046563400449887,0.6013539981852616,0.4918145523918117,0.5889219769991334,0.3108781559021113,0,0,0,0,1,138.3194859813084,-15.370101998306156,42.658177925738585,-1.9947914891076328,0.0010514073295628734,-0.20968675321303587,-0.009911188179121148,0.07050145155744549,-0.10890750869486282,-0.023927418182383482,0.04137799182007043,0.12605098717100954,-0.9732103171363232,-0.904292005386124,0.18562163085106712,-0.018392292984926544,0.27745310990940464,0.4602470883613335,16.137273364493492,-17.975438329572924,40.441245002870005,-4.279291449515355,0.054208479135972217,-0.21559163252258454,-0.020732678927613997,0.0991527729043806,-0.13135771250976788,-0.028283854836235026,-0.011883458182478428,-0.0035988566551156155,1.6386583653958045,1.1391219744168324,0.2925548937792367,0.2908948715951713,0.24375626178442225,0.6315484878433709,35.17008095593696,3.527111781393444,1.902983739394156,1.4477835356637783,0.04725043409968917,0.014752559859993181,0.008486711932851327,0.03978900726404988,0.01260343436253845,0.056351282110363436,0.08378762593104501,0.057346723016320676,0,0,0,0,1,0,0,0,0,0,0,0,0,1,0.004909601115080979,0.08785330442200419,0.0,37.68307706641935,0.17219337847471206,0.17219225415574613,0.1721902984539576,0.1721873754207528,0.17218326443454626,0.17217761888772445,0.17216989100936295,0.17215918973850508,0.17214399487131038,0.17212153174874856,0.17208624298049824,0.17202545671442726,0.17190436291122624,0.1715988948314332,0.1707241811161868,0.17175268550236544,0.17234328922705378,0.17240508220410866,0.17240889381678506,0.17240690365632105,0.0009950197309287344,0.03880118112762243,1.5,-84.59394971876588,-0.16242510535195365,-0.16242447653005246,-0.16242338167538506,-0.16242174283169852,-0.16241943306061835,-0.1624162520125445,-0.16241188116064187,-0.16240579843296166,-0.16239710471022886,-0.16238413944498964,-0.1623635264323533,-0.1623274142499782,-0.16225363140270388,-0.16205946670397564,-0.16144362707050686,-0.16200806629410636,-0.16244417254981225,-0.16250687347748238,-0.16251868404994518,-0.16252100169107042,0.00011760726260067637,-0.012969187599407551,0.0,24.068240619140465,-0.014680229962708681,-0.014680202782791254,-0.014680155662319285,-0.01468008560415579,-0.014679987808992713,-0.014679854875893072,-0.014679675394530968,-0.01467943139453376,-0.014679093487363515,-0.014678610967853944,-0.014677889850219894,-0.014676738881840625,-0.014674723550020087,-0.01467085085884712,-0.014668774078502644,-0.014695263361417462,-0.014693609394761609,-0.01469086520971741,-0.014689499724636956,-0.014688934943617837,0.00031738580336811487,-0.022254118594710638,0.0,19.36124412504297,-0.02008263876076444,-0.020082622842375608,-0.02008259544209734,-0.0200825551652839,-0.020082499866918013,-0.020082426431741185,-0.020082330460401643,-0.020082205878942938,-0.020082044651702824,-0.020081837488389098,-0.020081579654579133,-0.02008130258914892,-0.020081259134991203,-0.02008336848913833,-0.020105921323847253,-0.020123461568527845,-0.020102634555576596,-0.020095744796123468,-0.020093128168925084,-0.020092153383069102,0.00025154335998884257,-0.01959880367191883,0.0,23.29295687463989,-0.02132727609339113,-0.0213272580670596,-0.02132722711429724,-0.02132718179501492,-0.02132711993717029,-0.02132703848365369,-0.021326933333998488,-0.021326799328099773,-0.021326630908616414,-0.021326425432711127,-0.021326196960849145,-0.021326036473128918,-0.02132642614314295,-0.021330504717749,-0.021365219986467343,-0.02138586520076113,-0.02135461402872818,-0.021344772608362483,-0.021341108075866092,-0.021339755587794496,0.02568442202644169,0.1945382027609073,0.0,23.388616330888443,0.266057979809295,0.2660585036790266,0.2660594103089309,0.2660607545736702,0.266062623636234,0.2660651503653704,0.2660685363734038,0.26607309232980403,0.2660793110808367,0.2660880062705397,0.2661005859133382,0.26611958578950545,0.2661493120765647,0.2661888480315454,0.266038249776839,0.2655114402541282,0.2657025813463509,0.2657978389705832,0.26583872899254923,0.2658547795815808,4.661997100585344e-05,0.0077662869379846065,1.7,-639.6866713002504,-0.2381978931180271,-0.2382004742107995,-0.23820495855895274,-0.23821164845447385,-0.2382210322787799,-0.2382338725938524,-0.2382513648462101,-0.2382754336530546,-0.2383093194953432,-0.23835883743165096,-0.23843537792672545,-0.23856413221246695,-0.2388112226567589,-0.2393934888904674,-0.240755433957478,-0.23833921917205106,-0.2375231942856626,-0.2375249358429805,-0.23756557554195545,-0.2375876509691244,1.7750486315536553e-06,-0.001392028655518586,0.0,1744.3723546694484,-0.11545892989741445,-0.11545999940221917,-0.11546185653577368,-0.1154646247107678,-0.11546850288659982,-0.11547380080035907,-0.11548100211481938,-0.11549088154229993,-0.11550473485658586,-0.11552486717123145,-0.11555574081346975,-0.11560706000340915,-0.11570362727285045,-0.11592249593079627,-0.11636520396736215,-0.11535364958347573,-0.1151171375045621,-0.11514489051933195,-0.11517102729636974,-0.11518347020711685,6.978066250845372e-06,-0.0028686665528898877,1.5,-81.34473936441742,0.011068685410514869,0.011068838032808335,0.01106910332376998,0.01106949939202373,0.01107005554764928,0.01107081767207685,0.011071857933445006,0.011073293021637287,0.011075320498392438,0.01107829744318245,0.01108293000191507,0.011090800757381336,0.011106148496993871,0.01114341647156003,0.011239359809501082,0.011097800652489552,0.011036673537171192,0.011033351648767287,0.011034576747991355,0.011035464554052077,4
2022-06-08 16:46:13.725446500,0.6583729356288127,-1.8174224947203896,0.6092320574189934,0.5025886396878051,0.6003627058250627,0.16811217063668382,0,0,0,0,1,152.02682242990653,-15.242491344583275,42.72006007366976,-2.0007171888252757,0.0010572705306956577,-0.20740835546851147,-0.006457518208764393,0.06909997080153435,-0.10667587318570526,-0.012310143587394316,0.03106907754650293,0.13379888392811956,-0.8786250536049738,-0.966109385556171,0.19131386454876406,0.0031182338373444696,0.29435511871048176,0.47751943544414605,19.47843662383929,-17.779385707069668,40.56467196996521,-4.19887442010513,0.053771930790061234,-0.21596306048064345,-0.02044549171397989,0.09709323424892086,-0.13062489066812194,-0.030047292314487224,-0.0075963638851819434,0.0012601395865168734,1.6131611964033357,1.1156664152676243,0.298211399490431,0.29355020681685845,0.2395833480568945,0.6145527462987962,40.07731013393875,3.431058813668072,1.8699320046521717,1.4746140845671556,0.047650295421909385,0.014358046868775738,0.008698881339875305,0.03892095245710543,0.013022883098326441,0.054761198684315344,0.08128769550925959,0.059467662636363314,0,0,0,0,1,0,0,0,0,0,0,0,0,1,0.005975323021329092,0.09689662988266652,0.0,33.89003813797562,0.17236845240185386,0.17236852760691598,0.1723686557294859,0.17236884092318716,0.17236908882673774,0.17236940592583316,0.17236979758831916,0.17237026245956974,0.1723707765468423,0.1723712459625213,0.17237135338884255,0.17236998174593646,0.17236251113510534,0.17232298969997772,0.17205595509628469,0.17195940618371866,0.17219188217111936,0.17226009940100562,0.1722847289029001,0.17229368250021054,0.0010800589204096704,0.04049170731806898,1.6,-81.01738571542306,-0.16254718825506842,-0.16254728158748574,-0.16254744195278192,-0.16254767700058534,-0.16254799833397726,-0.1625484224353979,-0.16254897176022576,-0.1625496754129241,-0.1625505670897993,-0.16255167142188442,-0.16255294260049613,-0.16255398652878486,-0.1625525788918285,-0.16253381024957747,-0.16236682150887516,-0.1622610167448304,-0.16241216798464264,-0.16246028853432934,-0.16247828712574353,-0.16248494422771975,0.00011469324778338865,-0.012793211895579852,0.0,24.391240667140146,-0.014680822902088053,-0.014680816998420275,-0.014680806735828169,-0.014680791412511331,-0.0146807698922522,-0.014680740395788929,-0.014680700123122725,-0.014680644544084576,-0.014680565982824191,-0.014680450551669444,-0.01468027075015643,-0.014679964832333468,-0.014679366963624485,-0.014677909230035646,-0.014674110301853284,-0.014679578555586216,-0.014682016307705712,-0.014682164292372455,-0.01468212360877563,-0.014682091641645606,0.0003040629290577734,-0.02173487227914686,0.0,19.802982108262068,-0.020078449691092848,-0.02007843660929653,-0.020078413947291814,-0.020078380294191955,-0.02007833339849885,-0.02007826980509741,-0.020078184222515727,-0.020078068392091808,-0.020077908974237446,-0.02007768335498961,-0.020077350713347486,-0.020076831586373082,-0.020075961358965225,-0.020074481540268474,-0.02007556772081209,-0.020088494926176204,-0.020085956289730755,-0.020084171960692117,-0.02008335531179617,-0.020083026970757308,0.0002420726552381849,-0.01918952545876246,0.0,23.76202745498589,-0.02132078105447066,-0.021320762524862147,-0.02132073043345617,-0.021320682796539536,-0.021320616452151556,-0.021320526556066092,-0.021320405706379275,-0.021320242386761782,-0.021320018076829927,-0.021319701577772854,-0.021319237121621426,-0.021318518006409267,-0.02131733176326656,-0.021315414285255074,-0.0213179225734238,-0.021336315894321944,-0.021331909846826203,-0.02132916691449116,-0.021327936049386157,-0.02132744469311694,0.042991715614348086,0.2444599780614067,0.0,17.535208666800795,0.26608293184376963,0.2660831228117297,0.2660834541487658,0.2660839473996999,0.2660846371832073,0.2660855771441395,0.2660868505334175,0.2660885896182339,0.2660910132674045,0.26609450527622225,0.26609979388670546,0.2661084164329796,0.2661241104437404,0.26615722746656617,0.2662038946612509,0.2660205135661648,0.2660053363882482,0.2660174885676898,0.2660246307232318,0.26602772982524986,4.722450440917757e-05,0.007821489282040017,0.1,-634.4545680133145,-0.23791929201127004,-0.2379193809928708,-0.2379195395265015,-0.2379197852575601,-0.2379201483572828,-0.237920679534426,-0.23792146573284256,-0.23792266244470284,-0.2379245651725288,-0.23792778309535126,-0.2379337165388904,-0.2379461070707407,-0.23797739527178585,-0.2380851437485028,-0.23860816264224735,-0.2385654501146455,-0.2381395800200572,-0.2380338365870731,-0.23799884716561334,-0.2379867093597996,1.767476488396729e-06,-0.001389335471322932,0.0,1746.9095470766931,-0.11536670131408755,-0.11536678743095766,-0.11536693832604784,-0.11536716642692113,-0.1153674923509982,-0.11536794945752148,-0.11536859245759955,-0.11536951446387178,-0.11537088317474795,-0.11537302510477332,-0.11537664695546113,-0.11538352064179945,-0.11539914637351956,-0.11544699642349344,-0.11564677080359333,-0.11557931211874005,-0.1154231448619214,-0.11538890306642102,-0.11537846168379673,-0.11537501666825012,6.909609263050389e-06,-0.002854490296488849,1.6,-81.5876973958218,0.011049270500354423,0.011049269523040195,0.011049268102949485,0.0110492666353057,0.011049265876022396,0.011049267259299,0.01104927355908547,0.011049290336062613,0.01104932933048408,0.011049417176970609,0.011049620657087368,0.011050132945396252,0.011051645918553454,0.01105761137391692,0.011090684578287656,0.011094462950812732,0.011066709507558949,0.0110592438727537,0.011056660953538522,0.01105574252389141,4
2022-06-08 16:46:16.475446500,0.5658566100740043,-1.7301869355143178,0.6171101073540028,0.5133626405473857,0.6118033055444607,0.025345354447169958,0,0,0,0,1,165.7341588785047,-15.114883759369304,42.781941365499776,-2.00664265425643,0.0010631337318284416,-0.2051299492823914,-0.003003856003929794,0.06769852620794597,-0.1044442438754349,-0.0006928129855144577,0.020760037585666014,0.14154675162656852,-0.7887977690117258,-1.0238395710072867,0.19769432476846352,0.024453519010035042,0.3109394590432188,0.490190243059909,23.133726343465447,-17.58747497752114,40.6861858743866,-4.1189852844128545,0.053238639679315816,-0.21625452288103386,-0.02008415974423241,0.09507209669595428,-0.12984334646803633,-0.0314316318950375,-0.0037123121144443725,0.006219004765552094,1.5839761432855672,1.090242834613233,0.3041502507737014,0.2956672553454248,0.23553185965642606,0.600575787271266,45.107774090134036,3.3357393226827856,1.8355614930882975,1.4968110953915883,0.04810544833944322,0.014022755709322876,0.009019261359820584,0.0380604185352928,0.01347971950375215,0.053352482574094855,0.07867794609043484,0.06161013440080156,0,0,0,0,1,0,0,0,0,0,0,0,0,1,0.007427562291362981,0.10792367800612583,0.0,30.09687493025221,0.17241887200270645,0.1724189987869873,0.17241921827904827,0.1724195438953151,0.17241999698147348,0.17242061015326038,0.17242143306446422,0.17242254257920808,0.17242406143221045,0.17242619422857342,0.17242930069091372,0.17243404858248412,0.17244167127457888,0.17245288945306106,0.17242540113757587,0.17229866912369374,0.17233744340474846,0.1723585061392523,0.17236771733524436,0.1723713590840524,0.0011750246027877693,0.04230706033934691,1.6,-77.44073106081595,-0.16257838316851905,-0.16257847394437608,-0.16257863116783078,-0.16257886457342965,-0.16257918968162866,-0.1625796302793776,-0.16258022273180514,-0.16258102365868998,-0.16258212420653972,-0.16258367814199914,-0.162585960950272,-0.16258950186206533,-0.1625953647472187,-0.1626049567965826,-0.16259374606305646,-0.1625037297605081,-0.1625244147673517,-0.16253761286820034,-0.1625435604728811,-0.16254593841080334,0.00011191458826881277,-0.012624765088483586,0.0,24.714240535476065,-0.014681590499796116,-0.014681590572859003,-0.014681590688800927,-0.014681590836006288,-0.014681590991066916,-0.014681591107383653,-0.01468159109110301,-0.01468159074779396,-0.014681589656018512,-0.014681586839170313,-0.014681579806069768,-0.014681561247498197,-0.014681504663049403,-0.014681276335871463,-0.014679985604184376,-0.014679803882478247,-0.01468089136069606,-0.014681186838210012,-0.014681289598300397,-0.014681326240360462,0.00029177548044166364,-0.02124882909459433,0.0,20.244716017191568,-0.020078337041341317,-0.02007833335535225,-0.020078326954741762,-0.020078317413988692,-0.020078304047043805,-0.020078285785782857,-0.020078260962106187,-0.020078226903698537,-0.020078179139988276,-0.020078109715939263,-0.020078003226300437,-0.02007782615160103,-0.02007749274803089,-0.0200767361578732,-0.02007519805763747,-0.020078683272976683,-0.02007950870255626,-0.020079415792090216,-0.020079326656367857,-0.02007928410855148,0.00023335638808507348,-0.018808445960694437,0.0,24.231091889317106,-0.0213204363969135,-0.021320430783303482,-0.021320421037911874,-0.02132040651722189,-0.021320386184789042,-0.021320358429242958,-0.021320320738860143,-0.02132026909981677,-0.02132019681906161,-0.021320092038142,-0.021319931928432508,-0.021319667245913557,-0.021319173789137055,-0.021318076608720867,-0.021316033192689487,-0.021321366522688456,-0.021322373773984268,-0.02132216581889068,-0.021322007206936444,-0.021321934304916,0.08800053060953314,0.3286220538921479,0.0,11.681765706787276,0.26607264383375817,0.2660726723226041,0.2660727219520833,0.2660727963034739,0.2660729012190366,0.2660730459428331,0.2660732452188822,0.2660735233100645,0.2660739222094783,0.2660745199468249,0.2660754763807766,0.2660771668930423,0.2660806655381517,0.2660900625017209,0.2661212228019207,0.2660959287088127,0.2660734475605261,0.26606988245404073,0.2660690982091705,0.2660689048898101,4.789825301361591e-05,0.00787916429142066,1.4,-629.2226421427224,-0.237818830636499,-0.2378186409411853,-0.23781831289344524,-0.2378178270753679,-0.2378171527598667,-0.23781624336387355,-0.23781502874634694,-0.23781340199473175,-0.23781119615641444,-0.2378081422007483,-0.2378037933783865,-0.23779741139024324,-0.2377880732324087,-0.23777924733967384,-0.23786359089650946,-0.23805689225779506,-0.2379627728844991,-0.2379216542924052,-0.2379045689985721,-0.2378979493602036,1.760722158595736e-06,-0.0013864347876105445,0.0,1749.4466862799338,-0.11532795057428302,-0.11532789104504106,-0.11532778820202337,-0.11532763614093255,-0.1153274255686938,-0.1153271425072262,-0.11532676614396566,-0.11532626526598475,-0.11532559229827655,-0.11532467353217155,-0.11532339518885948,-0.11532160091153545,-0.11531926744734733,-0.11531879641422195,-0.1153577462631219,-0.11541947118247008,-0.11537950719417722,-0.11536382950309942,-0.11535751377558512,-0.11535509830804358,6.857106411355608e-06,-0.0028423798354771327,1.6,-81.830642362947,0.011042965925625479,0.011042952292608987,0.011042928703396626,0.011042893738437698,0.011042845145118108,0.011042779494412793,0.0110426915934263,0.011042573462192172,0.011042412491185205,0.01104218798701595,0.011041864492842944,0.011041379397056073,0.011040632585676002,0.011039706819387264,0.011044185763788406,0.011057943019167292,0.011052501098154366,0.011049897731906457,0.011048790825827104,0.01104835795897513,4
2022-06-08 16:46:19.225446500,0.4733393288016307,-1.6429507515955426,0.6249881665436895,0.5241366298807248,0.6232438855812489,-0.11742141898931108,0,0,0,0,1,179.4414953271028,-14.987277900216933,42.843822032237036,-2.0125680065255445,0.0010689969329612256,-0.20285153664821304,0.0004498017764603411,0.06629710711747172,-0.10221262227520092,0.010924507163761796,0.010450959605814112,0.14929461237295424,-0.7037282621333413,-1.0774826515035445,0.20476308559382014,0.045613602204960434,0.327206123067436,0.4982595743437626,27.103142523372,-17.39970606111515,40.805786985595056,-4.0396239118916615,0.052608605803735935,-0.2164660214691016,-0.0196486845218144,0.0930893586196604,-0.12901308066709938,-0.032436880561746755,-0.00023129328089917784,0.011277742900834845,1.5516535354373908,1.0633621533405933,0.3102809990935081,0.2972780169639207,0.23162606674180197,0.5907910132846422,50.241636242772856,3.2413968313034154,1.799963685628832,1.5146579790953931,0.04860270634407985,0.01376232712277452,0.009457190830895709,0.03720956336648007,0.013970250732219096,0.052218782881830385,0.07602508343373995,0.06376609481473022,0,0,0,0,1,0,0,0,0,0,0,0,0,1,0.009492795582644414,0.12170108426462747,0.0,26.30366567519786,0.17242320003047107,0.17242324261607322,0.17242331652149145,0.17242342658366686,0.17242358058244878,0.1724237905903223,0.1724240753776729,0.17242446484055385,0.17242500861246246,0.17242579411620795,0.17242698827761804,0.17242894683329454,0.1724325489165317,0.1724403280248772,0.17245287442501422,0.1724121630941008,0.17240699097225887,0.17240922535650605,0.17241065449557008,0.1724112876147381,0.0012825384490970928,0.04427349024222741,1.7,-73.86404671440664,-0.16257986638678726,-0.16257989345169846,-0.16257994043972435,-0.16258001045808526,-0.16258010851239302,-0.16258024238726732,-0.16258042422193109,-0.16258067342562366,-0.16258102238588298,-0.1625815285390404,-0.1625823025972748,-0.16258358383073854,-0.1625859775929277,-0.16259132387383302,-0.1626014822595503,-0.16257579477991824,-0.16257068248411222,-0.16257161700423886,-0.16257235828662098,-0.16257270146262146,0.00010923061479312356,-0.01246043534081493,0.0,25.03724092391048,-0.014681836199927469,-0.01468183674400514,-0.014681837685512455,-0.014681839081274184,-0.014681841021500388,-0.014681843643610025,-0.014681847155913919,-0.014681851878961871,-0.014681858320296446,-0.01468186731530463,-0.014681880302576222,-0.014681899848075662,-0.01468193018479691,-0.014681969181030374,-0.014681801564152663,-0.014681253477790925,-0.014681461356186863,-0.014681562781260869,-0.01468160610512159,-0.014681623079211531,0.00028026942720623657,-0.0207863140050666,0.0,20.686449491352263,-0.02007865719512747,-0.020078656902190684,-0.020078656388813787,-0.02007865561255473,-0.020078654502975857,-0.02007865294604172,-0.020078650754596472,-0.02007864760985689,-0.020078642937154,-0.020078635616423982,-0.02007862322059789,-0.02007859965626113,-0.020078545980378004,-0.02007838119920835,-0.02007769070930565,-0.020077919244681053,-0.02007845960034188,-0.02007857850737743,-0.02007861486397966,-0.0200786268759304,0.0002251565716988489,-0.01844514903345595,0.0,24.700155545880147,-0.021320866930547574,-0.0213208663641038,-0.021320865374094836,-0.02132086388339216,-0.021320861764911214,-0.021320858814840804,-0.02132085470255296,-0.02132084887258956,-0.021320840339407062,-0.021320827216645636,-0.02132080550016524,-0.021320765372053633,-0.02132067715110786,-0.021320418470280652,-0.021319408824549524,-0.02131987849200445,-0.021320651388780587,-0.02132080896816063,-0.021320854380023683,-0.021320868792906872,0.28785001277966443,0.5011315002907291,0.0,5.828326839686715,0.2660664907369339,0.2660664851881289,0.2660664756382931,0.26606646160367803,0.26606644234100113,0.26606641677245,0.2660663833796741,0.2660663400749905,0.266066284118296,0.2660662124067585,0.2660661236242601,0.26606602968266835,0.2660660220876185,0.266066786441796,0.2660748057679141,0.2660809333786513,0.26607354161485985,0.2660711049036279,0.26607018073432875,0.2660698366662146,4.8640586026821005e-05,0.007942781422911374,1.5,-623.9908018837348,-0.23780410718097755,-0.23780402593698116,-0.23780388503404734,-0.2378036754138222,-0.23780338254675826,-0.2378029839741345,-0.2378024449589517,-0.2378017105570329,-0.2378006903898946,-0.2377992272620517,-0.2377970263512381,-0.23779347639103146,-0.2377871385393835,-0.2377743543826938,-0.23776158611151035,-0.2378402064755516,-0.2378407436249468,-0.2378339990223424,-0.2378304188255793,-0.2378289083823204,1.7553800439577457e-06,-0.0013841406614302865,0.0,1751.98379379455,-0.11532094546379312,-0.115320914911905,-0.1153208619461168,-0.11532078319899595,-0.11532067327790685,-0.11532052386782254,-0.11532032215096423,-0.1153200479432286,-0.1153196682412272,-0.11531912611969375,-0.11531831610673038,-0.11531702372469965,-0.11531476229306747,-0.11531042435803585,-0.11530817223482615,-0.11533795499946108,-0.115336027089171,-0.11533292396157435,-0.11533138274173638,-0.11533074589707405,6.815935151460319e-06,-0.0028330323920790017,1.7,-82.07358178808013,0.011042210219266655,0.011042205015029616,0.011042195986532556,0.011042182548552049,0.011042163761241676,0.011042138169213622,0.011042103515920498,0.011042056220665676,0.011041990367988808,0.011041895607975416,0.011041752363926571,0.011041519508328657,0.011041097901942852,0.011040218830233428,0.011039074283746064,0.011044082622254871,0.011044389933028365,0.011044030481940135,0.011043826118090629,0.011043738210405496,4
2022-06-08 16:46:21.975446500,0.3808218763651983,-1.5557144744312141,0.6328662280672107,0.5349106227484228,0.6346844695839936,-0.2601881039455939,0,0,0,0,1,193.1488317757009,-14.859672427993713,42.905702531840035,-2.018493340658975,0.0010748601340940095,-0.20057312226454047,0.003903458597564458,0.06489569462705845,-0.0999810030988832,0.022541818375169425,0.00014187782164324714,0.1570424729833184,-0.6234165019650221,-1.1270388828176476,0.21252013722059848,0.06659853413190449,0.3431550951157487,0.5017274220652405,31.386685163558912,-17.216078688135905,40.92347546169297,-3.960790330880672,0.0518818291633216,-0.21659755745496945,-0.01913906549605955,0.09114501725931078,-0.12813409375943347,-0.03306304103207346,0.002846694209419976,0.01643635834313761,1.5167240845907577,1.035531756444476,0.31651517454445816,0.2984107844959752,0.22789033341529824,0.5862662182706271,55.46039682899189,3.1482865744336164,1.7632287322591684,1.528385685457158,0.049128709698151384,0.013591104892846576,0.010014798807426796,0.03637061662727194,0.014490538312537488,0.05145003467064476,0.0733986050493002,0.06592808428580937,0,0,0,0,1,0,0,0,0,0,0,0,0,1,0.012592420720467718,0.1394846525427685,0.0,22.510449372670735,0.17242049602354692,0.17242050152354516,0.17242051111524506,0.17242052550899478,0.1724205458676742,0.17242057403999644,0.1724206129923972,0.17242066764290365,0.1724207465808386,0.1724208659427785,0.17242105923453654,0.17242140646476511,0.17242214164805753,0.17242418584321928,0.1724314506559932,0.17242667391363053,0.17242129019214664,0.1724203243190373,0.1724200774404833,0.17242000627230206,0.0014057214354849133,0.046426552826911216,0.1,-70.28735873781987,-0.16257773227832484,-0.16257773487502636,-0.16257773941572573,-0.16257774625814836,-0.1625777559926167,-0.16257776956753436,-0.1625777885250046,-0.1625778154628954,-0.16257785500537006,-0.16257791603609206,-0.16257801749322165,-0.1625782060447063,-0.16257862362810638,-0.1625798601433326,-0.16258476369918218,-0.16258263409085916,-0.1625788611214951,-0.16257807759953713,-0.16257784839041678,-0.1625777748584497,0.00010663901785054051,-0.012299989450927407,0.0,25.36024152858266,-0.014681865403372463,-0.014681865624395662,-0.014681866007848487,-0.01468186657860171,-0.014681867376606041,-0.014681868463735759,-0.014681869935948557,-0.014681871945541937,-0.014681874744231329,-0.01468187877264704,-0.01468188486484534,-0.014681894775041116,-0.0146819127401302,-0.014681950302752322,-0.014682000153542154,-0.014681787554972403,-0.014681773464841119,-0.014681788453130062,-0.014681797040032809,-0.01468180074007136,0.0002694416517438649,-0.020343570218550763,0.0,21.128183151215197,-0.02007879069996976,-0.020078790903858,-0.020078791256100903,-0.020078791776921182,-0.02007879249816069,-0.020078793467709355,-0.020078794756882342,-0.02007879647264621,-0.020078798778064174,-0.02007880192588052,-0.0200788063064658,-0.02007881245726595,-0.020078820464987383,-0.020078822137120426,-0.02007868905859822,-0.020078477675749,-0.020078614282855844,-0.02007866790516921,-0.020078689515587108,-0.020078697778588558,0.0002173887184100269,-0.01809577962414598,0.0,25.169219435139986,-0.02132106338961348,-0.02132106365585873,-0.02132106411550927,-0.021321064794385558,-0.021321065732972988,-0.0213210669918138,-0.021321068660294703,-0.02132107087080404,-0.02132107382125592,-0.02132107780827264,-0.02132108325921656,-0.02132109064104004,-0.0213210992358146,-0.021321094251255838,-0.021320881541688763,-0.021320602196361227,-0.021320813102374325,-0.021320891775767348,-0.021320922969131902,-0.021320934813467474,2.9982785396565967,1.054979024808494,1.6,-0.025107376272719528,0.2660650002000314,0.2660649955742758,0.2660649875610727,0.2660649756617832,0.2660649590807413,0.2660649365970672,0.2660649063412913,0.2660648653962629,0.266064809051528,0.2660647293250961,0.26606461181797625,0.2660644285328566,0.26606412161856663,0.2660636014323692,0.2660640022396236,0.2660685747595572,0.2660676631136112,0.26606702845047475,0.2660667384024164,0.2660666218461033,4.941671826158594e-05,0.008009274937111191,1.5,-618.7589793788676,-0.2378071239290307,-0.23780710879736944,-0.23780708247215895,-0.23780704311572265,-0.2378069877439444,-0.2378069116649613,-0.23780680745582214,-0.2378066630250544,-0.2378064577092278,-0.23780615371069305,-0.23780567511786546,-0.2378048481963351,-0.2378031931712563,-0.2377989846699382,-0.23778668374664136,-0.2378004807778762,-0.2378088710872497,-0.23780982020849886,-0.2378099118599621,-0.23780989942904365,1.7505275348794486e-06,-0.0013821032313415796,0.0,1754.5208936549677,-0.11532159286502976,-0.1153215862224215,-0.11532157467559045,-0.11532155743611837,-0.1153215332266342,-0.11532150004840958,-0.11532145475609926,-0.11532139226268613,-0.11532130395309535,-0.11532117424930274,-0.1153209723229054,-0.11532062903798135,-0.11531995899972712,-0.11531832900269735,-0.11531410977436707,-0.11532026734957412,-0.11532296383966667,-0.11532311833313005,-0.11532306818042315,-0.1153230304031867,6.777994102902119e-06,-0.002824609322008193,2.0,-82.31652020279101,0.011042463589244987,0.011042462711072787,0.011042461182209529,0.011042458894037209,0.011042455669783456,0.01104245123051495,0.011042445133064849,0.011042436651543142,0.011042424536938043,0.011042406484957912,0.011042377817087834,0.011042327671872744,0.011042225453606893,0.011041957456285887,0.011041114606433757,0.011041904326307694,0.011042499006947759,0.011042582757734731,0.011042597932982012,0.01104260071004115,4
2022-06-08 16:46:24.725446500,0.2883044510545364,-1.4684782113561945,0.6407442821249784,0.5456846188089449,0.6461250572450645,-0.4029547589334804,0,0,0,0,1,206.85616822429904,-14.732066893811258,42.96758299924226,-2.0244186995496194,0.001080723335226794,-0.19829470769685728,0.007357115833084174,0.06349428188817681,-0.09774938387972187,0.03415912702951005,-0.01016720163935295,0.16479033410662014,-0.5478624939620464,-1.1725083562448926,0.22096546940889605,0.0874083309930442,0.3587863697995293,0.5005937779386932,35.9843542640262,-17.03659276095173,41.039251340512976,-3.8824845637199767,0.0510583097580728,-0.21664913115585024,-0.018555302322637943,0.0892390716858808,-0.12720638587037664,-0.03331011375230293,0.005521650141627676,0.021694852429044675,1.479706846507481,1.0072616577232507,0.3227665530076058,0.29909077860752176,0.2243489212906474,0.5878698026007476,60.74661676907203,3.0566770587855405,1.725445938966668,1.5381820099833434,0.04967002915600949,0.013521147968589829,0.010688252528527491,0.035545886436333295,0.01503652082567909,0.05112644740368799,0.07087137814042968,0.06808914993683089,0,0,0,0,1,0,0,0,0,0,0,0,0,1,0.01757872492575555,0.16335276064425305,0.0,18.717234342617427,0.17241907433657566,0.17241907286516245,0.17241907032968418,0.17241906659620687,0.17241906145718922,0.17241905460769869,0.1724190456092991,0.17241903383858634,0.17241901842504676,0.17241899822587425,0.1724189721031098,0.1724189409659418,0.17241892112350485,0.17241905516433365,0.17242080895123396,0.17242240207489895,0.17242075337185292,0.172420190053165,0.1724199734810196,0.17241989234190291,0.0015480460816912046,0.04879952077434165,1.3,-66.71067193205296,-0.16257677568843576,-0.16257677430827402,-0.16257677192476372,-0.1625767684026247,-0.16257676352935135,-0.1625767569862786,-0.16257674830101146,-0.1625767367696178,-0.162576721329855,-0.16257670036330962,-0.16257667145538734,-0.1625766316172801,-0.16257658256159746,-0.16257659106600242,-0.1625775995791947,-0.16257903965548448,-0.16257802496825444,-0.16257763804891856,-0.16257748355431034,-0.1625774247052647,0.00010413902583341016,-0.012143513010339248,0.0,25.68324216724497,-0.01468186067554811,-0.014681860753042118,-0.01468186088748036,-0.01468186108757674,-0.014681861367318303,-0.014681861748372825,-0.014681862264330325,-0.01468186296847973,-0.0146818639488544,-0.014681865359447266,-0.014681867491517562,-0.014681870956654741,-0.014681877227977647,-0.014681890293536837,-0.014681907203203169,-0.014681832608989363,-0.014681828149409881,-0.014681833528213397,-0.014681836585319909,-0.014681837896626746,0.0002592375642909513,-0.019919130009096408,0.0,21.56991692153564,-0.020078813552518504,-0.020078813656514427,-0.020078813836866383,-0.02007881410514667,-0.020078814479916,-0.020078814989849203,-0.02007881567927761,-0.020078816618272374,-0.02007881792198041,-0.02007881979041604,-0.02007882259801991,-0.020078827118725,-0.020078835164518083,-0.020078851271324586,-0.02007886621685206,-0.02007876545311216,-0.020078765939551716,-0.02007877488385168,-0.02007877957522036,-0.02007878154694756,0.00021001959466428397,-0.017759213156428283,0.0,25.638283482602528,-0.021321101337457904,-0.02132110149146138,-0.0213211017584416,-0.02132110215536276,-0.021321102709397573,-0.021321103462429655,-0.021321104479026687,-0.021321105860834463,-0.02132110777402274,-0.021321110505074903,-0.02132111458465391,-0.021321121090857653,-0.021321132466120885,-0.021321154241012,-0.021321165092554103,-0.021321014922044967,-0.021321025062239096,-0.021321040812165903,-0.021321048620778105,-0.021321051848487538,0.28380165945983954,-10.026819064705997,1.7,-5.878540146131503,0.266064956540338,0.2660649552282186,0.2660649529498393,0.2660649495538625,0.26606494479633186,0.2660649382974934,0.2660649294644281,0.266064917347579,0.2660649003590876,0.2660648756750563,0.2660648378310461,0.2660647749504857,0.2660646567069292,0.2660643890731764,0.26606385074066985,0.2660650921750388,0.2660653783235414,0.2660653432087076,0.2660653107760104,0.26606529538091106,5.0213430792053114e-05,0.008077161241135005,1.6,-613.5271562806745,-0.23780953095507584,-0.2378095318064695,-0.23780953325261575,-0.23780953533265856,-0.2378095380957461,-0.2378095415885895,-0.23780954582176506,-0.2378095506821225,-0.23780955569666065,-0.2378095593546448,-0.23780955695802675,-0.23780953271046454,-0.23780942316717105,-0.2378088796038149,-0.2378053345154285,-0.2378041969499467,-0.23780726499689564,-0.2378081532600511,-0.23780847193087595,-0.23780858748851766,1.7457563749368096e-06,-0.001380116522855669,0.0,1757.057993294946,-0.1153224551503058,-0.11532245543776297,-0.11532245592462688,-0.11532245662147035,-0.11532245753991788,-0.11532245868710335,-0.1153224600495264,-0.11532246155645964,-0.11532246298157388,-0.1153224636640715,-0.11532246164892967,-0.11532245055701296,-0.11532240522948455,-0.11532218966147667,-0.11532081842663901,-0.11532041939490513,-0.11532160103881495,-0.11532193977607365,-0.1153220605166716,-0.11532210427743815,6.740550832531612e-06,-0.002816341414312027,0.1,-82.55945872019291,0.011042613137211887,0.0110426131268051,0.011042613107206556,0.011042613074415895,0.011042613021344572,0.011042612935514562,0.011042612794518902,0.011042612556306342,0.011042612137081909,0.0110426113562232,0.01104260978023297,0.011042606202166459,0.011042596446851904,0.011042560373457187,0.011042371760534577,0.011042365886892558,0.011042522181551995,0.011042562872477736,0.011042576698331752,0.011042581570148924,4
2022-06-08 16:46:27.475446500,0.19578709951448134,-1.3812419445038449,0.6486223230442255,0.5564586137856435,0.6575656434453859,-0.5457214097776955,0,0,0,0,1,220.56350467289718,-14.604461201871574,43.02946336240346,-2.0303441058205087,0.001086586536359578,-0.19601629272830168,0.010810774181700344,0.06209286746119585,-0.09551776331854864,0.04577643573492763,-0.02047627777001976,0.1725381948795837,-0.4770662428824561,-1.2138910849246052,0.2300990790305281,0.10804299465998572,0.3740999463896546,0.4948586393818522,40.89614982477386,-16.86124826504425,41.15311462287558,-3.804706616646015,0.05013804758798955,-0.21662074258907768,-0.017897394915007803,0.0873715217780275,-0.12622995700442852,-0.03317809865908431,0.007793574296146412,0.02705322529799992,1.4411162202924668,0.979068317726818,0.3289511049393853,0.2993405707181898,0.22102579265371866,0.5961817148446983,66.083701276488,2.9668507096700028,1.6867040942335625,1.5441984217180538,0.05021322843167406,0.013561248450217998,0.011469590341070129,0.034737758204607415,0.015604106522437444,0.05131151795546099,0.06851959582692849,0.0702427684403225,0,0,0,0,1,0,0,0,0,0,0,0,0,1,0.026418614445838297,0.19707805803213732,0.0,14.924020444679401,0.17241878727433058,0.17241878651538767,0.1724187852000263,0.17241878324524573,0.17241878051831505,0.17241877681491755,0.17241877182082174,0.17241876504278209,0.1724187556777836,0.172418742349138,0.1724187225289955,0.17241869115218503,0.17241863705896274,0.1724185373188244,0.17241852492184645,0.17241926846493316,0.17241918419014146,0.1724190974322699,0.17241905581981493,0.17241903881522608,0.001713769035111307,0.051428539047516236,1.5,-63.13398588523317,-0.16257657951398394,-0.16257657865455855,-0.16257657716510288,-0.16257657495170896,-0.16257657186423913,-0.16257656767164708,-0.16257656201866674,-0.1625765543478659,-0.1625765437522475,-0.16257652867799588,-0.1625765062753317,-0.1625764708443791,-0.16257640987659294,-0.16257629803747764,-0.16257628999674067,-0.1625771324961991,-0.16257703205421525,-0.16257693247171212,-0.1625768848868192,-0.16257686547147224,0.00010172747379008522,-0.011990952108008629,0.0,26.006242789737023,-0.014681872137851215,-0.014681872132326744,-0.014681872121888873,-0.014681872104352012,-0.014681872075827497,-0.014681872029479237,-0.014681871952993975,-0.014681871823260416,-0.01468187159415546,-0.014681871166117409,-0.014681870299967481,-0.014681868329287973,-0.01468186294684759,-0.014681843011226438,-0.014681738616672768,-0.014681735130414488,-0.01468182166425569,-0.014681844214118443,-0.014681851885491816,-0.014681854587916819,0.00024961208462118215,-0.0195119699691008,0.0,22.011650718549475,-0.02007880972752396,-0.020078809779865647,-0.020078809870879063,-0.02007881000683009,-0.020078810197877276,-0.020078810459948082,-0.020078810818153325,-0.02007881131321798,-0.020078812014347136,-0.020078813047239463,-0.02007881466204514,-0.020078817424199646,-0.020078822867679813,-0.020078836341916092,-0.02007887300962685,-0.020078824783312355,-0.020078800672474303,-0.020078798698496325,-0.020078798831503986,-0.020078799033648648,0.0002030245492877931,-0.01743485286116339,0.0,26.107347570610944,-0.02132109874725785,-0.02132109881244082,-0.02132109892570222,-0.021321099094705698,-0.021321099331833127,-0.02132109965643214,-0.021321100098855128,-0.021321100708044938,-0.0213211015665018,-0.021321102822613455,-0.021321104767706656,-0.021321108048563242,-0.02132111437246942,-0.021321129400490912,-0.021321165547909197,-0.021321104679608568,-0.02132108260419641,-0.021321082260328472,-0.021321083152956662,-0.02132108366121266,0.08733622225405062,-0.8715724120229466,0.1,-11.7319727601496,0.266065068034538,0.2660650679383627,0.266065067769764,0.2660650675147238,0.26606506714995737,0.2660650666377269,0.2660650659160447,0.2660650648791765,0.266065063336253,0.2660650609146322,0.2660650568053826,0.26606504897351513,0.2660650310779317,0.26606497592691675,0.2660647435199449,0.2660648180634716,0.2660650002429227,0.26606504054901325,0.26606505292193394,0.2660650570194352,5.1029083616170786e-05,0.008146152039810294,1.7,-608.2953313177152,-0.23781006824287945,-0.2378100698591865,-0.2378100726646153,-0.2378100768434521,-0.237810082692306,-0.23781009067174,-0.23781010149871665,-0.23781011631663415,-0.23781013702754805,-0.23781016698955426,-0.23781021263740246,-0.23781028775484006,-0.237810426712608,-0.2378107305915318,-0.2378112536422119,-0.2378097125264045,-0.23780947694130994,-0.23780955140832735,-0.23780960200205925,-0.2378096248071797,1.7409883611040126e-06,-0.001378130754447699,0.0,1759.5950934559912,-0.11532279444810455,-0.11532279578605653,-0.11532279810265322,-0.11532280153946314,-0.11532280632202685,-0.11532281279508537,-0.11532282148401407,-0.11532283320163116,-0.11532284924739145,-0.11532287179043264,-0.11532290464839436,-0.11532295493679,-0.11532303590662707,-0.11532315625784405,-0.11532287682611295,-0.11532154052818555,-0.1153219406745265,-0.11532216051091734,-0.11532225668690188,-0.1153222949494106,6.7032450830498765e-06,-0.00280809070158216,1.5,-82.80239739832528,0.011042601692841993,0.011042601748782131,0.011042601848126663,0.011042602001428923,0.011042602226604359,0.011042602553646752,0.011042603033651677,0.011042603757461134,0.011042604896567054,0.011042606802208256,0.011042610276427832,0.011042617448581815,0.011042635350198228,0.011042696282757893,0.011042988128233677,0.011042958146260771,0.0110427212720432,0.011042663015573106,0.011042643838211852,0.01104263721008547,4
2022-06-08 16:46:30.225446500,0.10326986993441596,-1.29400564417277,0.656500401830134,0.5672325896239646,0.6690062127298629,-0.6884880537474368,0,0,0,0,1,234.2708411214953,-14.476855720579822,43.0913434651599,-2.036269437086119,0.0010924497374923622,-0.19373787624056926,0.01426443217496129,0.06069145465289884,-0.09328614086910808,0.05739374588896706,-0.03078534914561785,0.180286053412577,-0.41102774998814,-1.251187065982828,0.23992096579672798,0.128502524433111,0.3890958250560446,0.4845220061210884,46.1220718458019,-16.690045203464987,41.265065305564825,-3.727456490068109,0.049121042653071836,-0.21651239173235856,-0.017165343269843456,0.08554236757101462,-0.12520480715071766,-0.03266699568790505,0.009662466610801588,0.032511476885836166,1.4014680569126652,0.9514764529954979,0.3349867283364109,0.29918043002369304,0.2179443668355321,0.6114377327825234,71.4557259358483,2.879104331603733,1.6470918870351994,1.5465550158857242,0.05074488733080351,0.013716181042867795,0.012348555657316795,0.033948691994812326,0.016189238233227626,0.052045794182820126,0.06642181499222978,0.07238277720151233,0,0,0,0,1,0,0,0,0,0,0,0,0,1,0.044596062840663316,0.24835357149561885,0.0,11.130806953744312,0.17241890723370168,0.17241890724672304,0.1724189072629978,0.17241890727240514,0.17241890725591347,0.17241890717800326,0.17241890697098528,0.17241890650086802,0.17241890548772482,0.17241890330203594,0.1724188983768999,0.1724188862078031,0.172418850748383,0.17241871234973385,0.17241795178151784,0.17241787416592713,0.17241851122040394,0.17241868178898284,0.17241874065724982,0.17241876156119335,0.001908377461469895,0.054357149028693166,1.4,-59.55730000377268,-0.16257654872834948,-0.16257654848260028,-0.1625765480578183,-0.16257654742922956,-0.16257654655772225,-0.16257654538422495,-0.16257654382026446,-0.16257654173199598,-0.1625765389127567,-0.1625765350354058,-0.16257652957393165,-0.16257652172211026,-0.16257651081620714,-0.16257650396993273,-0.16257663814879966,-0.16257689069872994,-0.16257674795228927,-0.16257668914543744,-0.16257666510512547,-0.16257665584821732,9.940034531617622e-05,-0.011842195849711936,0.0,26.3292434090688,-0.014681886615456554,-0.014681886083289353,-0.014681885158366104,-0.014681883777731832,-0.014681881839538224,-0.014681879184428759,-0.014681875561956216,-0.014681870567551103,-0.014681863517109872,-0.014681853176140347,-0.014681837108526996,-0.014681809870504268,-0.014681756945294387,-0.014681629269117646,-0.014681307065293803,-0.014681801708158247,-0.014682004543567053,-0.014682013387754322,-0.014682008171510885,-0.014682004744112687,0.00024052289029571222,-0.019121102345569237,0.0,22.45338450781351,-0.02007881370087272,-0.02007881384991661,-0.02007881410840984,-0.020078814492975102,-0.02007881503028086,-0.020078815761549903,-0.020078816750547682,-0.020078818098154816,-0.020078819970346662,-0.020078822655847373,-0.020078826696472873,-0.0200788332162144,-0.020078844863925416,-0.020078868396518627,-0.02007889225469739,-0.02007874806489951,-0.020078746715735896,-0.02007875898968564,-0.02007876552430385,-0.020078768283212037,0.00019637961018507627,-0.017122106705620758,0.0,26.576411652482605,-0.021321102340997374,-0.02132110246160712,-0.02132110267070164,-0.021321102981576526,-0.021321103415524068,-0.02132110400536491,-0.021321104801713453,-0.02132110588426972,-0.02132110738334314,-0.021321109523707027,-0.021321112721873314,-0.02132111782498025,-0.021321126755813657,-0.02132114389348283,-0.02132115285498504,-0.02132103528912588,-0.021321042839645088,-0.02132105507442017,-0.021321061152794085,-0.02132106366246625,0.042768718273765306,-0.4555870700570835,1.4,-17.58540543634712,0.2660651170305561,0.2660651171751507,0.26606511742551003,0.26606511779699193,0.2660651183140543,0.266065119014093,0.2660651199541052,0.26606512122249903,0.26606512296074464,0.26606512540556115,0.2660651289754766,0.2660651344555627,0.26606514333611475,0.2660651568502192,0.2660651294082834,0.2660649852079191,0.2660650261631873,0.2660650493154361,0.2660650595229425,0.2660650635700019,5.186468386936702e-05,0.008216281235392425,1.8,-603.0635056881031,-0.2378099395286739,-0.23780994389745305,-0.23780995149274986,-0.23780996283552724,-0.23780997876957602,-0.2378100006170385,-0.2378100304601673,-0.2378100716713121,-0.23781012997182135,-0.2378102157300148,-0.2378103495231354,-0.2378105776863002,-0.23781102521013864,-0.2378121235820636,-0.2378150414675701,-0.2378110039222676,-0.23780911097913734,-0.23780897774213905,-0.2378089996780064,-0.2378090204996477,1.7362284358321285e-06,-0.0013761440900264851,0.0,1762.1321936602953,-0.11532309003348472,-0.11532309103463945,-0.11532309275892773,-0.11532309529641792,-0.11532309878539593,-0.11532310342914798,-0.11532310951710655,-0.11532311745705215,-0.11532312780682474,-0.1153231412662592,-0.11532315842245565,-0.11532317811887792,-0.1153231873530629,-0.1153230797499134,-0.11532179731071325,-0.11532070585897712,-0.1153219020016394,-0.1153223052693484,-0.11532245915736895,-0.11532251693590555,6.666170316986967e-06,-0.0027998557979963005,1.5,-83.04533613010186,0.01104253700760438,0.011042538364055332,0.011042540722979943,0.011042544247349184,0.011042549201438769,0.011042555999901005,0.011042565297076923,0.011042578155221694,0.011042596382084158,0.011042623266650951,0.011042665369283888,0.011042737566894,0.011042880401160415,0.011043236379826292,0.011044223499085959,0.011042976826501237,0.011042321263045052,0.011042261864436352,0.011042262478897393,0.011042266730245498,4
2022-06-08 16:46:32.975446500,0.010752551049705584,-1.2067693934373718,0.664378800807013,0.5780064990570669,0.6804467332367212,-0.8312546627977921,0,0,0,0,1,247.97817757009344,-14.34925267619326,43.153223705241956,-2.042193911326113,0.0010983129386251463,-0.1914594585845034,0.017718076578352875,0.05929006439181636,-0.09105452451806992,0.06901105892626601,-0.041094426788706916,0.18803390837654588,-0.3497470154305048,-1.2843962972076857,0.25043113016102564,0.1487869198173134,0.4037740058825488,0.4695838783076006,51.66212032711031,-16.522983580890845,41.37510338737313,-3.6507341828184123,0.04800729495331967,-0.21632407857439007,-0.016359147405776122,0.08375160910971488,-0.12413093631010988,-0.03177680481664106,0.011128327075110064,0.03806960715220994,1.3612848511425606,0.9250183168891644,0.34079281567442904,0.2986286148099533,0.21512722998750092,0.6335272793867203,76.84729351242089,2.7937493228201093,1.6066983896760665,1.5453440327021868,0.0512515882709592,0.013986383570078286,0.013314053144816113,0.0331812180635752,0.01678793486933936,0.053343339745885315,0.06465676322445515,0.07450331340015744,0,0,0,0,1,0,0,0,0,0,0,0,0,1,0.09291970287525153,0.3356946643998568,0.0,7.337593562969978,0.17241912629514178,0.1724191238403074,0.17241911956713796,0.17241911317312475,0.17241910416607936,0.1724190917700208,0.17241907475299326,0.1724190510993741,0.17241901734546122,0.17241896711174573,0.17241888747202272,0.17241874849976407,0.1724184662022023,0.17241773031382074,0.17241544618237697,0.17241765990795793,0.17241926213188802,0.17241948023337322,0.17241951716636714,0.17241952296177565,0.002139095086121917,0.057639466920320764,1.9,-55.98061411469248,-0.16257651052129773,-0.16257651149680008,-0.16257651319351396,-0.16257651572917453,-0.16257651929476413,-0.16257652419023616,-0.16257653088939206,-0.16257654016250056,-0.16257655332270327,-0.16257657276429294,-0.16257660327690804,-0.16257665576342514,-0.16257676010100575,-0.16257702233437654,-0.162577766051337,-0.16257687238462082,-0.16257637266627878,-0.1625763224389658,-0.16257632029047409,-0.16257632243418835,9.715367351725717e-05,-0.01169718940047993,0.0,26.652244177168196,-0.014681751902385187,-0.01468174955059931,-0.014681745473761332,-0.014681739413166197,-0.014681730954702044,-0.014681719460096774,-0.01468170394601076,-0.014681682865239631,-0.014681653690780784,-0.014681612070640225,-0.014681549959677853,-0.014681451057988903,-0.014681278647334928,-0.014680951138982934,-0.014680812617878904,-0.014683108159035174,-0.014682930644824952,-0.014682684049000527,-0.014682562749186112,-0.014682512765771457,0.00023193067642893428,-0.018745565175412413,0.0,22.895118253538147,-0.020078861239756662,-0.0200788615650227,-0.020078862127328456,-0.020078862959624025,-0.0200788641139511,-0.02007886566901207,-0.020078867742875702,-0.02007887051457624,-0.02007887426152521,-0.02007887942538855,-0.020078886723672917,-0.020078897284105782,-0.020078912200400808,-0.020078923115626982,-0.02007875558675476,-0.020078422182542632,-0.020078602704797218,-0.02007867830431209,-0.02007870935018069,-0.020078721321421942,0.0001900618105319517,-0.016820369849725045,0.0,27.045475698482022,-0.021321141813740674,-0.02132114201008051,-0.021321142348913025,-0.021321142849029858,-0.02132114353983483,-0.021321144465146658,-0.021321145689324302,-0.021321147306968102,-0.021321149457771527,-0.021321152346595262,-0.02132115625430409,-0.021321161427585226,-0.021321166991496002,-0.02132116033374809,-0.02132098728960885,-0.02132077990036096,-0.021320948961040087,-0.021321010578407015,-0.021321034815846133,-0.021321043993934072,0.025597210249505988,-0.3083955394802069,1.4,-23.438838131187172,0.2660651473390203,0.2660651475861657,0.2660651480140963,0.2660651486490755,0.26606514953292226,0.26606515072959724,0.2660651523366188,0.2660651545052149,0.2660651574775168,0.2660651616587738,0.2660651677660676,0.2660651771460565,0.2660651923623347,0.26606521560491897,0.2660651694836519,0.2660649230727228,0.2660649924210348,0.2660650318261349,0.2660650492116703,0.266065056106403,5.272126171506432e-05,0.00828758122353363,1.6,-597.8316810510805,-0.23781080725682105,-0.2378108261537477,-0.2378108589214065,-0.2378109076563675,-0.23781097571900034,-0.2378110682982104,-0.23781119340813106,-0.237811363700942,-0.23781159993493264,-0.2378119380883135,-0.2378124452922439,-0.2378132596114089,-0.2378147011681353,-0.2378175491840171,-0.2378198376162768,-0.23780149279073906,-0.2378019371814641,-0.2378036573915203,-0.2378045422375425,-0.237804911954985,1.7314851541701539e-06,-0.0013741626220011242,0.0,1764.6692937144917,-0.11532353389739568,-0.11532352895454777,-0.11532352034748786,-0.1153235074627048,-0.11532348929974034,-0.11532346427958373,-0.1153234298904664,-0.11532338201395476,-0.11532331355002155,-0.11532321137826075,-0.11532304878437573,-0.1153227635640377,-0.11532217969443083,-0.11532063846048855,-0.11531571628218985,-0.11532014623551134,-0.11532364223177892,-0.11532415317838485,-0.11532425208293515,-0.11532427262155308,6.629389827464795e-06,-0.0027915761824869657,1.5,-83.2882744878885,0.011042847621341778,0.011042854280026049,0.011042865826475179,0.011042882999715786,0.011042906984355838,0.011042939609708924,0.011042983701419208,0.01104304372107734,0.01104312699018517,0.01104324620162167,0.011043425048251398,0.011043712288327791,0.011044221104159702,0.011045227957021451,0.011046052207476896,0.011039589598612398,0.011039731247002084,0.011040333413377734,0.01104064382590175,0.011040773632697731,4
2022-06-08 16:46:35.725446500,-0.08176649587945688,-1.1195337969872745,0.6722581912130389,0.5887803331909381,0.6918872319797635,-0.9740212040743348,0,0,0,0,1,261.68551401869155,-14.221657936032233,43.21510760946929,-2.0481154351098545,0.0011041761397579304,-0.18918105375694874,0.02117166481084196,0.057888753933175226,-0.08882295644210775,0.08062836943961313,-0.05140358437644997,0.1957817736827593,-0.2932240407370961,-1.3135187785906155,0.26162957324469405,0.16889618060933714,0.4181344888644277,0.4500442560875975,57.5162952686991,-16.36006340656538,41.483228871456475,-3.574539691674873,0.04679680448873304,-0.21605580312434836,-0.01547880738221489,0.08199924648236777,-0.12300834452818735,-0.0305075260444823,0.012191155617275464,0.04372761609629195,1.3210998765719686,0.9002297010267816,0.34628968537088023,0.29770161340217266,0.21259580648849066,0.6620445486173053,82.24341327254072,2.7111114555375595,1.5656135808937106,1.5406322445979372,0.051719868807316965,0.014368156385351822,0.014355113908209285,0.03243792947762788,0.017396314242257856,0.055192112250019465,0.06329971765827988,0.07659875959151517,0,0,0,0,1,0,0,0,0,0,0,0,0,1,0.3194743503697081,0.5177941047929074,0.0,3.5443794492566734,0.17241861935623587,0.17241860507266976,0.17241858029623347,0.17241854342669855,0.17241849189546746,0.17241842172809999,0.17241832676887742,0.17241819726336124,0.17241801712680987,0.172417758288328,0.1724173678449259,0.17241673527682866,0.17241559682792762,0.17241325610517558,0.17241050561798493,0.17242428480760685,0.17242480173576558,0.1724237283412306,0.17242313757289884,0.1724228857230829,0.002415586787805898,0.06134355722609845,1.6,-52.40392849340218,-0.16257674109258602,-0.16257674631119556,-0.16257675536151428,-0.16257676882463068,-0.16257678763240913,-0.16257681322488834,-0.16257684782852833,-0.16257689496314898,-0.16257696041468472,-0.1625770542372289,-0.1625771952616205,-0.16257742244830298,-0.16257782714435576,-0.1625786390466175,-0.16257940885046085,-0.16257435447053292,-0.16257436203403908,-0.16257480646113542,-0.16257504027138192,-0.16257513866004955,9.498375965442702e-05,-0.011555975327782941,0.0,26.975245596275087,-0.01468096610045144,-0.01468096168721278,-0.014680954064636875,-0.014680942798229069,-0.014680927205001469,-0.014680906259561418,-0.014680878439391032,-0.014680841470228743,-0.014680791907178747,-0.014680724468081885,-0.014680631167610538,-0.014680501695893132,-0.014680338863949259,-0.014680343071075684,-0.014683443094622441,-0.014688037219490857,-0.014684896969707316,-0.014683687484757681,-0.0146832030268238,-0.014683018189915216,0.000223799491439842,-0.01838447738344112,0.0,23.33685191042642,-0.02007899736653496,-0.020078997106709462,-0.020078996648422283,-0.02007899594864604,-0.020078994934959567,-0.020078993488008345,-0.02007899140769387,-0.02007898834480581,-0.02007898365258176,-0.020078976032839143,-0.020078962581505436,-0.02007893575171915,-0.02007887116544893,-0.020078659637440488,-0.0200776922301168,-0.02007786467410577,-0.02007864051474073,-0.02007882487083956,-0.02007888424876836,-0.020078904522207508,0.00018404980715090776,-0.016529084441470648,0.0,27.51453969073297,-0.021321234784929644,-0.021321234291258758,-0.02132123342914971,-0.02132123213268544,-0.021321230293514848,-0.0213212277384196,-0.021321224187504262,-0.0213212191727542,-0.021321211868418958,-0.021321200704225832,-0.02132118237236147,-0.02132114883478231,-0.02132107605739708,-0.021320866434683228,-0.02132007242721901,-0.02132048907556361,-0.021321090891974426,-0.02132120913147212,-0.021321242139691558,-0.02132125237163128,0.01713812410562224,-0.2330888921900171,1.0,-29.29227077817121,0.2660652254276399,0.2660652255444371,0.2660652257431577,0.2660652260297742,0.2660652264121559,0.2660652268987613,0.26606522749489114,0.2660652281925365,0.2660652289422435,0.2660652295711138,0.26606522951953193,0.26606522686207845,0.26606521375008285,0.2660651465575248,0.2660647002722263,0.2660645476363428,0.2660649350579589,0.266065048014852,0.26606508868099243,0.2660651034400588,5.359963296736242e-05,0.008360022372059293,1.6,-592.5998616646641,-0.2378169278797202,-0.2378169682515363,-0.2378170380369227,-0.2378171413114103,-0.2378172845090134,-0.23781747735045045,-0.2378177344017658,-0.23781807771139185,-0.2378185413568712,-0.2378191793616153,-0.23782007883295364,-0.2378213741698243,-0.23782318143349454,-0.23782436621333505,-0.23780264986153374,-0.23776118954715564,-0.2377843667814545,-0.23779395481335186,-0.2377978788927244,-0.2377993897114901,1.726761432720929e-06,-0.001372204599329483,0.0,1767.2063952113956,-0.11532252843920787,-0.11532249732897525,-0.11532244335839435,-0.1153223630306286,-0.11532225072954815,-0.1153220977595737,-0.11532189064008945,-0.11532160798199698,-0.11532121445735302,-0.11532064826851494,-0.1153197925760452,-0.11531840204448328,-0.1153158858992569,-0.11531064694094795,-0.11530389205611867,-0.11533383878720825,-0.11533560316456005,-0.11533343492916615,-0.11533220656352937,-0.11533167860771874,6.59291094977615e-06,-0.002783072374367985,1.4,-83.53121099400462,0.011045010737058549,0.011045025221975813,0.011045050262078249,0.011045087323139136,0.01104513872016799,0.011045207952874671,0.011045300269836744,0.011045423625614337,0.01104559033719621,0.011045819988453331,0.011046144327922836,0.011046612989774385,0.011047272608699643,0.011047740807388351,0.011040183298780535,0.011025327796835072,0.011033447962335295,0.01103683601910488,0.01103822601474458,0.011038761761099192,4
2022-06-08 16:46:38.475446500,-0.17429221305007833,-1.032300553121371,0.6801383172870074,0.5995545956523495,0.7033281948100776,-1.1167878529904782,0,0,0,0,1,275.3928504672897,-14.094072154856295,43.27700628914448,-2.054033666417848,0.0011100393408907151,-0.1869027197299524,0.024625159014613943,0.05648753938819149,-0.08659153331587767,0.09224563625522167,-0.06171302629736826,0.20352972619189835,-0.24145883265594864,-1.3385545124989386,0.27351629616706513,0.1888303071594105,0.43217727441404175,0.4259031394103053,63.684596670568254,-16.201284692277532,41.589441772799844,-3.498873012330404,0.04548957125931195,-0.21570756545195427,-0.014524323309270356,0.08028527981098313,-0.12183703195718955,-0.028859159412973838,0.012850951947066609,0.04948550380125218,1.2814599712273345,0.8776419023413797,0.3513978947156333,0.29641434246506404,0.21037000212337373,0.6963731147490629,87.62939688726975,2.631530041396612,1.5239289106685554,1.5324623995019646,0.05213614192795636,0.01485431593748899,0.015461431394748247,0.03172147101648741,0.0180106016479209,0.05755804448221491,0.06241757164903537,0.07866369495660427,0,0,0,0,1,0,0,0,0,0,0,0,0,1,3.0255941233832697,1.1316867980414178,1.6,-0.24883866337175006,0.1724141103520053,0.17241407464323028,0.17241401287041866,0.17241392134121808,0.17241379420307776,0.17241362256178322,0.17241339297921138,0.17241308487254287,0.17241266587128962,0.17241208323573834,0.17241124769941962,0.1724100055432685,0.17240813089304574,0.17240601970528655,0.17241945453754293,0.17245563390345167,0.17243995702303744,0.17243275952024908,0.17242973003649115,0.17242855009552546,0.0027510200252279264,0.06555607397394521,1.6,-48.82724431478743,-0.1625784151633134,-0.16257842713028392,-0.16257844782357098,-0.16257847846511408,-0.1625785209876911,-0.16257857831968134,-0.16257865486659795,-0.16257875733534344,-0.16257889618044266,-0.1625790882008693,-0.1625793611537485,-0.16257976039980748,-0.16258033986984546,-0.1625808595749203,-0.1625753374184291,-0.16256312580555132,-0.16256923154443526,-0.16257187026064934,-0.16257296347803107,-0.1625733865365741,9.28871886115319e-05,-0.011418239261311802,0.0,27.298248189603324,-0.014679010598698916,-0.014679017974264854,-0.014679030883812947,-0.014679050366061654,-0.014679078139445025,-0.014679116974274153,-0.014679171393847891,-0.014679249056183341,-0.014679363671010968,-0.01467954175089781,-0.014679840241992426,-0.014680400694082385,-0.014681658077441928,-0.014685444748053,-0.014700863256759678,-0.014694941496556037,-0.014682979488972013,-0.014680422715591281,-0.014679657747295903,-0.014679408515192241,0.00021609658948523535,-0.018037209529839737,0.0,23.778585652682448,-0.02007904679206529,-0.020079041867136826,-0.02007903331247185,-0.020079020554613303,-0.02007900266786722,-0.020078978208511792,-0.02007894491670259,-0.020078899161395717,-0.020078834844576843,-0.020078741059850413,-0.02007859653980859,-0.020078354547594768,-0.020077893620501386,-0.02007682319850168,-0.02007444488665988,-0.02007907400689435,-0.020080446917674192,-0.020080394612459918,-0.020080300225171262,-0.02008025213189181,0.00017832396883654748,-0.016247866781665066,0.0,27.98360383023757,-0.021321179421227576,-0.021321174930306608,-0.02132116713475529,-0.021321155521258017,-0.021321139263423383,-0.02132111707722606,-0.021321086962774016,-0.021321045727516696,-0.021320988055186674,-0.021320904543924213,-0.02132077714014313,-0.02132056704569896,-0.02132017701086153,-0.02131931748674376,-0.021317781711056468,-0.021322056847356885,-0.02132277996346832,-0.021322591601937668,-0.021322457148257926,-0.02132239614194176,0.012327728624319141,-0.1873421302880728,1.9,-35.14570340193478,0.2660653261103469,0.2660653241796043,0.2660653208216033,0.2660653158036768,0.2660653087484301,0.2660652990633525,0.2660652858128083,0.2660652674764579,0.2660652414639848,0.2660652030556485,0.2660651428190842,0.2660650393101939,0.2660648338715997,0.2660643189701497,0.2660628693421289,0.2660646400307841,0.26606561039352883,0.2660657048378048,0.26606570737535795,0.26606570254014544,5.4500536857707036e-05,0.008433664434797353,1.5,-587.3680531370708,-0.2378338752040108,-0.2378338386275445,-0.2378337742291308,-0.2378336761640796,-0.23783353463039705,-0.2378333335452183,-0.2378330460865889,-0.2378326257194505,-0.2378319868110381,-0.23783095864460435,-0.2378291620802848,-0.23782561932627644,-0.2378171978148753,-0.2377900021500672,-0.2376678360430571,-0.23769330657394686,-0.2377908117792522,-0.2378136485102917,-0.23782093567338514,-0.2378234100152987,1.722058520261354e-06,-0.0013703178909741935,0.0,1769.743505391843,-0.11531283151333582,-0.11531275008098875,-0.1153126091801937,-0.11531240033383484,-0.11531211009163655,-0.11531171797979313,-0.11531119299628755,-0.11531048750639172,-0.11530952625520285,-0.11530818578127365,-0.1153062546437056,-0.11530335985167285,-0.11529890696321132,-0.11529340770842822,-0.11532032694391604,-0.11540251562053072,-0.1153698714520246,-0.11535428439744068,-0.11534765989559048,-0.1153450699545946,6.556716955308351e-06,-0.0027744060107053182,0.1,-83.77414360691193,0.011051055862223436,0.011051043856843634,0.011051022694453572,0.011050990410602424,0.011050943702965554,0.011050877137070536,0.011050781617596428,0.011050641302155828,0.011050426911936029,0.011050079807224387,0.011049469119255972,0.011048255591595613,0.011045346246474795,0.011035860881768222,0.010992727289513391,0.01100082865973473,0.011035368424839877,0.011043538676771105,0.011046162531946013,0.011047056910213349,4
2022-06-08 16:46:41.225446500,-0.266827791543338,-0.9450702683119696,0.688010309901936,0.6103316356326646,0.7147714782061991,-1.2595557647294575,0,0,0,0,1,289.1001869158878,-13.966430727471455,43.338928692462794,-2.059971181176517,0.0011159025420234988,-0.18462455383363527,0.028078880502526733,0.05508583387665171,-0.08436020095519503,0.10386273738514533,-0.07202281631775805,0.21127794857440907,-0.1944514030151216,-1.3595035026744209,0.2860912918972362,0.2085893021739388,0.44590236483042217,0.3971605270873725,70.16702453271778,-16.0466473916026,41.693742119350155,-3.4237341607781477,0.044085595265056406,-0.21527936574042536,-0.013495695022593584,0.07860970869327058,-0.1206169987427405,-0.026831705091573826,0.013107715625677727,0.05534327054994738,1.242926508143022,0.8577691013894775,0.3560374338190564,0.2947803114240518,0.20846783207080527,0.7357771426113494,92.99076652066248,2.5553563298225743,1.4817379025400894,1.520853810340068,0.052486584406019915,0.015435119940185971,0.01662359337745951,0.03103452404446736,0.018627128412733802,0.060391367073007934,0.062063205615617886,0.08069285141821203,0,0,0,0,1,0,0,0,0,0,0,0,0,1,0.25727888489445616,-6.099161253150768,1.6,-4.0420664493706395,0.1723999483576083,0.17239995370064853,0.17239996371708116,0.17239998037809445,0.1724000071781841,0.17240005024393867,0.17240012056727627,0.17240023873450028,0.1724004456831945,0.17240082957051922,0.1724016016437782,0.17240334915144784,0.17240810140664314,0.1724256357289108,0.17251711966545924,0.17251967665822232,0.17244391103876736,0.17242420935754285,0.17241751598868085,0.1724151593538107,0.003163715949593968,0.07038951904646931,1.5,-45.25056335903717,-0.16258330384986053,-0.16258329728601462,-0.16258328563309288,-0.16258326766561826,-0.1625832412985453,-0.1625832030487242,-0.16258314698474274,-0.1625830625762843,-0.1625829299628032,-0.1625827085161684,-0.16258230556245534,-0.16258147538951695,-0.16257940742385354,-0.16257238352241,-0.16253882123360142,-0.16254239983499286,-0.16256962159372454,-0.16257630647505272,-0.16257850387672276,-0.16257926324853889,9.086079070559123e-05,-0.011281041892988059,0.0,27.621248523098906,-0.014679336029990163,-0.014679419743029776,-0.014679565092955647,-0.01467978171580775,-0.014680085140772016,-0.014680499531406488,-0.01468106259471069,-0.014681834675971615,-0.01468291659369425,-0.01468448742961981,-0.014686893143930456,-0.01469088385163686,-0.014698367453366943,-0.014715210183370962,-0.0147482944837668,-0.014668983715689587,-0.014651781019999975,-0.014654301731334585,-0.014656467361184087,-0.014657483762784472,0.00020879219288588195,-0.01770377820214915,0.0,24.220320789573183,-0.02007769850740626,-0.02007767952094364,-0.02007764662142364,-0.02007759774521833,-0.02007752959520848,-0.02007743710295751,-0.020077312487864263,-0.02007714356720613,-0.020076910575473228,-0.020076579791137528,-0.02007608974812214,-0.02007531878701252,-0.020074005605982825,-0.020071664695873404,-0.020072192341040185,-0.02009086502336943,-0.020088056776713104,-0.020085700150800245,-0.02008459507039317,-0.020084146939960083,0.0001728662956785654,-0.015976726826869982,0.0,28.452669232307915,-0.021319859567878297,-0.021319845205913342,-0.021319820335306883,-0.02131978342375218,-0.021319732030150584,-0.02131966241753913,-0.02131956888201425,-0.02131944256214013,-0.02131926923642502,-0.02131902501970273,-0.021318667418216863,-0.02131811581337506,-0.021317212895161086,-0.02131579029182129,-0.02131807975721156,-0.02133236552113127,-0.021328661962231044,-0.02132645921255472,-0.02132547879629676,-0.021325088602713205,0.009320864254894356,-0.1566064199894482,1.6,-40.999136579214905,0.26606487135124457,0.2660648614872181,0.2660648443821225,0.2660648189403281,0.26606478340545703,0.2660647350648073,0.26606466972722953,0.2660645807731934,0.2660644573355404,0.26606428056421483,0.266064015244996,0.2660635888174981,0.2660628324441308,0.2660613308102165,0.26606005489606144,0.2660696237622977,0.2660694598067969,0.26606857995760524,0.2660681243175598,0.2660679335021567,5.542476944699327e-05,0.008509511328731876,1.5,-582.136232750719,-0.2378387955491945,-0.23783816734945876,-0.2378370762300364,-0.23783544917614566,-0.23783316835410065,-0.2378300500558055,-0.2378258068633983,-0.2378199772463958,-0.2378117867308696,-0.2377998516205704,-0.2377814775602207,-0.23775075553635186,-0.2376923780328344,-0.2375574424454641,-0.23726277659678985,-0.23785398590065301,-0.23802183937781685,-0.23801323436651245,-0.23800052937527386,-0.2379941592046029,1.7173796112695025e-06,-0.0013685227931483626,0.0,1772.2806376724689,-0.11528107571325565,-0.11528107060598812,-0.1152810633929846,-0.1152810565209279,-0.11528105464400085,-0.115281066546288,-0.11528110913805277,-0.11528121618477627,-0.11528145874192575,-0.1152819975721755,-0.11528323485989488,-0.1152863317806343,-0.115295440355915,-0.11533124328316545,-0.11552921000184567,-0.11555109766695182,-0.11538506602105515,-0.11534046646862706,-0.11532504742483594,-0.11531956690944513,6.520918049171037e-06,-0.00276796167277465,1.7,-84.01708015827464,0.011053103094772254,0.011052882746620085,0.011052500007422415,0.011051929235691205,0.011051129043207377,0.011050034888401505,0.011048545761719096,0.011046499396932141,0.011043623356856049,0.011039430555964014,0.011032971632481292,0.01102216171228343,0.011001588292109288,0.010953885174824762,0.01084850276223115,0.011055703401164685,0.011116271789231023,0.011113703535989837,0.011109401923673712,0.011107222361351532,4
2022-06-08 16:46:43.975446500,-0.35933056213768866,-0.8578260949888883,0.6958375497630142,0.6211161340802209,0.7262197698812982,-1.4023280706207573,0,0,0,0,1,302.80752336448603,-13.838437920939526,43.40078680099875,-2.0660326259654838,0.0011217657431562829,-0.18234632274988746,0.031534698498742936,0.05368083394157458,-0.08212760457895113,0.1154796025437304,-0.0823308854902346,0.2190263707729627,-0.15220172647110344,-1.3763657378746827,0.2993545164103197,0.22817317361591866,0.4593097656568255,0.3638164145917643,76.96357885514769,-15.896151162462887,41.796129863378475,-3.3491232575132,0.042584876505966415,-0.21477120400454372,-0.012392920527112312,0.07697252993547019,-0.11934824378180872,-0.024425163366318708,0.012961448056512918,0.061300916641510675,1.2060739016905042,0.8410911003286223,0.360126781581017,0.2928117585548327,0.20690504774218,0.7794785138329278,98.31317173966517,2.482951035677785,1.439136711908238,1.5058020966027612,0.05275699143173628,0.01609924871969014,0.017833130532421904,0.03037978767207285,0.019242325257721758,0.06363331668602866,0.062270293805933165,0.08268107316957579,0,0,0,0,1,0,0,0,0,0,0,0,0,1,0.08285249772190291,-0.8253657049243588,1.5,-7.835291438679775,0.17238871006840073,0.1723891451384123,0.17238990121922293,0.17239102962716554,0.17239261335205247,0.17239478215500026,0.17239773983195067,0.17240181526295548,0.17240756387198794,0.17241598632283256,0.1724290530770434,0.17245115431349248,0.17249394468464052,0.17259648399405875,0.17284990359414149,0.17244465865590314,0.17228718361769896,0.17228217672090748,0.17228720390784,0.17229027875983202,0.003679797060345133,0.07599555346980938,1.5,-41.67388010532471,-0.16258584819457056,-0.1625856811894546,-0.16258539105400738,-0.1625849582592358,-0.16258435126113868,-0.16258352082179073,-0.16258238978354767,-0.16258083399091314,-0.16257864454436222,-0.1625754469032481,-0.16257050828960518,-0.16256221078809785,-0.1625463186433046,-0.1625090115045884,-0.16242288409430627,-0.16257939114612194,-0.1626305239594077,-0.16262996792025275,-0.16262718591736236,-0.16262570350783925,8.890234499493542e-05,-0.011133947026168977,0.0,27.944225256543106,-0.014703303575307025,-0.014703592089052362,-0.01470409184093402,-0.014704833856598487,-0.014705867624311253,-0.014707269038176431,-0.014709154224409547,-0.014711704203593025,-0.01471521086416949,-0.014720167808735196,-0.01472746265803293,-0.014738811808586494,-0.01475771801190806,-0.014789252379076578,-0.014759311006410591,-0.01447369635468454,-0.01453468609654862,-0.014575369217475988,-0.014593837625359598,-0.014601241288268757,0.0002018594442218104,-0.01738475406159514,0.0,24.662061163079787,-0.02007111523969529,-0.020071087246560367,-0.020071038979954103,-0.02007096783674056,-0.020070869766843916,-0.020070738782895337,-0.02007056619512959,-0.02007033946396364,-0.020070040627058416,-0.02006964482705975,-0.02006912273264994,-0.02006846973695492,-0.02006791865511348,-0.02006980034474215,-0.02009953624909544,-0.020129535436886337,-0.02010120161257456,-0.020091291295600718,-0.020087448455585744,-0.02008600313925497,0.00016766040110040935,-0.01571574767234609,0.0,28.921738568231,-0.021314609726646342,-0.021314597364857413,-0.021314576172418498,-0.02131454522379217,-0.02131450314396344,-0.02131444804613936,-0.021314377511015614,-0.021314288765345024,-0.021314179576068515,-0.02131405163992484,-0.021313923250477318,-0.02131388146641533,-0.021314344185103584,-0.021317893880598796,-0.021345787728210386,-0.021360293910294592,-0.021335448118535827,-0.021327790830010632,-0.02132496539106365,-0.02132392715635001,0.0073107604574159015,-0.13453532289598227,1.6,-46.85257249894482,0.2660616728343017,0.2660616510643408,0.2660616134277518,0.2660615577163954,0.2660614804414592,0.26606137632560145,0.26606123744787746,0.26606105178941863,0.2660608007071452,0.26606045447585225,0.2660599646594404,0.26605925460862023,0.2660582469752766,0.266057480671142,0.2660684990774516,0.2660907970181823,0.2660788769989406,0.2660738605545532,0.2660717974632487,0.2660710014874016,5.637370670873482e-05,0.008591672602080309,1.4,-576.9042345968293,-0.2376655681673938,-0.23766318681814624,-0.237659060658558,-0.2376529312554965,-0.23764438579856065,-0.2376327899183508,-0.23761717023650064,-0.2375960036124525,-0.2375668210031332,-0.23752541521662,-0.2374641318906896,-0.2373678687162002,-0.23720440632431306,-0.2369155815706208,-0.23700772010243296,-0.23935192578684195,-0.238978016430492,-0.23867667087168695,-0.2385360833646999,-0.2384791743356112,1.712733182136014e-06,-0.0013663632658149215,0.0,1774.817768503509,-0.1152510451427986,-0.11525195990054725,-0.11525354993432302,-0.11525592375147653,-0.11525925697236515,-0.11526382449611106,-0.11527005868974527,-0.11527865859492435,-0.11529080759346046,-0.11530864427000155,-0.1153363970108714,-0.11538353987518946,-0.1154754384598462,-0.11569846264620055,-0.11627163396250495,-0.11542302378344972,-0.11505821864821543,-0.11503872536874482,-0.11504621151161132,-0.11505158347177513,6.487531807203407e-06,-0.002773645296044029,1.6,-84.26007909358438,0.010992630207500298,0.010991785476811344,0.010990321762621493,0.01098814729825559,0.01098511547627723,0.010981000952936526,0.01097545785352505,0.010967944726903324,0.01095758336200192,0.010942876073749108,0.01092109463561286,0.010886844735113588,0.010828566024770449,0.010724979404096224,0.01075151326154966,0.011582543680666024,0.011455046464448504,0.011349517711197743,0.011300117479294491,0.011280096867577359,4
2022-06-08 16:46:46.725446500,-0.4515734397881387,-0.7704858964655844,0.703558800163076,0.6319019239990878,0.7376636843204898,-1.545105438291581,0,0,0,0,1,316.51485981308406,-13.709518342664506,43.4620849528796,-2.0724248864709254,0.001127628944289067,-0.18006586507734856,0.03499725191595943,0.05226679076340498,-0.07988832452857947,0.1270973227003403,-0.0926272702532878,0.2267725770585457,-0.11470955368369185,-1.3891411252054937,0.3133058542802247,0.24758192592009906,0.4723994751289775,0.3258707954220777,84.07425963785795,-15.749795013070125,41.89660447047029,-3.2750406559078016,0.04098741498204195,-0.21418307820270496,-0.011215992815089549,0.0753737339186937,-0.11803076047810772,-0.021639533567512033,0.012412160557220577,0.06735844016009009,1.1714848115927938,0.8280322347101606,0.36358182460866617,0.29051974656408897,0.20569476535756304,0.8267108148350151,103.58231258965894,2.4146807561720145,1.3962243875330544,1.4872780824474188,0.052932593011532775,0.01683467431253745,0.019082469296469968,0.029759955560569214,0.019852716259920026,0.06722182363833995,0.06304989223075096,0.08462327565425083,0,0,0,0,1,0,0,0,0,0,0,0,0,1,0.04125982086225949,-0.4423522617118653,1.5,-11.628392597745602,0.17250163397318885,0.17250351326985447,0.17250677076361753,0.17251161267703474,0.17251836898669734,0.17252754800718473,0.17253993229867376,0.17255675194464004,0.17258001330413394,0.1726131652421261,0.17266256558659904,0.17274103714776826,0.17287720538296947,0.17313273911707322,0.17320989738167092,0.17137268831466745,0.17154255444259986,0.17174706040299564,0.17184655245250058,0.1718874029634639,0.0043375953099015,0.08259066697520552,1.4,-38.09714947971447,-0.16254090873056093,-0.1625402393269466,-0.1625390792567405,-0.16253735551462212,-0.16253495139566046,-0.16253168736306778,-0.16252728752444126,-0.16252131928985605,-0.16251307946903004,-0.16250136509295054,-0.16248397441119944,-0.1624565193046511,-0.16240943771560826,-0.1623238899743631,-0.16232612488935882,-0.1629830704091092,-0.16289773526617402,-0.16281828563937406,-0.16278057501422505,-0.1627652189012027,8.701869934351013e-05,-0.010963036564024841,0.0,28.2671227327659,-0.014806473031730329,-0.014806796202152306,-0.014807352006009468,-0.01480816789767081,-0.01480928583842811,-0.014810766168506628,-0.014812692762275812,-0.01481517832756629,-0.014818364139675856,-0.01482239018945519,-0.014827232729830218,-0.014831911723775069,-0.01483008532114305,-0.014776832397952244,-0.014262340829087727,-0.013901417002175287,-0.014371553804495618,-0.01452401326410302,-0.014581463952351381,-0.014602788150755469,0.000195274734316302,-0.017076450740362018,0.0,25.10380883901876,-0.020057272231974288,-0.02005736596474783,-0.02005752945248673,-0.020057774843113663,-0.020058122032238446,-0.0200586026679368,-0.020059267570670336,-0.020060201072515826,-0.020061550622206714,-0.02006359359732235,-0.020066906863540845,-0.02007287063308261,-0.020085532042277143,-0.020120878810315213,-0.02024745161135944,-0.02016628035553913,-0.02007222043092549,-0.02005514556713417,-0.02005072687402409,-0.02004943918624413,0.00016269161519798025,-0.015461236456861573,0.0,29.390810915695425,-0.02130638773392324,-0.02130649795062656,-0.021306689769518883,-0.021306976704587036,-0.021307380728452733,-0.021307936451034903,-0.021308698753860437,-0.021309757294698528,-0.021311265855797568,-0.02131350701496626,-0.021317051642953392,-0.021323216323814898,-0.021335676478295262,-0.021367890758438368,-0.021465960870860945,-0.021366187282301885,-0.021297995797401548,-0.02128919971964105,-0.02128788417017463,-0.021287745401359248,0.005897776713192308,-0.11791768889364446,1.5,-52.70601427242926,0.26605263692169245,0.26605265337368245,0.26605268241347435,0.2660527268049693,0.2660527912062851,0.26605288330767163,0.2660530160281089,0.2660532119645542,0.26605351306847913,0.2660540037644841,0.26605487341704204,0.2660566155185131,0.2660608289484208,0.2660746997124974,0.2661385450863214,0.2661278468081505,0.26607655748364323,0.26606430858646624,0.2660603508913544,0.266058996944778,5.7351844056124575e-05,0.008687155954289835,1.3,-571.6715800345779,-0.23683617321131575,-0.23683278286445386,-0.2368269388009736,-0.2368183288183729,-0.23680646806890596,-0.2367906417877954,-0.2367698169785619,-0.23674251284817416,-0.2367066320989917,-0.2366593380471631,-0.23659750698290336,-0.23652180334009645,-0.2364647466541143,-0.23672993367983786,-0.2405336645178853,-0.24418389508349134,-0.24058335721795565,-0.23933819543513654,-0.2388573433955532,-0.2386768272367008,1.708194811824048e-06,-0.0013615744992456448,0.0,1777.3546383923294,-0.11548271083592,-0.11548685017689307,-0.11549402602651072,-0.115504694243441,-0.11551958464811207,-0.115539822373961,-0.11556714142453473,-0.11560427133071015,-0.11565567284014122,-0.11572903480181652,-0.11583858872443642,-0.11601322750117048,-0.11631829793968508,-0.11690094916072268,-0.1171784408766854,-0.11314090801403864,-0.11342522717426815,-0.1138517856168484,-0.11406271229824938,-0.11414977810635918,6.4727058023740755e-06,-0.002808216770738777,1.6,-84.50331096945533,0.010699293656157849,0.0106980624511408,0.010695939768020857,0.010692811477461815,0.010688500116875057,0.010682743573593891,0.010675161946684495,0.010665208190761444,0.01065210150479623,0.010634769116576235,0.010611971533717846,0.010583650294602176,0.01056055482812579,0.010647713219704702,0.011979433925735972,0.013300898720205456,0.012034776612413813,0.011593594772974614,0.011422753094691984,0.01135853803017972,4
2022-06-08 16:46:49.475446500,-0.5430347141921656,-0.6828772516892491,0.7113225124562503,0.6426075999010846,0.7490304083726893,-1.6878547925817244,0,0,0,0,1,330.2221962616822,-13.580507832361693,43.52162595756794,-2.078866011996273,0.001133492145421851,-0.17777623118004915,0.038465717395484635,0.0508503155843721,-0.07763377546277771,0.1387215686462385,-0.1028913492504374,0.2345065998718831,-0.08197406418207569,-1.397829379913143,0.3279452974775424,0.266815487220541,0.4851714215415806,0.2833236926873697,91.49906688084863,-15.607578454536226,41.99516410694324,-3.201486545106756,0.03929321069328304,-0.2135149790654972,-0.009964903589503464,0.07381331447605725,-0.11666453209787313,-0.018474809422252474,0.011459887451637672,0.0735158291207178,1.1397411117120444,0.8189383604760742,0.3663148362369363,0.2879141544194188,0.2048470642246068,0.8767506164113605,108.78386666031156,2.3509117138478515,1.3531027459838805,1.4652262036406816,0.05299782396691818,0.017629330426808105,0.020364823401645426,0.02917767650662158,0.020454909764871312,0.0710955588947698,0.06438981790803161,0.08651439697559432,0,0,0,0,1,0,0,0,0,0,0,0,0,1,0.024911435998617115,-0.3015377668913361,1.3,-15.420973570203389,0.17313476287964935,0.17313813693341307,0.17314396293878875,0.17315256998918138,0.17316447455104098,0.17318045012433358,0.17320164117061987,0.1732297483171037,0.17326732670052866,0.17331823993403228,0.17338816216463593,0.17348374700312624,0.1735985001840581,0.1735577922872817,0.17098416704709474,0.16745450988951638,0.1700253913301828,0.1709953099829694,0.17138124680374786,0.17152807152516786,0.005195330951869787,0.09048803293484547,1.3,-34.52023399423677,-0.1623111441829046,-0.16231008087680454,-0.16230824643435993,-0.1623055400362583,-0.16230180426029772,-0.16229680511974046,-0.16229020025387794,-0.1622814894090372,-0.16226994092904878,-0.16225450084350168,-0.16223378437898395,-0.16220684489443693,-0.16217979674308947,-0.16222772371158156,-0.1632293500476606,-0.16435791669145114,-0.16338851616760952,-0.1630405062175495,-0.16290431666232674,-0.1628528835469236,8.533267085742854e-05,-0.010823440585342285,0.0,28.58993837576113,-0.01499074469374584,-0.014988864463517881,-0.014985589854471737,-0.014980686116913056,-0.01497377064132843,-0.014964238774553662,-0.014951127623997971,-0.014932855741168647,-0.014906692604770509,-0.014867579465071999,-0.014805190492989341,-0.014695391537708437,-0.014469562046165898,-0.013868925335316916,-0.011918574254844437,-0.013597043004027642,-0.014992037043739304,-0.01520372121060104,-0.01524736031075391,-0.015257241000061832,0.00018902487652605783,-0.01675079728984105,0.0,25.54552879713024,-0.02007131869643075,-0.02007205913349708,-0.020073344163166862,-0.02007525794775256,-0.02007793587088802,-0.020081588048102672,-0.020086541235540437,-0.020093316006579043,-0.02010277692727025,-0.020116447549218486,-0.020137238917902426,-0.020171361043616942,-0.0202341871515086,-0.020370199545590276,-0.02059245227730666,-0.019884951655167796,-0.019791592389950097,-0.019829529124643863,-0.01985406365690812,-0.01986496050500236,0.0001579504299115004,-0.01519236486077719,0.0,29.859851404058823,-0.021330156054977237,-0.02133079004870186,-0.021331889733693377,-0.021333526050602455,-0.02133581284828101,-0.021338926241430526,-0.02134313890527517,-0.02134888272302671,-0.02135686940975168,-0.02136833997641052,-0.021385630382329542,-0.02141361138143999,-0.021463867015460103,-0.021566700665155314,-0.0216830153174159,-0.021070915619758046,-0.021052791754758386,-0.021101718204072476,-0.02112838129573613,-0.021139716302180037,0.004865025055762239,-0.10494924101875933,1.5,-58.55945057960977,0.2660491553525475,0.2660494793939838,0.2660500422703773,0.26605088173485925,0.2660520587356769,0.2660536683392287,0.2660558593742999,0.266058871023819,0.2660631050772924,0.2660692803867877,0.2660787993584699,0.2660947459054732,0.2661251429700868,0.2661958414241905,0.26635378373735663,0.2660493286805721,0.2659577781605442,0.2659608956353434,0.26596699476036023,0.26597011961273875,5.838388760072777e-05,0.008779646821413658,2.0,-566.438042636967,-0.23512939403364186,-0.23514168665030155,-0.23516312175883056,-0.23519528232290554,-0.2352407587595309,-0.23530366711477055,-0.2353906076768588,-0.2355125141772909,-0.2356884635874259,-0.23595425274092816,-0.2363841009120993,-0.2371549113731426,-0.238782849775097,-0.2432922023693145,-0.2592011226331508,-0.2484955215073672,-0.2367394041920185,-0.2346538955136115,-0.23412699651429314,-0.23397668780398195,1.7045544819209244e-06,-0.001349305259893286,0.0,1779.8903612437741,-0.11686160402348378,-0.11686953707146586,-0.11688324086682655,-0.1169034996965479,-0.1169315472976109,-0.11696923788538527,-0.11701932890512977,-0.11708594863728194,-0.11717537218289208,-0.11729727820871005,-0.11746647274428312,-0.11770277367507374,-0.11800565848247402,-0.11803715054967512,-0.11267597909714056,-0.10443608135324213,-0.10990466815987077,-0.11203175467294456,-0.11288634224614567,-0.11321281527281002,6.612298676424608e-06,-0.0028328242198278238,1.5,-84.74686374639815,0.010086967251965008,0.010091202040388048,0.010098587627896729,0.010109671589185965,0.010125350467558471,0.010147049837908815,0.01017705774350697,0.010219168662117362,0.01028001205859419,0.01037204805260794,0.010521162286226904,0.010789207289552127,0.01135724464320953,0.012938797768304866,0.01857399753660172,0.01490050513597829,0.01072032084922081,0.00996719761500775,0.009773830200489721,0.00971787006187752,4
2022-06-08 16:46:52.225446500,-0.6340013665298097,-0.5951764382236844,0.7204957236667808,0.6529410397995129,0.7601032054316641,-1.830420911523664,0,0,0,0,1,343.9295327102804,-13.461752112219846,43.5797733703476,-2.081709629314481,0.0011393553465546351,-0.17547131197172344,0.041882981798139735,0.04952703527684611,-0.07538796941242627,0.15036505946046333,-0.11314584431051718,0.2422117992924576,-0.0539944684615694,-1.4024303010399222,0.3432741387669003,0.28587348589816064,0.4976253053556009,0.2361752843108085,99.23800058411965,-15.469510679530368,42.09180674981352,-3.1284576930466628,0.037502263639689684,-0.21276688884401168,-0.008639696483562498,0.07229135444308032,-0.1152495597208967,-0.014930970755810104,0.01010465150130874,0.07977305216245863,1.1114104407366838,0.8140544467968537,0.36823427123199204,0.28500346456319225,0.20436852108584566,0.9289310990865308,113.90341828530819,2.2919950235039632,1.3098785580189671,1.4395638339220702,0.05293603430802359,0.01847155183411209,0.02167395891860555,0.028635449880318162,0.021045525081271436,0.07519635807555641,0.06625708703010111,0.08834934968834605,0,0,0,0,1,0,0,0,0,0,0,0,0,1,0.01677521199267375,-0.2283973509664209,0.1,-19.21265964675709,0.17465904823248102,0.17465246324188222,0.1746409489774874,0.17462359920527049,0.17459891872366207,0.17456450565469295,0.17451645541621752,0.1744481918154288,0.1743480127020896,0.1741934440369296,0.17393659434955705,0.17345950182672865,0.1724035941084593,0.1692797790174036,0.1569105325180863,0.16231805239538474,0.17183039461299127,0.1738024066611471,0.17437852064419085,0.17456316586539064,0.006345254974722794,0.10003217649803786,2.0,-30.943039153453725,-0.16180346779774712,-0.16180643114080695,-0.16181160344153067,-0.16181937548170433,-0.16183038867519306,-0.16184566630904507,-0.16186685764222775,-0.16189671180369247,-0.16194006141919634,-0.1620060560241372,-0.16211387030200394,-0.16230980985413834,-0.1627312590923734,-0.16393011071856733,-0.16837270899203186,-0.16584342869411214,-0.16250169878787754,-0.16186401367891856,-0.1616906364394728,-0.16163798094653972,8.613878585407487e-05,-0.011114077852400471,0.0,28.913301326185714,-0.014625084396087118,-0.014612974956559556,-0.014591966088333574,-0.014560694355191028,-0.014516969616211071,-0.014457399474193,-0.014376722286036925,-0.014266584759492053,-0.01411317816322688,-0.013892321407343866,-0.013558220496974529,-0.013014490013224966,-0.012028022089240364,-0.009961630285686418,-0.00718488271165385,-0.01882785107206564,-0.019637830973632142,-0.018826917209179117,-0.0183602175590013,-0.018158818056192263,0.0001832028220713661,-0.016320497650750606,0.0,25.98704104020626,-0.020293354348524858,-0.02029557817974359,-0.02029942826640241,-0.020305140184691872,-0.02031308880201199,-0.020323847046729737,-0.0203382874305833,-0.020357761232285162,-0.020384427559279383,-0.0204218892574346,-0.02047649048430089,-0.020560042333487072,-0.020694525874412676,-0.0208942930835585,-0.02042841096010406,-0.01820692969546589,-0.018873446921096385,-0.01923926635710238,-0.019399582736257748,-0.01946301616399819,0.00015347455035859468,-0.014855392205697373,0.0,30.328715107700468,-0.021530840916292426,-0.021532400134618438,-0.021535097240244827,-0.02153909310145208,-0.021544642608679162,-0.021552132916836,-0.021562148533806447,-0.02157558378739921,-0.021593843018088976,-0.021619208824835142,-0.02165552900559864,-0.021709372993453768,-0.021790098584429814,-0.02187792625560792,-0.021267640774837667,-0.019685913799339042,-0.020390200995361263,-0.020709723236379096,-0.020843805749311328,-0.020895965326201388,0.0040862803641852135,-0.0945247029842474,1.4,-64.41279510926994,0.2661376556934041,0.2661389118030222,0.2661410884119189,0.26614432211304884,0.2661488311627096,0.26615495110673937,0.2661631971218688,0.2661743760242445,0.2661897971730831,0.26621169531523514,0.2662441462667937,0.2662952253249157,0.2663823132930752,0.26653799047106586,0.2665074556714051,0.2652725005091927,0.26545463750753817,0.2656095704470813,0.2656823427075172,0.265711869841336,5.984527262356953e-05,0.008713839646290876,1.7,-561.2081013891221,-0.2370404821506895,-0.23713487959710025,-0.2372986972342161,-0.23754264760535196,-0.23788395836213996,-0.23834935672938684,-0.23898038536591315,-0.23984318166789365,-0.2410474810984553,-0.2427864040193857,-0.2454282435752901,-0.24975643434259176,-0.2577015400211025,-0.27479744383419913,-0.30199039058735444,-0.21216601366961108,-0.2011016715794529,-0.2060841635872208,-0.2092476591927923,-0.2106475493209805,1.7089185703880066e-06,-0.0013339288060589243,0.0,1782.4239738182569,-0.1203429765313615,-0.12033081656110768,-0.12030951856056048,-0.1202773438430711,-0.12023141087551892,-0.1201670635146712,-0.12007667760885,-0.11994730181554306,-0.11975565963699353,-0.1194565382706756,-0.11895233916272475,-0.11799909698216382,-0.11584234291237296,-0.10927946462469153,-0.08216979694665127,-0.09188829758773663,-0.11299290433613153,-0.11756101339915405,-0.11894110731170925,-0.11939389404483157,9.303093596400425e-06,-0.002482107522874324,1.5,-84.98916260833064,0.010736202915271777,0.010769292029364051,0.010826716683088657,0.010912235127253034,0.01103189222764378,0.01119506818973548,0.011416347465144305,0.011718959246928229,0.012141469369043813,0.012751809039621255,0.01367969777793876,0.015201634784058891,0.018001251995872103,0.024051352755976918,0.033851694263272065,0.0022428696288292467,-0.0018299568208082206,-0.00010971827830585924,0.0009956331555344144,0.0014859177602689069,4
2022-06-08 16:46:54.975446500,-0.7317501462261046,-0.5101504566188728,0.7354747648083596,0.6625360440793412,0.7707531567809066,-1.9724920053124104,0,0,0,0,1,357.6368691588785,-13.393313124467278,43.65118932580431,-2.067788136132177,0.0011452185476874194,-0.1731953389112456,0.04499595460572086,0.048680448829940576,-0.07336708529184048,0.16202677653542769,-0.12372428013768752,0.2499257027097301,-0.030776673989210024,-1.4029462611262251,0.3592982423015207,0.3047550914153918,0.5097606156153831,0.18442609798882656,107.29106074767105,-15.335642311826026,42.186543578255616,-3.055937229648141,0.03561457382126185,-0.2119388252706728,-0.007240671180667219,0.07080833188199429,-0.11378605129729533,-0.011007991292468414,0.008346165276485884,0.08613010403864711,1.0870325333768864,0.8135040277294144,0.3692465276141905,0.2817946489765776,0.20426205969006928,0.9826441219784209,118.92638821749766,2.2382334506425816,1.266681362382513,1.4101839811040178,0.05272911943348987,0.01935023108238297,0.02300364694229844,0.028135362016368674,0.0216208278874851,0.07947032593756209,0.06860310884777028,0.0901230755837462,0,0,0,0,1,0,0,0,0,0,0,0,0,1,0.012188440087522715,-0.18674461323997169,1.7,-23.006334517243452,0.1741776270588109,0.17410934726386176,0.17399080505860698,0.17381416142709671,0.17356678811551918,0.1732290461336743,0.17277031134116827,0.1721416207152444,0.17126127568271676,0.1699844040710108,0.16803179688907666,0.16480018643470318,0.15876399022417886,0.14529011889525026,0.11973514531994288,0.18449472539069325,0.1973356678178938,0.19497373755080405,0.19310507607823,0.19224033875028504,0.007946127343485184,0.11102366248228088,1.7,-27.366721820286887,-0.16217935556355378,-0.16220487068101974,-0.16224915770382875,-0.16231512688227334,-0.16240746196988698,-0.16253343716768587,-0.16270437513474167,-0.16293833616997855,-0.16326536147409831,-0.16373849956724185,-0.16445939872405335,-0.16564581331131567,-0.16784066398981326,-0.17264177005954884,-0.18093212320808816,-0.1566538957617607,-0.1529005433118047,-0.1540564122443034,-0.15484775749791246,-0.15520375230164404,0.00011383174557313867,-0.012975549181334764,0.0,29.24005008670575,-0.010870299989335752,-0.010837857133165318,-0.010781716957309673,-0.010698493467629078,-0.01058281155264984,-0.010426484607327424,-0.010217105420754493,-0.009935587638697174,-0.009551725696193893,-0.009015833851237498,-0.008242443059748306,-0.0070794093989339215,-0.005277102576609405,-0.0029737341841665765,-0.013046626496104885,-0.045670584466868114,-0.03323298253248097,-0.027182515579961875,-0.02459901463725006,-0.023586845172684782,0.00017867552816750457,-0.015709942547738175,0.0,26.4279457237004,-0.02112219740366417,-0.021123595994349653,-0.021125981384791714,-0.021129435756136683,-0.02113407308191606,-0.02114003065738612,-0.02114743954235565,-0.021156335418136333,-0.021166397585878568,-0.021176159099900338,-0.021180407064162462,-0.02116033122024164,-0.021036974490024733,-0.020362142836263697,-0.0157247390036257,-0.013960431764355795,-0.018008069028427,-0.01920293986842381,-0.019635563737241624,-0.019793067477571192,0.00014965768926124843,-0.01444330212007013,0.0,30.79715685711131,-0.022152558355164054,-0.022152217574138437,-0.02215159335813377,-0.02215058682838533,-0.02214902465589219,-0.022146606825711682,-0.022142802201396083,-0.022136629018015497,-0.022126159195417938,-0.0221072888036159,-0.022070289199181525,-0.02198838520907587,-0.021769931864097147,-0.02097772373811868,-0.016915844034614658,-0.016906938611552902,-0.02025684155182994,-0.02111869351833306,-0.02140981014379384,-0.02151198970085066,0.003483911659217853,-0.08592335698497712,1.3,-70.26579313817437,0.26657255566764704,0.26657443053778884,0.2665776635355188,0.26658242954000144,0.2665890007893985,0.2665977800858985,0.26660935278666953,0.266624565263732,0.2666446339883135,0.2666712536322282,0.26670646223816585,0.2667507787040859,0.26678936072350234,0.26666987308577195,0.26471506873438866,0.2627111733326579,0.2645773929023765,0.2652324706681739,0.2654868280847924,0.2655825568628623,6.709715116893986e-05,0.00792779179223032,1.6,-556.0062575033346,-0.2670860906710004,-0.2673759300814069,-0.2678774280101237,-0.2686207472249862,-0.2696537575122946,-0.271049347001469,-0.2729179583813277,-0.27542950000774796,-0.27885307933495085,-0.2836325252758698,-0.2905370073312774,-0.30096590242543897,-0.31741632985303525,-0.34080342584995016,-0.2764694129503109,0.004348689532632122,-0.08018150371482946,-0.12669704619984046,-0.14742353403092426,-0.15571255661635242,1.8445011753157872e-06,-0.0013870771254829795,0.0,1784.9609451335807,-0.12042893028197454,-0.1202844560744154,-0.12003353014810615,-0.11965938209343108,-0.11913495530062335,-0.11841808645583285,-0.1174428543890258,-0.11610351252670625,-0.11422289361628656,-0.11148527163501852,-0.10727849945741497,-0.10027040348536786,-0.08706155473554844,-0.05716300815106479,0.002588017535785525,-0.1350164721537439,-0.1660391703096451,-0.16207738630470558,-0.15854885334486826,-0.15688930692417724,4.486038712789177e-05,-0.0005619455317342074,1.4,-85.22203798925175,0.020820622526775526,0.02091827565705273,0.021087324356222403,0.021338083315252557,0.021686960341936512,0.022159020502150458,0.02279241264571663,0.023646176071550503,0.02481456479302624,0.026454702728049284,0.028842946481683063,0.03249299263524863,0.038357031868841096,0.04700680512203137,0.02570002269769045,-0.07300787289288158,-0.042876719061886386,-0.026379265933458296,-0.019139969649338173,-0.016275053711644283,4
2022-06-08 16:46:57.725446500,-0.8658360350076907,-0.4384755651881099,0.7606144628311653,0.6730990809670143,0.7828786021292194,-2.1144482550840937,0,0,0,0,1,371.3442056074767,-13.60583063601197,43.772345677524996,-2.0329260267361917,0.0011510817488202035,-0.17082949769402506,0.047091720831100116,0.05047331793423555,-0.07293769582406268,0.17392356470271844,-0.13563559202125702,0.2578480331707454,-0.012356433236405732,-1.3993905114259395,0.37602956042847296,0.3234608445364054,0.5215784892817561,0.1280764609305719,115.65824737150282,-15.206403058280015,42.27939666343653,-2.9838988022759523,0.03363014123799957,-0.21103035731476327,-0.0057691759000186894,0.06936826410392577,-0.11227604816284653,-0.006705321772580318,0.0061832973729242366,0.09258704190017024,1.0671234713584112,0.8172688205816494,0.3692580156362352,0.2782957243899925,0.20452941859230608,1.0373374764709231,123.83796222323878,2.1896781145514908,1.2236830904881415,1.3769495843857102,0.05235703850623735,0.02025591350537881,0.02434604148574645,0.02767726417614526,0.02217397543804088,0.08386921478097024,0.07137046812719745,0.0918305878808081,0,0,0,0,1,0,0,0,0,0,0,0,0,1,0.010064894477700977,-0.17107524859182532,1.6,-26.81932499382675,0.15434719073552738,0.15411519825472286,0.1537134185346134,0.15311702961010987,0.15228647077137092,0.15116114313631535,0.1496484721646767,0.14760446472454047,0.14479763331918316,0.1408381724396469,0.13502950034597394,0.12603827574660498,0.11119890482249027,0.08704737293085918,0.11568623655782315,0.34287342503774365,0.2911079511044742,0.25802584301110976,0.2430745573179157,0.2370827628131969,0.010387489873026028,0.12092680250808804,1.6,-23.79770047160011,-0.1698622035637829,-0.1699437710122642,-0.1700849826469515,-0.17029447019154076,-0.17058596709353835,-0.17098045876102194,-0.17150989639849812,-0.1722237517241767,-0.17320105951589934,-0.17457372611415056,-0.17657431032018855,-0.179637841231865,-0.18458998432579515,-0.1921538489336512,-0.177754635058893,-0.0981533550895497,-0.11961230816035395,-0.13206480732812034,-0.1376169422065046,-0.13983327651747612,0.0003372678289803939,-0.017083117328005232,0.0,29.575928371663604,0.001998332725663854,0.0020030278843212734,0.0020104911618261667,0.002020000704554992,0.0020301004995526557,0.0020378917694485747,0.002037540090276791,0.0020169774962515152,0.0019501107011836718,0.0017767015657230711,0.0013438967630569065,0.00020635391691714575,-0.003236561769290103,-0.016993889393559503,-0.09428456060905066,-0.10605173467566607,-0.04115972601787055,-0.023293367112255048,-0.016993056145055474,-0.014728098538472081,0.00018678055833394364,-0.015547485466375513,0.0,26.868515774781752,-0.02227914794214847,-0.022259749026501296,-0.02222600185640511,-0.022175554168776482,-0.022104587302442136,-0.022007099140555875,-0.021873598494823288,-0.021688635053372932,-0.02142582769941015,-0.02103698009398069,-0.020425457236035397,-0.019370660898753056,-0.017265810053988532,-0.011943580416142184,0.0033981353055001487,-0.014295178383760487,-0.024681566033354696,-0.025810616886940474,-0.02590221767637157,-0.025877937707944196,0.00015268061956619344,-0.014516524337593447,0.0,31.265735996308816,-0.022631237674617388,-0.02261171255390826,-0.02257778177186287,-0.022527143686252412,-0.022456076490545485,-0.022358761903269908,-0.02222606443007824,-0.022043247015675504,-0.0217854348512192,-0.021407849633869325,-0.02082242744147877,-0.01983336084298071,-0.017922617018339526,-0.013365098292929868,-0.0022538680571529968,-0.02041446680128145,-0.02725635610525789,-0.02743423048061644,-0.02719702152509706,-0.02705583309760827,0.0030081181935860844,-0.07875698190277837,2.0,-76.11829168725441,0.2675041271534333,0.2674980207425186,0.26748736778463744,0.2674713728426781,0.2674487324096786,0.26741737141745325,0.267373954655572,0.2673129417538673,0.2672246344047,0.267090765954779,0.26687330185541125,0.266481148840892,0.2656470154392712,0.2633142898542149,0.2549330910529353,0.2602019586441351,0.2664306925468081,0.2675751284158649,0.26787652940575035,0.2679657878423717,0.0002007707405346999,0.003229423935119689,1.6,-551.0389048470645,-0.5309388034378912,-0.5293350049349073,-0.5265656137133092,-0.5224736371667831,-0.5168115917984082,-0.509205954636812,-0.4990967070758998,-0.4856322679475156,-0.4674785482617043,-0.4424479801697956,-0.4067050217986967,-0.3527818288256057,-0.2630505469861433,-0.0740325669890165,0.6214674387773105,0.8449365603048733,0.2462408186899321,0.005600130757118293,-0.10496499264945937,-0.15036415020604332,3.6780593452465173e-06,-0.0016691663290912461,0.0,1787.5122391412076,-0.10599285175766228,-0.10510776602782812,-0.10357796811058506,-0.10131425522138217,-0.0981755947796188,-0.09394834027425247,-0.08831084839928849,-0.08077213293388752,-0.07056151703778113,-0.056420163227208775,-0.0361844992836069,-0.005914123188031084,0.04181792747144186,0.116757749234786,0.08490129648637179,-0.4237994037505501,-0.3426192930030538,-0.29130977486091325,-0.27030022165616785,-0.2623031999009031,0.00026032770750871945,0.0027416047256157657,0.1,-85.43278947455889,0.05296898786763471,0.05294797530091877,0.05291155239982714,0.05285734763013217,0.05278139030200002,0.052677114342024815,0.05253328837866267,0.05232939693351213,0.05202431314294875,0.051525097012493866,0.05058774728002269,0.04843718203297343,0.04189443284831729,0.01222920879120615,-0.18904063796612025,-0.25255206515806616,-0.060674041223304,-0.0023473780216725078,0.01872654827337861,0.02628713638316693,4
2022-06-08 16:47:00.475446500,-1.1115268590294836,-0.4138252262974453,0.7636827363872554,0.6966806341571258,0.8067789344300363,-2.2616195957218563,0,0,0,0,1,385.0515420560746,7.220546602757956,43.79182671581571,-10.750314573065536,0.0011569449499529874,-0.1811941389814103,0.1734690069273872,-0.13980772065629266,-0.03187436392924066,0.14168029851708366,-0.17752271337587894,0.26532379037097936,0.0011337770110199056,-1.3918238140162975,0.3934646891565956,0.3420026083133443,0.5330899344204311,0.06712196325450223,124.33956045561494,-14.926603339733337,42.389150765838,-3.0038036252231706,0.03154896588990283,-0.2101949613380289,-0.003132527690545003,0.06646480709940354,-0.11068446182193313,-0.002327424560089269,0.0034220055670756604,0.099112079983002,1.0522888545288551,0.8251499516745471,0.3682009712476927,0.27453142666068103,0.20518478228464088,1.0925176173850029,128.62301706067342,2.6992315915238327,1.2160515677106574,1.5074570862778456,0.051797171764397985,0.020932745383980225,0.02962485745313336,0.031550549049978185,0.022881056849422418,0.08775463899439838,0.07490017655913546,0.09341191855057578,0,0,0,0,1,0,0,0,0,0,0,0,0,1,0.014483018605296091,-0.18989122346846385,1.6,-30.71540489601091,0.051509771533856163,0.05136715879221443,0.05112410497311348,0.05077254232101769,0.05030136968657351,0.04969740332552375,0.04894847107692901,0.04805240119001231,0.04704259467971883,0.04606334258077782,0.0456108853527738,0.04742202074463009,0.058594752065257986,0.1193453720290456,0.5604296730262351,0.8405486533889748,0.4556986132056402,0.32375132937357776,0.27049990288077563,0.2499452186578502,0.016563823822421546,0.11869571885811403,1.6,-20.26519133513585,-0.21400198830701853,-0.21397013874464088,-0.2139131379354673,-0.21382425104406644,-0.2136920297319247,-0.21349741644355824,-0.21320821071543727,-0.21276804005558925,-0.21207292589636684,-0.21091700813174366,-0.20885124982164666,-0.20474873347764946,-0.19507343202214214,-0.16341726835246628,0.00880109232151538,0.08935000708173403,-0.05720353186706927,-0.10877927599903152,-0.13034890585057518,-0.1388144132796982,0.0032152354322964745,-0.012876151573376682,0.0,29.919058684829,0.02193769015054148,0.021360743875156633,0.02036184862312496,0.018879731554632517,0.016816631979513552,0.014022479131102328,0.01026708602430504,0.005189749692968704,-0.0017972494817010132,-0.011708245938380045,-0.026442629396344786,-0.05000143548774705,-0.09244646784520127,-0.1865830412174314,-0.4154368945054616,-0.07742474309027503,0.08890160895385567,0.11111172318736896,0.1150913684308208,0.11570022634966355,0.0003911275320647901,-0.01951637813472965,0.0,27.314518718216814,-0.017980770425082504,-0.0178719863114587,-0.017683360034629114,-0.01740283782766561,-0.017011108157586552,-0.01647837071876701,-0.015758642194805716,-0.014779427104454347,-0.013422013726313351,-0.0114812251278108,-0.008575670746007402,-0.0039245747813562715,0.004276880093818214,0.02048587583517769,0.03550088678658658,-0.06442793281449344,-0.06502012673505597,-0.05675053764746341,-0.05234113719603695,-0.05046804738740121,0.0002584551259934371,-0.017722088031960792,0.0,31.739796049542473,-0.017612437085042117,-0.017523105879547085,-0.01736830326118266,-0.017138302093036014,-0.016817560230659282,-0.01638218527155066,-0.01579550080712,-0.015000086424972412,-0.013902802094370892,-0.01234477673127532,-0.010036326046897859,-0.006402265265005425,-0.00018727975170562683,0.01120412267368853,0.013875898837839351,-0.06801505101298211,-0.06082738808531396,-0.05210550935830971,-0.04782498062866425,-0.04605139925355378,0.002628899245974789,-0.07329057175228121,1.7,-81.972442158162,0.2667710998105601,0.2667182415250497,0.26662652153626976,0.2664899617748926,0.2662989564672147,0.2660386215589048,0.26568586370317204,0.2652040104921736,0.26453243286656325,0.26356497213467955,0.2621006156870536,0.2597158766228864,0.2553790456165808,0.24615219021871404,0.23121590452678745,0.27817085342415826,0.285029897637376,0.28291794002780457,0.2814655368373256,0.2808056348444339,0.20352270416762613,0.3730966610207849,0.1,-471.81332530280577,62.10361928310563,35.523928805844676,10.830852627861221,1.2827387900799891,4.641181238764517,6.175221687756577,-3.965295282089429,-18.465653928988505,-22.300989874219667,-12.89736353827662,-3.8599994583102433,-6.627018092611145,-15.592786544346447,-17.483032767419072,-10.3199939876086,-8.977170412751342,-10.012210942740332,-10.42620381925469,-10.62429714538959,-10.707339254063736,0.0004876466516956491,-0.0021900088336192112,0.0,1799.095003908989,5.4674800473457585,-1.7541795918348555,-6.3121660633221675,-4.861366122540346,-0.09614481648128503,2.6054210686121166,1.07400516454139,-1.8091780986033967,-2.1515393667338216,0.20485995149374506,2.0306286464807286,1.2473345152009545,-0.5843874145441461,-0.9827649804666551,-0.7999746002316144,-0.8557635691146857,-0.01598532019051646,0.21776404886749745,0.30181408565123746,0.3324584870062557,0.5270490256141085,-0.7864590187902597,0.8,-129.523400049175,-36.3018212565099,-19.451089801004862,-4.3189992977754175,3.0655632133728616,5.0563662103900615,6.4911383849278215,8.415333310952354,8.667849907263378,6.485291665960692,4.002882798998947,3.325878009038954,4.045962856550892,4.42165723876926,3.818920141604535,2.7908523031739105,3.7054449469256383,4.346829976612089,4.490825743679881,4.540624527932517,4.558604222225076,0
2022-06-08 16:47:03.225446500,-0.9250742749683412,-1.148420793147911,1.4966490865967588,0.8685894250811109,0.9758918672033848,-2.508961261628832,0,0,0,0,1,398.75887850467285,-24.223227645607125,39.10981464453905,-17.883018457417318,0.0003957661825208385,-0.099295479422006,0.17357529086100862,0.13769727458827655,-0.18234713778115724,0.2262781202795468,-0.1428181348373715,0.2600940645046585,0.029976387162614183,-1.3838172817967205,0.4045493528272541,0.3605653267950723,0.5444839499024605,0.0014375564699502649,133.33500000000748,-14.611248957690398,42.474436232776775,-3.1175758120566934,0.030291535812833205,-0.20906359356680074,0.0005364211151216807,0.06304738794924246,-0.10919374667724867,0.002606994356887229,0.0012262771967305056,0.10557029774477276,1.0448760422707548,0.8357229233791509,0.3705625007264884,0.27091729090077177,0.20667036453871476,1.1480006118679025,133.2660422526197,3.3829131770671865,1.2069019779947066,1.9071869773794177,0.05150289294141725,0.02233833181770057,0.03707749961293982,0.0372361728932049,0.02427006138888077,0.09216790957902747,0.07734214808172317,0.09464591448730747,0,0,0,0,1,0,0,0,0,0,0,0,0,1,1.0574652684876833,-0.010890783489485752,0.1,-24.957926420945586,7.6720919561098775,3.4544636325985665,0.017164471186024155,-1.1244928412014028,-1.039853913663475,-1.5293298542204212,-2.8859258635003058,-3.8982164722145063,-3.710728863622338,-2.9438195339291844,-2.7089134841323386,-2.9879007927714785,-2.555948975005008,-0.4302149369848314,3.320911075254121,3.0648443696897893,2.0484079482684607,1.74086784128611,1.5999602183283073,1.5411320523877785,0.4716173593082658,-0.2441515937133662,1.6,-18.482887657709483,-2.0821045842575585,-2.033221186598425,-1.4690447822178134,-0.5322630643339981,0.16035436386771007,0.27721756670951625,0.20266127938848155,0.4885995418234211,0.9982820087060891,0.9235159845195032,-0.2041475338332732,-1.7143332179523063,-2.2784112299262382,-1.21662403673042,0.8894179541241188,1.2174786897706493,1.0338530133685315,1.0017437292191804,0.991414198095272,0.9879982626834416,0.2917638137164494,-0.18799123721969055,0.0,26.882226378017336,-1.824847083811244,1.2506484549646721,3.1191898569662637,2.6367775050371924,1.1340559389617488,0.4514280726900393,0.7935787287185643,0.9410403476491024,0.1727312218627235,-0.7973360082725043,-0.9790929452042748,-0.5778971373923509,-0.6897938990029512,-1.6930210197888953,-2.3785335715632963,-0.4727914990626807,-0.06572696085992248,0.056176058594007705,0.1162551650799436,0.14219309366309416,0.006965300854792124,-0.06824938940892504,0.0,27.85490066657262,0.0806274033438692,0.08061361375965026,0.08058878893643451,0.08054974348772781,0.08049101841358985,0.08040343246190408,0.0802712825853884,0.08006669149448897,0.07973742174589983,0.07917819144115301,0.0781545970420151,0.07606285769076238,0.0709131297789799,0.05188517240796386,-0.10605326403471348,-0.3990687217707921,-0.3042062419281365,-0.255243366658623,-0.2309078185067531,-0.22036296332144006,0.004703149877589039,-0.05864102588192805,0.0,32.310165956808675,0.08359905370239096,0.08339992631340865,0.08305502168528589,0.08254293912148469,0.08182950489848251,0.08086220813397582,0.07956042806896013,0.07779774636143744,0.07536817228196913,0.07191657547501817,0.06677962674349691,0.05856251077626806,0.043689328071630174,0.00826063758436646,-0.15893337541931096,-0.36540648259231134,-0.2737133491736451,-0.2317297480926418,-0.21085418397331984,-0.20175082067688202,0.002566342545601629,-0.07883098481478104,1.6,-87.8883754363176,0.20429633523255572,0.2043223770517777,0.20436748283361167,0.2044344505362208,0.20452774922917527,0.20465424914478447,0.2048245065651475,0.20505509698247915,0.20537309406385607,0.2058253801370329,0.2065003249644617,0.2075883017766591,0.20962620283638198,0.21571353436216206,0.27936625821701,0.4668619081987204,0.4468890625102302,0.4297053964380853,0.42007045242104096,0.4156473343324518,0.4331813924248148,-0.16747834938192746,0.4,-373.5229958215739,-24.136323655476275,-102.505003999588,7.964777531384485,19.35364755273946,-23.121514281158603,-32.595544967546104,9.765338957676788,-12.718049781354823,2.932131853548878,-17.860936196158505,5.909276293906952,2.6320121781505708,8.549147885166665,-0.4254838387470032,9.466016292762491,13.388411298953075,11.975597287738815,11.388487196610384,11.110035819233838,10.991425951406157,0.002164753894554788,0.02245588852801763,0.0,1799.8496370972412,-10.90619778083436,-3.5967964231574,-7.257093407735398,-6.5384948300718975,5.241660302273658,-1.1051733474027972,0.4301637161926948,-4.296752273453252,1.7419848618720195,-4.487855619089544,-2.2270762703029163,-3.0342735939528467,0.7527065571702636,-1.163721546138781,-3.3005319685785888,2.629206254776051,6.300281202058231,7.739905850399706,8.500326942844108,8.841139962882199,0.3684144166131885,-1.0033450841817293,0.5,-218.42072163627358,-30.551676667631227,5.629851171534612,-30.878327300714478,-2.229794823040006,13.33967581486834,7.7226549670175215,10.128182307602618,9.4745973757955,2.2172344366632477,3.1224367427582886,-2.3562134406072666,1.9532730918474812,6.793996527303062,8.59285493962102,5.517482425259912,10.304393442573764,11.533647088166935,11.875363211115086,12.055734828156295,12.137159000242127,4
2022-06-08 16:47:05.975446500,0.04837225534852083,-0.10922701034031672,0.1487136300175143,0.1369124544298171,0.0688435623926443,-0.011088174759574104,0,0,0,0,1,682.02,6.773197123631419,-39.904305017679725,-23.514374869602694,0.1235456103631266,0.3660514918885553,0.561981533378719,0.12568963856726156,0.3889007612115877,-0.01911984637367554,-0.042923671739498,0.238654170464774,0.05685670441318276,-1.3739102406380963,0.4050791417378348,0.3648242025308916,0.5358726473801788,-0.02362179497774734,148.36620312500747,-14.231835965509694,40.75678170558541,-3.662592894477976,0.030496707233301844,-0.19605431377323804,0.013972844308019846,0.0645951994971724,-0.09925417797501462,0.004440722968318822,0.0004046995600382853,0.11072901033599243,1.0308737477929244,0.8524122078033796,0.3755218544978704,0.2668531268228107,0.2251523894188256,1.1514489328222803,153.49721068833,4.19550608888669,11.770908984568058,4.368182907383397,0.05205323294557124,0.08752003468188647,0.09333558260160264,0.04075531938494925,0.067979263572461,0.0930410769177089,0.0777651002580241,0.0940937725646947,0,0,0,0,1,0,0,0,0,0,0,0,0,1,1.3783174522110413,0.3312002095534685,1.3,-17.850990790401198,1.0361894306745536,-2.343621608465781,2.585114057588263,-2.7336004677393655,-0.41836542896841866,2.8372288871440263,-1.6858607202236446,-3.2257774042026734,4.2552835616942515,-1.1874981322260476,-4.935669046731878,2.4498486042155494,4.360881367843193,-7.5597576236514685,0.5933248517846176,0.22390998729533815,-0.16755450516546375,-0.21995985178109406,-0.24250157941127826,-0.2512211502775724,1.0655598675297298,0.20085611387980476,0.2,-17.747113799816155,1.1283575347143044,4.891666074377985,-3.1253318868652435,-2.9940526719539178,1.9619114092364895,1.6971956884130668,-2.009781237186174,-1.4030033636136805,1.033007471135778,1.92328219786131,-2.1699485640922798,-3.2623876074127582,3.922374863819365,-1.3649140984844914,-0.2910947903127621,-0.07457265119659258,-0.16600253224509812,-0.1812836210246045,-0.18805673275066748,-0.1908117954756481,0.7706309125148209,0.2451224400936677,0.0,18.44491299051116,-0.8518135172461982,0.3610290760740837,0.98213004575873,0.268517104240245,-1.3186118370153748,2.6797665193044646,0.7844233541900798,-1.939725909744008,0.1945082809621348,3.5315591481707056,-1.8532453297927964,-1.6486881644262896,2.9576576267370607,3.2794171552738467,-2.932377294935847,0.16778791332627113,0.17285046572204238,0.20331375293270013,0.22073240834610544,0.2282899547470201,0.2829424879401108,0.2295262740600385,0.0,21.61368799878527,-3.7751945547406636,0.7333148848181252,1.471029550046079,-0.30358983415749385,-0.2529909608439591,1.2642972101698358,1.0171546310434914,-0.4725365661141054,-0.22315134309885432,1.233167328950603,0.9569775664890632,-0.6353576270963273,-0.5900723286631436,0.8919022786190297,0.6693002202625821,0.032458499021071015,0.19603440033654268,0.23154695360483785,0.2460410116529337,0.25178651537404984,0.3831590464963596,0.2708066288406509,0.0,23.430461976566058,-5.2069548375366566,1.3793244340351325,2.5873428374504224,-0.21376672683756487,-0.7174014958822466,1.3616878565941246,1.5646628988941207,-0.3576077404037712,-0.6688618762250511,0.9042732763764378,1.1272496648832,-0.2385787435910585,-0.3376988723138328,0.9005010502466487,0.6495673686939095,0.2087624478501694,0.3093088099200352,0.32302014662995704,0.3283966250921391,0.33051964047645704,0.2288750774516625,0.2562108035024988,0.1,-72.09579022279372,14.415303068954625,0.8914489879752825,-4.816320767263539,-1.6795270592370732,1.1222313516201543,-0.4131457055955421,-2.0304912561188657,-1.1228469599328736,-0.3791734197854435,-1.3261564193919435,-1.737031632762491,-0.6626039950122062,-0.2075545925547353,-1.1268064545270922,-1.3969863034817949,-0.9765472232847116,-1.0109387744983056,-1.0137664824818486,-1.014197497892451,-1.0142545852377014,1.1019950722963323,0.5125247165551239,0.2,-242.45817550481084,-40.181094320584734,134.798989531208,-75.6431661361581,-27.72414211335649,-4.88769221000592,20.575300028132986,-24.49058257402121,-27.578832142205282,6.706589803895756,0.6252574369298114,-26.48380203916562,-7.040142069549166,-0.2541311996996933,-12.974972489217055,-16.170375265110366,-8.793769296407714,-9.736208335720953,-9.817850851286991,-9.842280229161224,-9.850206315055571,0.9049738070498844,0.6249916810297739,0.0,936.0959829464107,-503.28303273314896,92.15708493950072,201.71853440326225,-7.562383056058736,-33.18883154302904,90.52143823957373,78.9484264638649,-4.152817730589106,26.006410734850913,82.42125597605124,40.04920513767832,14.484534004800167,48.05217435724205,63.00733788041165,32.66049016805945,40.0707740202161,41.0766307234293,41.295821811226475,41.39869682425483,41.44071974436667,0.29256445101428136,-0.7558934177834079,0.2,-514.0736543910918,-50.86025459473402,72.34068353960497,40.20116109473744,-18.73769423085291,-7.463504555949327,31.217816868728754,18.680057200965,-10.002353158544773,13.087198954345627,28.724612141309983,-2.2641746219938685,8.1916661911854,20.407934495258864,15.605950337958925,2.2142341402775862,10.790436298912523,10.371357193918348,10.318092294003232,10.31119063955544,10.310312381022845,2
